Citation No,Department,Status,Open Date,Citation Date,Status Date,Citation Amount,Disposition Code,Disposition Date,Violation Code,Violation Description
2Z39905315,Animal Control and Humane Treatment,Open,10/04/2014,09/10/2014,10/04/2014,500.00,Guilty,12/09/2014,5-402-a,Vaccinate the animal and provide proof of vaccination to the MC Animal Services Division
1Z36226051,Department of Housing and Community Affairs,Open,12/19/2019,11/26/2019,12/19/2019,500.00,,,26-9(a)(1),Failure to maintain item/structure in good repair.
1Z36214795,Department of Housing and Community Affairs,Open,06/19/2015,06/17/2015,11/04/2015,500.00,Abatement Order entered,10/20/2015,26-9(b)(5),"Failure to maintain grounds: free of erosion or gullying; grass or weeds over 12 inches high; and/or shrubbery, trees, vines, hedges, and other vegetation, including dead trees and branches."
5Z36213371,Department of Housing and Community Affairs,Closed,08/19/2014,08/12/2014,05/04/2020,500.00,Abatement Order Compliance,,26-9(a)(1),Failure to maintain item/structure in good repair.
0Z36215851,Department of Housing and Community Affairs,Open,12/10/2015,12/04/2015,12/10/2015,500.00,Abatement Order entered,05/10/2016,26-9(a)(2),"Failure to maintain door, window, and/or hatchway in sound working condition."
5Z39895945,Animal Control and Humane Treatment,Open,06/09/2015,05/12/2015,06/09/2015,500.00,Guilty,08/11/2015,5-203-C,Prevent the animal from having unwanted contact with a person or another domesticated animal at all times.
1Z36212793,Department of Housing and Community Affairs,Open,04/25/2014,04/16/2014,04/25/2014,500.00,Abatement Order entered,07/22/2014,29-16(a),Operating a rental facility without first obtaining a rental facility license.
3Z39905610,Animal Control and Humane Treatment,Open,06/02/2016,05/25/2016,06/02/2016,100.00,Abatement Order entered,08/09/2016,5-203-A-1,Prevent the animal other than an altered cat to be at large
5Z36215338,Department of Housing and Community Affairs,Open,10/23/2015,10/13/2015,10/23/2015,500.00,Abatement Order entered,03/29/2016,26-9(a)(9),"Failure to exterminate insects, rodents, or other vermin."
0Z39905306,Animal Control and Humane Treatment,Open,07/03/2014,06/22/2014,07/03/2014,100.00,Default Judgment,12/09/2014,5-203-A-1,Prevent the animal other than an altered cat to be at large
5Z40860265,Washington Metro. and Transit Auth. Police,Closed,08/16/2019,08/02/2019,04/08/2020,50.00,Default Judgment,11/12/2019,54-A-2-9,Cease entering or leaving a fare-paid area of a rail transport station without paying the fare or presenting a valid transfer
6Z36213365,Department of Housing and Community Affairs,Closed,08/19/2014,08/12/2014,05/04/2020,500.00,Abatement Order Compliance,11/25/2014,26-9(a)(1),Failure to maintain item/structure in good repair.
1Z36216818,Department of Housing and Community Affairs,Open,09/01/2016,08/16/2016,09/01/2016,500.00,Abatement Order entered,11/29/2016,26-9(a)(1),Failure to maintain item/structure in good repair.
4Z36224857,Department of Housing and Community Affairs,Open,10/11/2019,10/02/2019,10/11/2019,500.00,Dismiss without prejudice,02/25/2020,26-9(c)(5),Failure to maintain floor covering in good repair and sanitary condition.
1Z39896004,Animal Control and Humane Treatment,Open,09/02/2015,08/30/2015,09/02/2015,100.00,Abatement Order entered,11/10/2015,5-203-A-1,Prevent the animal other than an altered cat to be at large
4Z36213972,Department of Housing and Community Affairs,Open,12/19/2014,12/11/2014,12/19/2014,500.00,Abatement Order entered,02/24/2015,26-9(b)(5),"Failure to maintain grounds: free of erosion or gullying; grass or weeds over 12 inches high; and/or shrubbery, trees, vines, hedges, and other vegetation, including dead trees and branches."
4Z36215848,Department of Housing and Community Affairs,Open,12/10/2015,12/04/2015,12/10/2015,500.00,Abatement Order entered,05/10/2016,26-9(a)(4),Failure to maintain supplied facility in satisfactory working condition.
4Z40854356,Washington Metro. and Transit Auth. Police,Closed,05/28/2019,05/14/2019,04/08/2020,50.00,Default Judgment,08/13/2019,54-A-2-9,Cease entering or leaving a fare-paid area of a rail transport station without paying the fare or presenting a valid transfer
0Z40855227,Washington Metro. and Transit Auth. Police,Closed,04/15/2019,03/26/2019,04/08/2020,50.00,Default Judgment,06/11/2019,54-A-2-9,Cease entering or leaving a fare-paid area of a rail transport station without paying the fare or presenting a valid transfer
2Z39905119,Animal Control and Humane Treatment,Open,07/03/2014,06/20/2014,07/03/2014,750.00,Abatement Order entered,12/09/2014,5-203-C,Prevent the animal from having unwanted contact with a person or another domesticated animal at all times.
0Z36216075,Department of Housing and Community Affairs,Open,02/05/2016,01/20/2016,02/05/2016,500.00,Abatement Order entered,04/26/2016,26-9(a)(1),Failure to maintain item/structure in good repair.
4Z42126235,Animal Control and Humane Treatment,Open,04/17/2020,04/11/2020,04/17/2020,100.00,,,5-203-A-1,Prevent the animal other than an altered cat to be at large
6Z39904591,Animal Control and Humane Treatment,Open,03/20/2014,12/19/2013,03/20/2014,100.00,Abatement Order entered,05/13/2014,5-203-A-1,Prevent the animal other than an altered cat to be at large
2Z39887010,Animal Control and Humane Treatment,Open,03/09/2013,02/15/2013,03/09/2013,500.00,Abatement Order entered,04/09/2013,5-203-C,Prevent the animal from having unwanted contact with a person or another domesticated animal at all times.
0Z39895492,Animal Control and Humane Treatment,Open,02/23/2016,01/27/2016,02/23/2016,500.00,Abatement Order entered,04/12/2016,5-203-C,Prevent the animal from having unwanted contact with a person or another domesticated animal at all times.
3Z39896195,Animal Control and Humane Treatment,Open,10/15/2017,09/17/2017,10/15/2017,500.00,,12/12/2017,5-301-e,interference with the enforcement of an AC law
4Z36214749,Department of Housing and Community Affairs,Open,06/19/2015,06/10/2015,06/19/2015,500.00,Show Cause Order Withdrawn,11/10/2015,26-9(b)(3),"Failure to maintain exterior surfaces free of flaking, peeling or loose paint and free of water seepage and against decay."
1Z36214858,Department of Housing and Community Affairs,Open,07/10/2015,07/02/2015,07/10/2015,500.00,Abatement Order entered,09/29/2015,26-9(a)(12),Failure to eliminate public nuisance.
1Z39891881,Department of Permitting Services,Open,01/13/2016,12/09/2015,01/13/2016,500.00,Abatement Order entered,03/15/2016,8-24-a,Comply with the NOV requiring permits and inspections for large additions to the home
5Z36210914,Department of Housing and Community Affairs,Open,05/10/2013,04/24/2013,05/10/2013,500.00,Show Cause Order Withdrawn,09/10/2013,26-9(a)(1),Failure to maintain item/structure in good repair.
3Z41782458,Board of License Commissioners,Open,10/25/2018,10/13/2018,10/25/2018,1000.00,,,24-11-B(1)(i),"Did or did offer to deliver, dispense, issue, give away or sell a tobacco product to a minor"
4Z36226355,Department of Housing and Community Affairs,Open,12/19/2019,12/06/2019,12/19/2019,500.00,,03/31/2020,26-9(a)(12),Failure to eliminate public nuisance.
2Z39906932,Office of Consumer Protection,Open,06/27/2014,06/21/2014,09/29/2015,500.00,Abatement Order entered,10/21/2014,11-4-e,misrepresentation of a material fact that has a tendency to mislead
0Z40952632,Department of Permitting Services,Open,10/07/2015,09/22/2015,10/07/2015,500.00,Abatement Order entered,12/15/2015,59-6-7-4(F),Posting signs in public right-of-way
4Z40851262,Washington Metro. and Transit Auth. Police,Closed,09/10/2019,09/02/2019,04/08/2020,50.00,Default Judgment,11/12/2019,54-A-2-9,Cease entering or leaving a fare-paid area of a rail transport station without paying the fare or presenting a valid transfer
4Z40852452,Washington Metro. and Transit Auth. Police,Open,03/31/2016,03/17/2016,03/31/2016,100.00,,,5-601,Possession of marijuana less than 10 grams
3Z36214797,Department of Housing and Community Affairs,Open,06/19/2015,06/17/2015,11/04/2015,500.00,Abatement Order entered,10/20/2015,26-8(b)(1),Failure to provide working smoke detector.
0Z39905453,Animal Control and Humane Treatment,Open,07/12/2015,06/30/2015,07/12/2015,500.00,Abatement Order entered,09/08/2015,5-203-C,Prevent the animal from having unwanted contact with a person or another domesticated animal at all times.
1Z40616899,Washington Metro. and Transit Auth. Police,Open,01/12/2015,12/31/2014,01/12/2015,50.00,,,54-A-2-9,Cease entering or leaving a fare-paid area of a rail transport station without paying the fare or presenting a valid transfer
4Z36216443,Department of Housing and Community Affairs,Open,05/20/2016,05/02/2016,05/20/2016,500.00,Abatement Order entered,07/26/2016,26-6(a),Failure to maintain electrical service in good safe working condition.
3Z36214937,Department of Housing and Community Affairs,Open,08/27/2015,08/18/2015,08/27/2015,500.00,Abatement Order entered,10/27/2015,26-9(b)(3),"Failure to maintain exterior surfaces free of flaking, peeling or loose paint and free of water seepage and against decay."
2Z39905434,Animal Control and Humane Treatment,Open,06/04/2014,05/17/2014,06/04/2014,100.00,Abatement Order entered,09/09/2014,5-203-A-1,Prevent the animal other than an altered cat to be at large
2Z36213088,Department of Housing and Community Affairs,Open,06/20/2014,06/11/2014,06/20/2014,500.00,Abatement Order entered,09/23/2014,26-9(a)(2),"Failure to maintain door, window, and/or hatchway in sound working condition."
6Z33918352,Department of Permitting Services,Open,08/29/2014,08/26/2014,08/29/2014,500.00,,,59-c-6.22,conducting prostitution in an unpermitted zone
4Z36222526,Department of Housing and Community Affairs,Closed,02/06/2019,01/28/2019,04/07/2020,500.00,Satisfaction,04/23/2019,26-9(a)(1),Failure to maintain item/structure in good repair.
5Z39595973,ANIMAL SERVICES DIVISION,Open,04/01/2015,03/26/2015,04/01/2015,500.00,,,5-203-C,Prevent the animal from having unwanted contact with a person or another domesticated animal at all times.
3Z36214790,Department of Housing and Community Affairs,Open,06/19/2015,06/17/2015,11/04/2015,500.00,Abatement Order entered,10/20/2015,26-9(a)(13),"Failure to remove, repair, and/or register unused vehicle"
3Z39911959,Department of Environmental Protection/Solid Waste,Open,11/07/2019,10/29/2019,11/07/2019,500.00,Default Judgment,01/21/2020,48-20-a,Obtain a collector's/haulers valid tag for the vehicle before transporting or collecting solid waste within Montgomery County
4Z36213846,Department of Housing and Community Affairs,Open,11/08/2014,10/31/2014,11/08/2014,500.00,Abatement Order entered,02/24/2015,26-9(a)(1),Failure to maintain item/structure in good repair.
0Z42209020,Animal Control and Humane Treatment,Open,09/05/2019,08/30/2019,09/05/2019,150.00,,11/12/2019,5-203-A-1,Prevent the animal other than an altered cat to be at large
3Z39905078,Animal Control and Humane Treatment,Open,02/22/2014,02/03/2014,02/22/2014,100.00,Abatement Order entered,04/08/2014,5-203-A-6,Prevent the animal from creating or causing noise that is loud and persistent enough to disturb another person's quiet enjoyment.
0Z36215865,Department of Housing and Community Affairs,Open,12/10/2015,12/04/2015,12/10/2015,500.00,Abatement Order entered,05/10/2016,26-9(a)(1),Failure to maintain item/structure in good repair.
0Z36212673,Department of Housing and Community Affairs,Open,04/01/2014,03/19/2014,04/01/2014,500.00,Abatement Order entered,06/24/2014,26-9(b)(3),"Failure to maintain exterior surfaces free of flaking, peeling or loose paint and free of water seepage and against decay."
2Z36218478,Department of Housing and Community Affairs,Open,07/06/2017,06/26/2017,07/06/2017,500.00,Abatement Order entered,10/31/2017,26-9(a)(13),"Failure to remove, repair, and/or register unused vehicle"
4Z36214504,Department of Housing and Community Affairs,Open,04/07/2015,03/31/2015,07/17/2015,500.00,Abatement Order entered,06/23/2015,26-9(a)(8),"Accumulating garbage or rubbish outside of approved storage container, garage or building."
3Z39905435,Animal Control and Humane Treatment,Open,06/04/2014,05/17/2014,06/04/2014,500.00,Abatement Order entered,09/09/2014,5-203-C,Prevent the animal from having unwanted contact with a person or another domesticated animal at all times.
1Z39904754,Animal Control and Humane Treatment,Open,01/03/2014,12/26/2013,01/03/2014,500.00,Dismiss with prejudice,03/11/2014,5-402-a,Vaccinate the animal and provide proof of vaccination to the MC Animal Services Division
1Z36213710,Department of Housing and Community Affairs,Open,10/17/2014,10/14/2014,10/17/2014,500.00,Abatement Order entered,03/24/2015,26-9(a)(1),Failure to maintain item/structure in good repair.
5Z39895476,Animal Control and Humane Treatment,Open,08/31/2015,08/23/2015,08/31/2015,100.00,Guilty,11/10/2015,5-203-A-1,Prevent the animal other than an altered cat to be at large
1Z42209119,Animal Control and Humane Treatment,Open,10/28/2019,10/22/2019,10/28/2019,500.00,,02/11/2020,5-402-C,"An owner must vaccinate a cat, dog, or ferret older than 4 months of age against rabies and provide proof of the most recent vaccination to an animal control officer within 24 hours."
2Z36213928,Department of Housing and Community Affairs,Open,11/25/2014,11/21/2014,11/25/2014,500.00,Abatement Order entered,02/24/2015,26-9(a)(8),"Accumulating garbage or rubbish outside of approved storage container, garage or building."
6Z36215885,Department of Housing and Community Affairs,Open,12/10/2015,12/04/2015,12/10/2015,500.00,Abatement Order entered,05/10/2016,26-9(a)(13),"Failure to remove, repair, and/or register unused vehicle"
0Z39889710,Department of Environmental Protection,Open,04/18/2015,04/07/2015,04/18/2015,500.00,Abatement Order entered,06/30/2015,31-B-6-b & c,"PREVENT A LOUD CONSTRUCTION ACTIVITY WHICH CREATES A NOISE DISTURBANCE THAT WAS UNPLEASANT, ANNOYING, OFFENSIVE, LOUD OR OBNOXIOUS AND WAS UNUSUAL FOR THE TIME OF THE DAY THAT IT WAS PRODUCED"
4Z39905450,Animal Control and Humane Treatment,Open,12/30/2014,12/22/2014,12/30/2014,100.00,Guilty,03/10/2015,5-203-a-9,Obtain and provide proof that an animal is licensed in Montgomery County
4Z36223471,Department of Housing and Community Affairs,Open,05/22/2019,05/14/2019,05/22/2019,500.00,Abatement Order entered,11/26/2019,26-9(a)(8),"Accumulating garbage or rubbish outside of approved storage container, garage or building."
6Z40854190,Washington Metro. and Transit Auth. Police,Closed,05/01/2019,01/23/2019,04/08/2020,50.00,Default Judgment,07/09/2019,54-A-2-9,Cease entering or leaving a fare-paid area of a rail transport station without paying the fare or presenting a valid transfer
5Z39911415,Department of Environmental Protection-Solid Waste,Open,08/31/2015,08/25/2015,08/31/2015,50.00,,,48-22,cease dellivering solid waste into MC from another state
5Z36212062,Department of Housing and Community Affairs,Open,10/04/2013,09/25/2013,10/04/2013,500.00,Abatement Order entered,12/17/2013,26-9(b)(5),"Failure to maintain grounds: free of erosion or gullying; grass or weeds over 12 inches high; and/or shrubbery, trees, vines, hedges, and other vegetation, including dead trees and branches."
1Z36226331,Department of Housing and Community Affairs,Open,12/19/2019,12/06/2019,12/19/2019,500.00,,03/31/2020,26-9(a)(12),Failure to eliminate public nuisance.
4Z39895825,Animal Control and Humane Treatment,Open,05/05/2016,04/26/2016,05/05/2016,100.00,Abatement Order entered,07/12/2016,5-203-a-3,Prevent an animal from entering a private property without the property owners's permission
3Z36216820,Department of Housing and Community Affairs,Open,09/01/2016,08/16/2016,09/01/2016,500.00,Abatement Order entered,11/29/2016,26-9(a)(1),Failure to maintain item/structure in good repair.
2Z39904559,Animal Control and Humane Treatment,Open,03/16/2014,01/24/2014,03/16/2014,100.00,,,5-203-A-6,Prevent the animal from creating or causing noise that is loud and persistent enough to disturb another person's quiet enjoyment.
3Z36216134,Department of Housing and Community Affairs,Open,02/26/2016,02/17/2016,02/26/2016,500.00,Abatement Order entered,05/24/2016,26-9(a)(13),"Failure to remove, repair, and/or register unused vehicle"
5Z36216444,Department of Housing and Community Affairs,Open,05/20/2016,05/02/2016,05/20/2016,500.00,Abatement Order entered,07/26/2016,26-6(a),Failure to maintain electrical service in good safe working condition.
5Z36213091,Department of Housing and Community Affairs,Open,06/20/2014,06/11/2014,06/20/2014,500.00,Abatement Order entered,09/23/2014,26-9(a)(2),"Failure to maintain door, window, and/or hatchway in sound working condition."
2Z40855950,Washington Metro. and Transit Auth. Police,Closed,03/15/2019,02/25/2019,04/08/2020,50.00,Default Judgment,06/11/2019,54-A-2-9,Cease entering or leaving a fare-paid area of a rail transport station without paying the fare or presenting a valid transfer
6Z36212672,Department of Housing and Community Affairs,Open,04/01/2014,03/19/2014,04/01/2014,500.00,Abatement Order entered,06/24/2014,26-9(a)(2),"Failure to maintain door, window, and/or hatchway in sound working condition."
4Z36224059,Department of Housing and Community Affairs,Open,07/11/2019,06/27/2019,07/11/2019,500.00,Abatement Order entered,10/22/2019,26-9(a)(2),"Failure to maintain door, window, and/or hatchway in sound working condition."
2Z40985121,Animal Control and Humane Treatment,Open,12/30/2015,12/15/2015,12/30/2015,100.00,Abatement Order entered,02/09/2016,5-203-A-6,Prevent the animal from creating or causing noise that is loud and persistent enough to disturb another person's quiet enjoyment.
6Z39905060,Animal Control and Humane Treatment,Open,05/03/2014,04/12/2014,05/03/2014,100.00,Abatement Order entered,07/08/2014,5-203-a-3,Prevent an animal from entering a private property without the property owners's permission
2Z36213291,Department of Housing and Community Affairs,Open,10/17/2014,10/09/2014,10/17/2014,500.00,Abatement Order entered,12/23/2014,26-9(a)(8),"Accumulating garbage or rubbish outside of approved storage container, garage or building."
6Z40616386,Washington Metro. and Transit Auth. Police,Open,12/17/2019,12/07/2019,12/17/2019,50.00,,02/11/2020,54-A-2-9,Cease entering or leaving a fare-paid area of a rail transport station without paying the fare or presenting a valid transfer
6Z36213078,Department of Housing and Community Affairs,Closed,06/20/2014,06/11/2014,05/04/2020,500.00,Paid and Satisfied,,26-9(c)(5),Failure to maintain floor covering in good repair and sanitary condition.
5Z36214939,Department of Housing and Community Affairs,Open,08/27/2015,08/18/2015,08/27/2015,500.00,Abatement Order entered,10/27/2015,26-9(b)(3),"Failure to maintain exterior surfaces free of flaking, peeling or loose paint and free of water seepage and against decay."
0Z36224853,Department of Housing and Community Affairs,Open,10/11/2019,10/02/2019,10/11/2019,500.00,Abatement Order entered,02/25/2020,26-9(a)(8),"Accumulating garbage or rubbish outside of approved storage container, garage or building."
6Z39895736,Animal Control and Humane Treatment,Open,12/30/2015,12/26/2015,12/30/2015,100.00,Abatement Order entered,02/09/2016,5-203-A-1,Prevent the animal other than an altered cat to be at large
4Z36215890,Department of Housing and Community Affairs,Open,12/10/2015,12/04/2015,12/10/2015,500.00,Abatement Order entered,05/10/2016,26-9(a)(13),"Failure to remove, repair, and/or register unused vehicle"
6Z40854134,Washington Metro. and Transit Auth. Police,Closed,11/20/2018,10/03/2018,04/08/2020,50.00,Default Judgment,01/08/2019,54-A-2-9,Cease entering or leaving a fare-paid area of a rail transport station without paying the fare or presenting a valid transfer
1Z39896011,Animal Control and Humane Treatment,Open,12/03/2015,,12/10/2015,100.00,Abatement Order entered,01/12/2016,5-203-A-1,Prevent the animal other than an altered cat to be at large
0Z33918332,Department of Permitting Services,Open,10/12/2014,09/26/2014,10/12/2014,500.00,Abatement Order entered,01/13/2015,59-A-3.21,Cease the operation on the property and obtain a Use and Occupancy permit
5Z33918379,Department of Permitting Services,Open,11/16/2014,03/18/2014,11/16/2014,500.00,,03/31/2015,59-c-1.31,Parking vehicles on an RE residentially zoned property
0Z40850600,Washington Metro. and Transit Auth. Police,Closed,07/17/2019,07/09/2019,04/08/2020,50.00,Default Judgment,09/10/2019,54-A-2-9,Cease entering or leaving a fare-paid area of a rail transport station without paying the fare or presenting a valid transfer
3Z36214748,Department of Housing and Community Affairs,Open,06/19/2015,06/10/2015,06/19/2015,500.00,Show Cause Order Withdrawn,11/10/2015,26-9(a)(1),Failure to maintain item/structure in good repair.
5Z39896043,Animal Control and Humane Treatment,Open,06/12/2015,06/07/2015,06/12/2015,500.00,Abatement Order entered,09/08/2015,5-203-C,Prevent the animal from having unwanted contact with a person or another domesticated animal at all times.
4Z36212663,Department of Housing and Community Affairs,Open,03/21/2014,03/13/2014,03/21/2014,500.00,Abatement Order entered,05/27/2014,26-9(b)(3),"Failure to maintain exterior surfaces free of flaking, peeling or loose paint and free of water seepage and against decay."
3Z36218514,Department of Housing and Community Affairs,Open,07/13/2017,07/10/2017,07/13/2017,500.00,Abatement Order entered,10/24/2017,26-9(a)(8),"Accumulating garbage or rubbish outside of approved storage container, garage or building."
1Z36225505,Department of Housing and Community Affairs,Open,11/15/2019,11/05/2019,11/15/2019,500.00,Stet Docket,02/18/2020,26-9(a)(4),Failure to maintain supplied facility in satisfactory working condition.
2Z36214754,Department of Housing and Community Affairs,Open,06/19/2015,06/10/2015,06/19/2015,500.00,Show Cause Order Withdrawn,11/10/2015,26-9(a)(4),Failure to maintain supplied facility in satisfactory working condition.
2Z36226605,Department of Housing and Community Affairs,Open,01/16/2020,01/10/2020,01/16/2020,500.00,,,26-9(a)(4),Failure to maintain supplied facility in satisfactory working condition.
6Z36216137,Department of Housing and Community Affairs,Open,02/26/2016,02/17/2016,02/26/2016,500.00,Abatement Order entered,05/24/2016,26-9(a)(13),"Failure to remove, repair, and/or register unused vehicle"
1Z39910172,Department of Environmental Protection,Open,06/04/2014,05/22/2014,06/04/2014,100.00,Default Judgment,09/30/2014,48-05-03-d,Cease delivering solid waste that is acceptable for recycling
3Z36226711,Department of Housing and Community Affairs,Open,02/07/2020,01/29/2020,02/07/2020,500.00,,,26-9(a)(8),"Accumulating garbage or rubbish outside of approved storage container, garage or building."
5Z36215996,Department of Housing and Community Affairs,Open,01/08/2016,12/31/2015,01/08/2016,500.00,Abatement Order entered,06/28/2016,26-9(a)(2),"Failure to maintain door, window, and/or hatchway in sound working condition."
6Z36226917,Department of Housing and Community Affairs,Open,01/21/2020,02/18/2020,01/21/2020,500.00,,,26-9(a)(13),"Failure to remove, repair, and/or register unused vehicle"
2Z39595704,ANIMAL SERVICES DIVISION,Open,01/31/2015,01/14/2015,01/31/2015,500.00,,,5-203-C,Prevent the animal from having unwanted contact with a person or another domesticated animal at all times.
5Z36213707,Department of Housing and Community Affairs,Open,10/17/2014,10/14/2014,10/17/2014,500.00,Abatement Order entered,03/24/2015,26-9(a)(4),Failure to maintain supplied facility in satisfactory working condition.
3Z39895824,Animal Control and Humane Treatment,Open,05/05/2016,04/26/2016,05/05/2016,500.00,Abatement Order entered,07/12/2016,5-203-C,Prevent the animal from having unwanted contact with a person or another domesticated animal at all times.
6Z36214996,Department of Housing and Community Affairs,Open,09/18/2015,09/03/2015,09/18/2015,500.00,Status Hearing,10/29/2019,26-9(a)(1),Failure to maintain item/structure in good repair.
4Z39904995,Animal Control and Humane Treatment,Open,01/28/2014,01/18/2014,01/28/2014,100.00,,,5-203-A-6,Prevent the animal from creating or causing noise that is loud and persistent enough to disturb another person's quiet enjoyment.
1Z36211155,Department of Housing and Community Affairs,Open,06/17/2013,06/11/2013,06/17/2013,500.00,Guilty,08/27/2013,26-9(a)(13),"Failure to remove, repair, and/or register unused vehicle"
1Z39905083,Animal Control and Humane Treatment,Open,02/22/2014,01/12/2014,02/22/2014,500.00,Abatement Order entered,05/13/2014,5-203-C,Prevent the animal from having unwanted contact with a person or another domesticated animal at all times.
2Z36225037,Department of Housing and Community Affairs,Open,11/01/2019,10/22/2019,11/01/2019,500.00,,03/24/2020,26-9(a)(2),"Failure to maintain door, window, and/or hatchway in sound working condition."
3Z36213719,Department of Housing and Community Affairs,Open,10/17/2014,10/14/2014,10/17/2014,500.00,Abatement Order entered,03/24/2015,26-9(a)(1),Failure to maintain item/structure in good repair.
2Z36213641,Department of Housing and Community Affairs,Open,10/11/2014,10/07/2014,10/11/2014,500.00,Abatement Order entered,12/23/2014,26-9(a)(1),Failure to maintain item/structure in good repair.
6Z36227029,Department of Housing and Community Affairs,Open,03/23/2020,03/03/2020,03/23/2020,500.00,,,26-9(a)(1),Failure to maintain item/structure in good repair.
3Z36213943,Department of Housing and Community Affairs,Open,12/05/2014,11/26/2014,12/05/2014,500.00,Abatement Order entered,02/24/2015,26-9(a)(8),"Accumulating garbage or rubbish outside of approved storage container, garage or building."
2Z36226444,Department of Housing and Community Affairs,Open,12/19/2019,12/12/2019,12/19/2019,500.00,,,26-9(a)(8),"Accumulating garbage or rubbish outside of approved storage container, garage or building."
4Z34013928,Health and Human Services,Open,10/04/2014,09/26/2014,06/11/2015,500.00,Abatement Order entered,12/16/2014,10-15-03-20-,openings into the buildings not being protected against insects and rodents from entering the building; doors are not tight fitting or self closing
0Z39905313,Animal Control and Humane Treatment,Open,09/01/2014,08/22/2014,09/01/2014,100.00,Guilty,12/09/2014,5-203-A-1,Prevent the animal other than an altered cat to be at large
0Z36216495,Department of Housing and Community Affairs,Open,05/20/2016,05/12/2016,05/20/2016,500.00,Abatement Order entered,07/26/2016,26-9(c)(5),Failure to maintain floor covering in good repair and sanitary condition.
0Z36214794,Department of Housing and Community Affairs,Open,06/19/2015,06/17/2015,11/04/2015,500.00,Abatement Order entered,10/20/2015,26-5(a),Failure to eliminate overcrowding.
5Z36215842,Department of Housing and Community Affairs,Open,12/10/2015,12/04/2015,12/10/2015,500.00,Abatement Order entered,05/10/2016,26-9(a)(13),"Failure to remove, repair, and/or register unused vehicle"
4Z36211662,Department of Housing and Community Affairs,Open,09/12/2013,08/29/2013,09/12/2013,500.00,Abatement Order entered,11/26/2013,26-9(a)(2),"Failure to maintain door, window, and/or hatchway in sound working condition."
5Z33973770,Police Department,Open,09/01/2014,08/25/2014,09/01/2014,0.00,Default Judgment,12/09/2014,47-5-a-2,Provide a current vendors license to sell merchandise to a resident of Montgomery County
1Z40990090,Animal Control and Humane Treatment,Open,07/19/2017,07/12/2017,07/19/2017,500.00,Abatement Order entered,10/10/2017,5-203-C,Prevent the animal from having unwanted contact with a person or another domesticated animal at all times.
6Z39896296,Animal Control and Humane Treatment,Open,07/31/2018,07/12/2018,07/31/2018,500.00,Abatement Order entered,09/11/2018,5-203-C,Prevent the animal from having unwanted contact with a person or another domesticated animal at all times.
6Z36225314,Department of Housing and Community Affairs,Open,11/15/2019,11/05/2019,11/15/2019,500.00,Stet Docket,02/18/2020,26-9(a)(4),Failure to maintain supplied facility in satisfactory working condition.
1Z36225302,Department of Housing and Community Affairs,Open,11/15/2019,11/05/2019,11/15/2019,500.00,Stet Docket,02/18/2020,26-9(a)(4),Failure to maintain supplied facility in satisfactory working condition.
3Z39911161,Department of Environmental Protection,Open,10/19/2014,10/09/2014,10/19/2014,500.00,,12/16/2014,48-48-b,Cease collecting or removing solid waste which was set out for collection at the curb without consent to collect from the owner.
4Z39905457,Animal Control and Humane Treatment,Open,02/23/2016,03/01/2016,02/23/2016,100.00,Abatement Order entered,05/10/2016,5-203-A-1,Prevent the animal other than an altered cat to be at large
5Z36213280,Department of Housing and Community Affairs,Open,08/19/2014,07/24/2014,08/19/2014,500.00,Abatement Order entered,01/20/2015,26-9(a)(8),"Accumulating garbage or rubbish outside of approved storage container, garage or building."
4Z41707971,Department of Permitting Services,Open,08/31/2108,08/24/2018,08/31/2108,500.00,Defendant found in contempt,02/18/2020,8-24-a,Comply with the NOV requiring permits and inspections for large additions to the home
3Z36214027,Department of Housing and Community Affairs,Open,03/03/2015,01/08/2015,03/03/2015,500.00,Abatement Order entered,03/24/2015,26-9(b)(3),"Failure to maintain exterior surfaces free of flaking, peeling or loose paint and free of water seepage and against decay."
6Z36216088,Department of Housing and Community Affairs,Open,02/12/2016,01/28/2016,02/12/2016,500.00,Abatement Order entered,04/26/2016,26-9(a)(1),Failure to maintain item/structure in good repair.
2Z36213074,Department of Housing and Community Affairs,Open,06/20/2014,06/11/2014,06/20/2014,500.00,Abatement Order entered,09/23/2014,26-9(a)(2),"Failure to maintain door, window, and/or hatchway in sound working condition."
5Z36226734,Department of Housing and Community Affairs,Open,02/07/2020,02/03/2020,02/07/2020,500.00,,,26-9(a)(2),"Failure to maintain door, window, and/or hatchway in sound working condition."
1Z40854199,Washington Metro. and Transit Auth. Police,Closed,03/15/2019,02/02/2019,04/08/2020,50.00,Default Judgment,06/11/2019,54-A-2-9,Cease entering or leaving a fare-paid area of a rail transport station without paying the fare or presenting a valid transfer
3Z36213929,Department of Housing and Community Affairs,Open,11/25/2014,11/21/2014,11/25/2014,500.00,Abatement Order entered,02/24/2015,26-9(a)(4),Failure to maintain supplied facility in satisfactory working condition.
1Z39905797,Animal Control and Humane Treatment,Open,06/22/2014,06/14/2014,06/22/2014,100.00,Abatement Order entered,09/09/2014,5-203-a-2,Refrain from allowing an animal to defecate on another person's property
6Z36213204,Department of Housing and Community Affairs,Open,07/11/2014,07/02/2014,07/11/2014,500.00,Show Cause Order Withdrawn,11/25/2014,26-9(b)(5),"Failure to maintain grounds: free of erosion or gullying; grass or weeds over 12 inches high; and/or shrubbery, trees, vines, hedges, and other vegetation, including dead trees and branches."
3Z34037496,Police Department,Open,08/24/2014,08/19/2014,08/24/2014,500.00,Default Judgment,12/09/2014,47-5-a-2,Provide a current vendors license to sell merchandise to a resident of Montgomery County
5Z36224249,Department of Housing and Community Affairs,Open,07/29/2019,07/16/2019,07/29/2019,500.00,Continued,01/28/2020,26-9(b)(5),"Failure to maintain grounds: free of erosion or gullying; grass or weeds over 12 inches high; and/or shrubbery, trees, vines, hedges, and other vegetation, including dead trees and branches."
5Z36225138,Department of Housing and Community Affairs,Open,11/11/2019,10/30/2019,11/11/2019,500.00,,03/24/2020,26-8(b)(1),Failure to provide working smoke detector.
6Z36222115,Department of Housing and Community Affairs,Open,12/24/2018,12/04/2018,12/24/2018,500.00,,04/30/2019,26-10(c),"Failure to maintain item in good condition and substantially free from damage and deterioration. Each exterior surface must be free from flaking, peeling, or loose paint and graffiti."
5Z39891899,Department of Permitting Services,Open,02/23/2016,02/02/2016,02/23/2016,500.00,,04/19/2016,8-24-a,Comply with the NOV requiring permits and inspections for large additions to the home
2Z39911181,Department of Environmental Protection,Open,10/12/2014,10/06/2014,10/12/2014,500.00,,12/16/2014,48-20-a,Obtain a collector's/haulers valid tag for the vehicle before transporting or collecting solid waste within Montgomery County
4Z39904498,Animal Control and Humane Treatment,Open,10/04/2014,08/27/2014,10/04/2014,500.00,Default Judgment,12/09/2014,5-201-A-1,Cease violating the general prohibitions against cruelty to the animal
5Z36215282,Department of Housing and Community Affairs,Open,10/16/2015,10/08/2015,10/16/2015,500.00,Continued,06/28/2016,26-9(a)(1),Failure to maintain item/structure in good repair.
0Z36214584,Department of Housing and Community Affairs,Open,05/08/2015,05/05/2015,05/08/2015,500.00,Abatement Order entered,07/28/2015,26-9(c)(3),"Failure to maintain wall, ceiling, floor, interior woodwork, door, and/or windows in sound condition and good repair free of flaking, peeling, or loose paint."
5Z36213070,Department of Housing and Community Affairs,Open,06/20/2014,06/11/2014,06/20/2014,500.00,Abatement Order entered,09/23/2014,26-9(a)(4),Failure to maintain supplied facility in satisfactory working condition.
3Z42317292,False Alarm,Open,03/23/2020,03/02/2020,03/23/2020,500.00,Paid and Satisfied,,3a-4C(2),requesting police dispatch to a burglar alarm activation without providing the required alarm user registration number.
4Z40860264,Washington Metro. and Transit Auth. Police,Closed,08/16/2019,08/03/2019,04/08/2020,50.00,Default Judgment,11/12/2019,54-A-2-9,Cease entering or leaving a fare-paid area of a rail transport station without paying the fare or presenting a valid transfer
5Z42209165,Animal Control and Humane Treatment,Open,11/25/2019,11/01/2019,11/25/2019,500.00,,03/10/2020,5-203-C,Prevent the animal from having unwanted contact with a person or another domesticated animal at all times.
5Z39896400,Animal Control and Humane Treatment,Open,03/08/2018,03/03/2018,03/08/2018,500.00,Guilty,06/12/2018,5-202-E-1,Prevent a potentially dangerous animal (declared potentially dangerous by the Montgomery County Animal Services Officer) to be off the owners property without a leash or harness.
0Z36225476,Department of Housing and Community Affairs,Open,11/15/2019,11/05/2019,11/15/2019,500.00,Stet Docket,02/18/2020,26-9(a)(4),Failure to maintain supplied facility in satisfactory working condition.
5Z40855064,Washington Metro. and Transit Auth. Police,Closed,03/31/2019,03/05/2019,04/08/2020,50.00,Default Judgment,06/11/2019,54-A-2-9,Cease entering or leaving a fare-paid area of a rail transport station without paying the fare or presenting a valid transfer
5Z36226090,Department of Housing and Community Affairs,Open,12/19/2019,12/03/2019,12/19/2019,500.00,,,26-9(a)(1),Failure to maintain item/structure in good repair.
2Z36214565,Department of Housing and Community Affairs,Open,05/08/2015,05/05/2015,05/08/2015,500.00,Abatement Order entered,07/28/2015,26-9(a)(13),"Failure to remove, repair, and/or register unused vehicle"
4Z36210913,Department of Housing and Community Affairs,Open,05/10/2013,04/24/2013,05/10/2013,500.00,Show Cause Order Withdrawn,09/10/2013,26-9(a)(1),Failure to maintain item/structure in good repair.
1Z36218505,Department of Housing and Community Affairs,Open,07/13/2017,07/05/2017,07/13/2017,500.00,Abatement Order entered,10/24/2017,26-14(a),"Failure to demolish, remove or repair a condemned structure"
0Z36216551,Department of Housing and Community Affairs,Open,06/14/2016,06/02/2016,06/14/2016,500.00,Abatement Order entered,08/23/2016,26-9(a)(2),"Failure to maintain door, window, and/or hatchway in sound working condition."
6Z39905480,Animal Control and Humane Treatment,Open,02/22/2016,01/21/2016,02/22/2016,100.00,Abatement Order entered,03/08/2016,5-203-a-3,Prevent an animal from entering a private property without the property owners's permission
5Z39892319,Police Department,Open,06/15/2015,06/08/2015,06/15/2015,1000.00,,09/29/2015,19-15,SAFEGUARD TEH ADJOINING PROPERTY
0Z40990089,Animal Control and Humane Treatment,Open,07/19/2017,07/12/2017,07/19/2017,100.00,Abatement Order entered,10/10/2017,5-203-a-3,Prevent an animal from entering a private property without the property owners's permission
0Z36213184,Department of Housing and Community Affairs,Open,07/11/2014,06/27/2014,07/11/2014,500.00,Abatement Order entered,11/25/2014,26-9(a)(8),"Accumulating garbage or rubbish outside of approved storage container, garage or building."
4Z36216135,Department of Housing and Community Affairs,Open,02/26/2016,02/17/2016,02/26/2016,500.00,Abatement Order entered,05/24/2016,26-9(a)(13),"Failure to remove, repair, and/or register unused vehicle"
4Z39891135,Department of Permitting Services,Open,01/29/2014,01/27/2014,01/29/2014,1000.00,Abatement Order entered,03/18/2014,19-5-b,"Install interim erosion & sediment control measure to protect stream channels, other properties or the general public from damage that will remain in effect until modifications or revisions to the plan are approved or implemented by the DPS."
3Z36213845,Department of Housing and Community Affairs,Open,11/08/2014,10/31/2014,11/08/2014,500.00,Abatement Order entered,02/24/2015,26-9(a)(8),"Accumulating garbage or rubbish outside of approved storage container, garage or building."
4Z42209213,Animal Control and Humane Treatment,Open,12/30/2019,12/13/2019,12/30/2019,100.00,,03/10/2020,5-203-A-1,Prevent the animal other than an altered cat to be at large
4Z36221581,Department of Housing and Community Affairs,Open,10/12/2018,10/02/2018,10/12/2018,500.00,,05/14/2019,26-9(a)(1),Failure to maintain item/structure in good repair.
3Z36216078,Department of Housing and Community Affairs,Open,02/05/2016,01/20/2016,02/05/2016,500.00,Abatement Order entered,04/26/2016,26-9(a)(4),Failure to maintain supplied facility in satisfactory working condition.
5Z36225565,Department of Housing and Community Affairs,Open,11/15/2019,11/05/2019,11/15/2019,500.00,Stet Docket,02/18/2020,26-9(a)(4),Failure to maintain supplied facility in satisfactory working condition.
3Z40985101,Animal Control and Humane Treatment,Open,08/31/2015,08/18/2015,08/31/2015,100.00,Abatement Order entered,11/10/2015,5-203-A-1,Prevent the animal other than an altered cat to be at large
2Z39882194,Department of Permitting Services,Open,07/31/2014,07/15/2014,07/31/2014,500.00,,,59-c-1.32-8-,front yard lot has concrete surface material covering in the amount of 53% or 63 square feet.
6Z36214562,Department of Housing and Community Affairs,Open,05/08/2015,05/05/2015,05/08/2015,500.00,Abatement Order entered,07/28/2015,26-9(a)(1),Failure to maintain item/structure in good repair.
6Z41707504,Department of Permitting Services,Open,03/23/2020,03/09/2020,03/23/2020,500.00,,,17-29,Electrical work without the required permits and inspections.
3Z39904567,Animal Control and Humane Treatment,Open,03/07/2014,08/28/2013,03/07/2014,100.00,Abatement Order entered,06/10/2014,5-203-A-1,Prevent the animal other than an altered cat to be at large
3Z41707368,Department of Permitting Services,Open,04/21/2020,04/16/2020,04/21/2020,500.00,,,8-17-e,failure to obtain the final inspection for a mechanical permit
1Z39904782,ANIMAL SERVICES DIVISION,Open,01/31/2015,01/27/2015,01/31/2015,100.00,Guilty,04/14/2015,5-203-A-1,Prevent the animal other than an altered cat to be at large
6Z41767900,Animal Control and Humane Treatment,Open,01/28/2020,01/25/2020,01/28/2020,500.00,,,5-402-C,"An owner must vaccinate a cat, dog, or ferret older than 4 months of age against rabies and provide proof of the most recent vaccination to an animal control officer within 24 hours."
4Z42209080,Animal Control and Humane Treatment,Open,04/15/2019,03/20/2019,04/15/2019,500.00,Default Judgment,06/11/2019,5-402-C,Possessing unvaccinated dog
2Z36214040,Department of Housing and Community Affairs,Open,03/03/2015,01/12/2015,03/03/2015,500.00,Abatement Order entered,04/28/2015,26-9(a)(2),"Failure to maintain door, window, and/or hatchway in sound working condition."
1Z36225316,Department of Housing and Community Affairs,Open,11/15/2019,11/05/2019,11/15/2019,500.00,Stet Docket,02/18/2020,26-9(a)(4),Failure to maintain supplied facility in satisfactory working condition.
2Z36213081,Department of Housing and Community Affairs,Open,06/20/2014,06/11/2014,06/20/2014,500.00,Abatement Order entered,09/23/2014,26-9(c)(1),"Failure to maintain plumbing fixture in good sanitary working condition free from defects, leaks, and other obstructions."
0Z36218581,Department of Housing and Community Affairs,Open,07/21/2017,07/17/2017,07/21/2017,500.00,Abatement Order entered,10/31/2017,26-14(a),"Failure to demolish, remove or repair a condemned structure"
5Z39895882,Animal Control and Humane Treatment,Open,01/14/2015,04/10/2014,01/14/2015,500.00,Abatement Order entered,03/10/2015,5-203-C,Prevent the animal from having unwanted contact with a person or another domesticated animal at all times.
0Z40952919,Department of Permitting Services,Open,02/25/2020,02/13/2020,02/25/2020,1000.00,,,19-5-b,"Install interim erosion & sediment control measure to protect stream channels, other properties or the general public from damage that will remain in effect until modifications or revisions to the plan are approved or implemented by the DPS."
5Z39904513,Animal Control and Humane Treatment,Open,08/08/2013,08/04/2013,08/08/2013,100.00,Guilty,10/08/2013,5-203-A-1,Prevent the animal other than an altered cat to be at large
3Z39905316,Animal Control and Humane Treatment,Open,10/04/2014,09/10/2014,10/04/2014,750.00,Default Judgment,12/09/2014,5-402-a,Vaccinate the animal and provide proof of vaccination to the MC Animal Services Division
4Z33918280,Department of Permitting Services,Open,04/06/2014,02/24/2014,04/06/2014,500.00,Abatement Order entered,06/17/2014,26-9-a-13,"remove, repair and/or register the unused vehicle"
0Z40952569,Department of Permitting Services,Open,08/21/2015,08/05/2015,11/04/2015,500.00,Abatement Order entered,10/20/2015,59-7-4-2(A)1,Allowing the operation of a commerical enterprise without a valid permit
6Z40952631,Department of Permitting Services,Open,10/07/2015,09/22/2015,10/07/2015,500.00,Abatement Order entered,12/15/2015,59-6-7-4(F),Posting signs in public right-of-way
5Z36214750,Department of Housing and Community Affairs,Open,06/19/2015,06/10/2015,06/19/2015,500.00,Show Cause Order Withdrawn,11/10/2015,26-9(b)(3),"Failure to maintain exterior surfaces free of flaking, peeling or loose paint and free of water seepage and against decay."
2Z36224344,Department of Housing and Community Affairs,Open,07/31/2019,07/23/2019,07/31/2019,500.00,Guilty,10/29/2019,26-9(a)(1),Failure to maintain item/structure in good repair.
2Z39904370,Animal Control and Humane Treatment,Open,01/07/2016,12/29/2015,01/07/2016,100.00,Abatement Order entered,03/08/2016,5-203-A-1,Prevent the animal other than an altered cat to be at large
2Z42209029,Animal Control and Humane Treatment,Open,04/18/2019,03/30/2019,04/18/2019,100.00,Default Judgment,06/11/2019,5-203-a-3,Prevent an animal from entering a private property without the property owners's permission
6Z40953485,Department of Permitting Services,Open,07/19/2017,06/26/2017,07/19/2017,500.00,Abatement Order entered,10/17/2017,59-3-1-2-F,Performing at the subject location without first obtaining a benefit performance license
1Z36216531,Department of Housing and Community Affairs,Open,06/03/2016,05/27/2016,06/03/2016,500.00,Abatement Order entered,08/30/2016,26-9(a)(6),Failure to maintain premises in safe and sanitary condition.
5Z39896113,Animal Control and Humane Treatment,Open,07/17/2015,07/07/2015,07/17/2015,500.00,Abatement Order entered,09/08/2015,5-203-C,Prevent the animal from having unwanted contact with a person or another domesticated animal at all times.
4Z41782563,Board of License Commissioners,Open,02/18/2020,12/04/2019,02/18/2020,1000.00,,,24-11-B(1)(i),"Did or did offer to deliver, dispense, issue, give away or sell a tobacco product to a minor"
6Z39905032,Animal Control and Humane Treatment,Open,07/10/2014,05/04/2014,07/10/2014,100.00,Abatement Order entered,10/14/2014,5-203-A-1,Prevent the animal other than an altered cat to be at large
5Z39911128,Department of Environmental Protection,Open,08/24/2014,08/20/2014,08/24/2014,100.00,,,48-03-c-3,failure to recycle the required materials (mixed paper in trash container; no recycling containers or recycling service)
1Z40952703,Department of Permitting Services,Open,08/02/2015,07/22/2015,11/04/2015,500.00,Abatement Order entered,10/20/2015,59-6-7-4(F),Posting signs in public right-of-way
4Z36215246,Department of Housing and Community Affairs,Open,10/30/2015,10/06/2015,10/30/2015,500.00,Abatement Order entered,03/22/2016,26-9(a)(1),Failure to maintain item/structure in good repair.
0Z39896745,Animal Control and Humane Treatment,Open,04/21/2016,03/23/2016,04/21/2016,100.00,Abatement Order entered,07/05/2016,5-203-a-3,Prevent an animal from entering a private property without the property owners's permission
4Z36215883,Department of Housing and Community Affairs,Open,12/10/2015,12/04/2015,12/10/2015,500.00,Abatement Order entered,05/10/2016,26-9(a)(13),"Failure to remove, repair, and/or register unused vehicle"
5Z36212846,Department of Housing and Community Affairs,Open,04/25/2014,04/18/2014,04/25/2014,500.00,Abatement Order entered,07/22/2014,26-9(a)(8),"Accumulating garbage or rubbish outside of approved storage container, garage or building."
2Z36225709,Department of Housing and Community Affairs,Open,12/02/2019,11/25/2019,12/02/2019,500.00,,03/24/2020,26-9(b)(5),"Failure to maintain grounds: free of erosion or gullying; grass or weeds over 12 inches high; and/or shrubbery, trees, vines, hedges, and other vegetation, including dead trees and branches."
5Z39910274,Department of Environmental Protection,Open,07/10/2014,07/07/2014,09/29/2015,100.00,Default Judgment,10/21/2014,48-03-c-3,failure to recycle the required materials (mixed paper in trash container; no recycling containers or recycling service)
6Z36222353,Department of Housing and Community Affairs,Open,01/11/2019,01/03/2019,01/11/2019,500.00,,,26-9(a)(2),"Failure to maintain door, window, and/or hatchway in sound working condition."
1Z36226947,Department of Housing and Community Affairs,Open,03/03/2020,02/24/2020,03/03/2020,500.00,,,26-9(a)(2),"Failure to maintain door, window, and/or hatchway in sound working condition."
0Z39895562,Animal Control and Humane Treatment,Open,05/31/2016,05/21/2016,05/31/2016,100.00,Guilty,08/09/2016,5-203-A-6,Prevent the animal from creating or causing noise that is loud and persistent enough to disturb another person's quiet enjoyment.
2Z36226339,Department of Housing and Community Affairs,Open,12/19/2019,12/06/2019,12/19/2019,500.00,,03/31/2020,26-8(f),Failure to provide required address for the dwelling unit.
4Z36225424,Department of Housing and Community Affairs,Open,11/15/2019,11/05/2019,11/15/2019,500.00,Stet Docket,02/18/2020,26-9(a)(4),Failure to maintain supplied facility in satisfactory working condition.
2Z36212780,Department of Housing and Community Affairs,Open,04/18/2014,04/14/2014,04/18/2014,500.00,Abatement Order entered,07/22/2014,26-9-a-13,"remove, repair and/or register the unused vehicle"
6Z36216816,Department of Housing and Community Affairs,Open,09/01/2016,08/16/2016,09/01/2016,500.00,Abatement Order entered,11/29/2016,26-9(b)(3),"Failure to maintain exterior surfaces free of flaking, peeling or loose paint and free of water seepage and against decay."
0Z36216558,Department of Housing and Community Affairs,Open,06/14/2016,06/07/2016,06/14/2016,500.00,,11/29/2016,26-9(c)(3),"Failure to maintain wall, ceiling, floor, interior woodwork, door, and/or windows in sound condition and good repair free of flaking, peeling, or loose paint."
4Z36225543,Department of Housing and Community Affairs,Open,11/15/2019,11/05/2019,11/15/2019,500.00,Stet Docket,02/18/2020,26-9(a)(4),Failure to maintain supplied facility in satisfactory working condition.
2Z36213522,Department of Housing and Community Affairs,Open,09/19/2014,09/11/2014,09/19/2014,500.00,Abatement Order entered,,26-9(a)(2),"Failure to maintain door, window, and/or hatchway in sound working condition."
1Z39896746,Animal Control and Humane Treatment,Open,04/21/2016,03/23/2016,04/21/2016,500.00,Abatement Order entered,07/05/2016,5-203-C,Prevent the animal from having unwanted contact with a person or another domesticated animal at all times.
0Z39895877,Animal Control and Humane Treatment,Open,01/14/2015,10/02/2015,01/14/2015,100.00,Abatement Order entered,03/10/2015,5-203-A-1,Prevent the animal other than an altered cat to be at large
6Z40859776,Washington Metro. and Transit Auth. Police,Open,12/17/2019,12/04/2019,12/17/2019,50.00,,02/11/2020,54-A-2-9,Cease entering or leaving a fare-paid area of a rail transport station without paying the fare or presenting a valid transfer
6Z36221401,Department of Housing and Community Affairs,Open,09/14/2018,09/10/2018,09/14/2018,500.00,Show Cause Order Withdrawn,02/25/2020,26-9(a)(1),Failure to maintain item/structure in good repair.
4Z39905611,Animal Control and Humane Treatment,Open,06/02/2016,05/25/2016,06/02/2016,500.00,Abatement Order entered,08/09/2016,5-203-C,Prevent the animal from having unwanted contact with a person or another domesticated animal at all times.
5Z39904499,Animal Control and Humane Treatment,Open,11/16/2014,10/02/2014,11/16/2014,100.00,Abatement Order entered,03/10/2015,5-203-A-1,Prevent the animal other than an altered cat to be at large
0Z36225343,Department of Housing and Community Affairs,Open,11/15/2019,11/05/2019,11/15/2019,500.00,Stet Docket,02/18/2020,26-9(a)(4),Failure to maintain supplied facility in satisfactory working condition.
6Z36215150,Department of Housing and Community Affairs,Open,10/12/2015,09/24/2015,10/12/2015,500.00,Abatement Order entered,03/22/2016,26-9(a)(8),"Accumulating garbage or rubbish outside of approved storage container, garage or building."
5Z40560553,Department of Permitting Services,Open,09/21/2014,09/09/2014,09/21/2014,1000.00,,12/16/2014,19-2-a,Cease engaging into any land disturbing activity without first the proper permit from DPS.
1Z39910193,Department of Environmental Protection,Open,06/11/2014,06/05/2014,06/11/2014,150.00,Default Judgment,09/30/2014,48-03-c-3,failure to recycle the required materials (mixed paper in trash container; no recycling containers or recycling service)
6Z39896870,Animal Control and Humane Treatment,Open,03/31/2016,03/09/2016,03/31/2016,100.00,Abatement Order entered,06/14/2016,5-203-A-1,Prevent the animal other than an altered cat to be at large
0Z36214780,Department of Housing and Community Affairs,Open,07/02/2015,06/16/2015,07/02/2015,500.00,Abatement Order entered,09/29/2015,26-9(a)(2),"Failure to maintain door, window, and/or hatchway in sound working condition."
4Z39896630,Animal Control and Humane Treatment,Open,07/31/2017,07/16/2017,07/31/2017,500.00,Stet Docket,10/10/2017,5-203-C,Prevent the animal from having unwanted contact with a person or another domesticated animal at all times.
0Z36213086,Department of Housing and Community Affairs,Open,06/20/2014,06/11/2014,06/20/2014,500.00,Abatement Order entered,09/23/2014,26-9(a)(1),Failure to maintain item/structure in good repair.
5Z40615748,Washington Metro. and Transit Auth. Police,Closed,01/31/2019,01/22/2019,04/08/2020,50.00,Default Judgment,04/09/2019,54-A-2-9,Cease entering or leaving a fare-paid area of a rail transport station without paying the fare or presenting a valid transfer
6Z36215878,Department of Housing and Community Affairs,Open,12/10/2015,12/04/2015,12/10/2015,500.00,Abatement Order entered,05/10/2016,26-6(a),Failure to maintain electrical service in good safe working condition.
6Z33918282,Department of Permitting Services,Open,03/30/2014,03/05/2014,03/30/2014,500.00,Abatement Order entered,06/17/2014,59-c-1.31,Parking vehicles on an RE residentially zoned property
0Z36082592,Animal Control and Humane Treatment,Open,08/25/2014,09/26/2012,08/25/2014,500.00,Show Cause Order,09/09/2014,5-203-C,Prevent the animal from having unwanted contact with a person or another domesticated animal at all times.
3Z36224261,Department of Housing and Community Affairs,Open,07/29/2019,07/16/2019,07/29/2019,500.00,Guilty,01/28/2020,26-9(a)(1),Failure to maintain item/structure in good repair.
6Z40861372,Washington Metro. and Transit Auth. Police,Closed,11/30/2018,11/27/2018,04/08/2020,50.00,Default Judgment,03/12/2019,54-A-2-9,Cease entering or leaving a fare-paid area of a rail transport station without paying the fare or presenting a valid transfer
4Z36216597,Department of Housing and Community Affairs,Open,06/17/2016,06/14/2016,06/17/2016,500.00,Abatement Order entered,09/27/2016,48-24(a),Failure to remove solid waste (abandoned/non-functional vehicle).
6Z39896037,Animal Control and Humane Treatment,Open,05/10/2015,04/20/2015,05/10/2015,500.00,Abatement Order entered,07/14/2015,5-203-C,Prevent the animal from having unwanted contact with a person or another domesticated animal at all times.
6Z36226063,Department of Housing and Community Affairs,Open,12/19/2019,11/29/2019,12/19/2019,500.00,,,26-9(a)(8),"Accumulating garbage or rubbish outside of approved storage container, garage or building."
0Z36218917,Department of Housing and Community Affairs,Open,08/24/2017,08/21/2017,08/24/2017,500.00,Continued,01/28/2020,26-9(a)(1),Failure to maintain item/structure in good repair.
2Z39896012,Animal Control and Humane Treatment,Open,12/03/2015,,12/03/2015,500.00,Abatement Order entered,01/12/2016,5-203-C,Prevent the animal from having unwanted contact with a person or another domesticated animal at all times.
3Z36214713,Department of Housing and Community Affairs,Open,06/12/2015,06/10/2015,06/12/2015,500.00,Status Hearing,12/08/2015,26-9(a)(4),Failure to maintain supplied facility in satisfactory working condition.
4Z33755243,Department of Permitting Services,Open,11/03/2015,09/25/2015,11/03/2015,500.00,Abatement Order entered,01/19/2016,8-24-a,Comply with the NOV requiring permits and inspections for large additions to the home
0Z39905796,Animal Control and Humane Treatment,Open,06/22/2014,06/15/2014,06/22/2014,500.00,Abatement Order entered,09/09/2014,5-203-C,Prevent the animal from having unwanted contact with a person or another domesticated animal at all times.
2Z42316297,False Alarm,Open,11/10/2018,10/22/2018,11/10/2018,500.00,,,3a-4C(2),requesting police dispatch to a burglar alarm activation without providing the required alarm user registration number.
2Z36215853,Department of Housing and Community Affairs,Open,12/10/2015,12/04/2015,12/10/2015,500.00,Abatement Order entered,05/10/2016,26-6(a),Failure to maintain electrical service in good safe working condition.
1Z36215362,Department of Housing and Community Affairs,Open,10/23/2015,10/13/2015,10/23/2015,500.00,Abatement Order entered,03/29/2016,26-9(c)(5),Failure to maintain floor covering in good repair and sanitary condition.
0Z42126175,Animal Control and Humane Treatment,Open,08/19/2019,08/06/2019,08/19/2019,500.00,,11/12/2019,5-203-C,Prevent the animal from having unwanted contact with a person or another domesticated animal at all times.
5Z36225712,Department of Housing and Community Affairs,Open,12/05/2019,11/25/2019,12/05/2019,500.00,,03/31/2020,26-9(a)(1),Failure to maintain item/structure in good repair.
3Z36226893,Department of Housing and Community Affairs,Open,01/21/2020,02/14/2020,01/21/2020,500.00,,,26-9(a)(4),Failure to maintain supplied facility in satisfactory working condition.
6Z40859342,Washington Metro. and Transit Auth. Police,Closed,07/13/2019,07/16/2019,04/08/2020,50.00,Default Judgment,10/08/2019,54-A-2-9,Cease entering or leaving a fare-paid area of a rail transport station without paying the fare or presenting a valid transfer
5Z39896673,Animal Control and Humane Treatment,Open,05/31/2016,05/01/2016,05/31/2016,500.00,Guilty,08/09/2016,5-203-C,Prevent the animal from having unwanted contact with a person or another domesticated animal at all times.
0Z39910269,Department of Environmental Protection,Open,06/27/2014,06/25/2014,09/29/2015,100.00,Default Judgment,10/21/2014,48-05-03-d,Cease delivering solid waste that is acceptable for recycling
2Z40952634,Department of Permitting Services,Open,10/07/2015,09/22/2015,10/07/2015,500.00,Abatement Order entered,12/15/2015,59-6-7-4(F),Posting signs in public right-of-way
0Z42227010,Department of Permitting Services,Open,03/06/2020,02/27/2020,03/06/2020,1000.00,,,19-2-a,Cease engaging into any land disturbing activity without first the proper permit from DPS.
2Z33918285,Department of Permitting Services,Open,03/30/2014,03/10/2014,03/30/2014,500.00,Abatement Order entered,06/17/2014,59-A-3.1,having a structure on a property without obtaining a valid building permit for the structure
6Z40570907,Taxicab,Open,01/02/2015,12/21/2014,01/02/2015,500.00,Guilty,03/17/2015,53-201,Cease providing unlicensed taxicab service
2Z40990252,Animal Control and Humane Treatment,Open,06/23/2016,06/14/2016,06/23/2016,500.00,Abatement Order entered,09/13/2016,5-203-C,Prevent the animal from having unwanted contact with a person or another domesticated animal at all times.
2Z40853927,Washington Metro. and Transit Auth. Police,Closed,05/31/2019,04/30/2019,04/08/2020,50.00,Default Judgment,07/09/2019,54-A-2-9,Cease entering or leaving a fare-paid area of a rail transport station without paying the fare or presenting a valid transfer
1Z35113114,Washington Metro. and Transit Auth. Police,Closed,03/15/2019,02/11/2019,04/08/2020,50.00,Default Judgment,07/09/2019,54-A-2-9,Cease entering or leaving a fare-paid area of a rail transport station without paying the fare or presenting a valid transfer
0Z36224832,Department of Housing and Community Affairs,Open,10/11/2019,10/02/2019,10/11/2019,500.00,Abatement Order entered,02/25/2020,26-9(a)(1),Failure to maintain item/structure in good repair.
6Z40990151,Animal Control and Humane Treatment,Open,05/31/2016,05/17/2016,05/31/2016,500.00,Abatement Order entered,08/09/2016,5-203-C,Prevent the animal from having unwanted contact with a person or another domesticated animal at all times.
3Z40860263,Washington Metro. and Transit Auth. Police,Closed,08/16/2019,07/25/2019,04/08/2020,50.00,Default Judgment,11/12/2019,54-A-2-9,Cease entering or leaving a fare-paid area of a rail transport station without paying the fare or presenting a valid transfer
6Z36226602,Department of Housing and Community Affairs,Open,02/07/2020,01/09/2020,02/07/2020,500.00,,,26-9(c)(3),"Failure to maintain wall, ceiling, floor, interior woodwork, door, and/or windows in sound condition and good repair free of flaking, peeling, or loose paint."
5Z36226048,Department of Housing and Community Affairs,Open,12/05/2019,11/26/2019,12/05/2019,500.00,,03/31/2020,26-9(c)(1),"Failure to maintain plumbing fixture in good sanitary working condition free from defects, leaks, and other obstructions."
6Z36215871,Department of Housing and Community Affairs,Open,12/10/2015,12/04/2015,12/10/2015,500.00,Abatement Order entered,05/10/2016,26-9(a)(4),Failure to maintain supplied facility in satisfactory working condition.
5Z42317280,False Alarm,Closed,03/03/2020,01/28/2020,04/08/2020,500.00,Paid and Satisfied,,3a-4C(2),requesting police dispatch to a burglar alarm activation without providing the required alarm user registration number.
0Z39904564,Animal Control and Humane Treatment,Open,03/07/2014,11/22/2013,03/07/2014,500.00,Abatement Order entered,06/10/2014,5-203-C,Prevent the animal from having unwanted contact with a person or another domesticated animal at all times.
2Z36221789,Department of Housing and Community Affairs,Open,10/23/2018,10/17/2018,10/23/2018,500.00,Abatement Order entered,01/22/2019,26-13(d),Defacing or removing condemnation placard from dwelling/structure.
4Z33918273,Department of Permitting Services,Open,08/29/2014,08/12/2014,08/29/2014,500.00,,,59-c-1.31,Parking vehicles on an RE residentially zoned property
2Z35017901,Police Department,Open,08/08/2014,07/21/2014,08/08/2014,500.00,,,47-5-a-2,Provide a current vendors license to sell merchandise to a resident of Montgomery County
4Z36211095,Department of Housing and Community Affairs,Open,05/31/2013,05/23/2013,05/31/2013,500.00,Abatement Order entered,08/27/2013,26-9(b)(5),"Failure to maintain grounds: free of erosion or gullying; grass or weeds over 12 inches high; and/or shrubbery, trees, vines, hedges, and other vegetation, including dead trees and branches."
6Z39904542,Animal Control and Humane Treatment,Open,06/12/2014,05/03/2014,06/12/2014,500.00,Abatement Order entered,09/09/2014,5-203-C,Prevent the animal from having unwanted contact with a person or another domesticated animal at all times.
1Z40855949,Washington Metro. and Transit Auth. Police,Closed,03/15/2019,02/26/2019,04/08/2020,50.00,Default Judgment,06/11/2019,54-A-2-9,Cease entering or leaving a fare-paid area of a rail transport station without paying the fare or presenting a valid transfer
5Z34041026,Washington Metro. and Transit Auth. Police,Closed,09/10/2019,08/30/2019,04/08/2020,50.00,Default Judgment,11/12/2019,54-A-2-9,Cease entering or leaving a fare-paid area of a rail transport station without paying the fare or presenting a valid transfer
3Z40952530,Department of Permitting Services,Open,06/02/2016,05/24/2016,06/02/2016,500.00,Abatement Order entered,08/16/2016,59-6-7-4(F),Posting signs in public right-of-way
0Z36213611,Department of Housing and Community Affairs,Open,10/03/2014,09/25/2014,10/03/2014,500.00,Abatement Order entered,12/23/2014,26-9(a)(13),"Failure to remove, repair, and/or register unused vehicle"
1z39905321,ANIMAL SERVICES DIVISION,Open,02/26/2015,01/31/2015,02/26/2015,500.00,Stet Docket,04/14/2015,5-201-b,Provide shade and shelterfor an animal on a 90 degrees day.
4Z36215862,Department of Housing and Community Affairs,Open,12/10/2015,12/04/2015,12/10/2015,500.00,Abatement Order entered,05/10/2016,26-9(a)(4),Failure to maintain supplied facility in satisfactory working condition.
0Z40990376,Animal Control and Humane Treatment,Open,09/15/2016,08/25/2016,09/15/2016,100.00,Abatement Order entered,11/15/2016,5-203-A-1,Prevent the animal other than an altered cat to be at large
6Z36227099,Department of Housing and Community Affairs,Open,03/23/2020,03/11/2020,03/23/2020,500.00,,,26-9(a)(2),"Failure to maintain door, window, and/or hatchway in sound working condition."
1Z42317346,False Alarm,Open,04/21/2020,03/29/2020,04/21/2020,500.00,,,3a-4c(4),Requesting police dispatch to a burglar alarm activation without providing either the required alarm user registration or alarm business license number.
3Z36212907,Department of Housing and Community Affairs,Open,05/16/2014,05/05/2014,05/16/2014,500.00,Dismiss with prejudice,08/26/2014,26-9(a)(8),"Accumulating garbage or rubbish outside of approved storage container, garage or building."
3Z39896447,Animal Control and Humane Treatment,Open,12/31/2017,12/12/2017,12/31/2017,500.00,Stet Docket,05/08/2018,5-402-C,"An owner must vaccinate a cat, dog, or ferret older than 4 months of age against rabies and provide proof of the most recent vaccination to an animal control officer within 24 hours."
4Z39910210,Department of Environmental Protection,Open,06/04/2014,,06/04/2014,500.00,Default Judgment,09/30/2014,48-20-d,"Any truck or vehicle found to be in an unsafe physical, mechanical or sanitary condition. Failing to comply with having a sanitary truck carrying waste (license was issued upon agreement of using totes)"
5Z36213721,Department of Housing and Community Affairs,Open,10/17/2014,10/14/2014,10/17/2014,500.00,Abatement Order entered,03/24/2015,26-9(a)(2),"Failure to maintain door, window, and/or hatchway in sound working condition."
4Z40852501,Washington Metro. and Transit Auth. Police,Closed,01/21/2019,01/14/2019,04/08/2020,50.00,Default Judgment,04/09/2019,54-A-2-9,Cease entering or leaving a fare-paid area of a rail transport station without paying the fare or presenting a valid transfer
1Z36222705,Department of Housing and Community Affairs,Open,03/08/2019,02/27/2019,03/08/2019,500.00,Paid and Satisfied,05/28/2019,26-9(a)(8),"Accumulating garbage or rubbish outside of approved storage container, garage or building."
3Z42209170,Animal Control and Humane Treatment,Open,04/08/2020,03/29/2020,04/08/2020,500.00,,,5-203-C,Prevent the animal from having unwanted contact with a person or another domesticated animal at all times.
3Z42209212,Animal Control and Humane Treatment,Open,12/30/2019,12/20/2019,12/30/2019,100.00,,03/10/2020,5-203-A-6,Prevent the animal from creating or causing noise that is loud and persistent enough to disturb another person's quiet enjoyment.
1Z40952745,Department of Permitting Services,Open,12/29/2015,12/01/2015,12/29/2015,500.00,Guilty,03/15/2016,26-9(A)(13),"Failure to remove, repair, and/or register unused vehicle"
6Z36082591,Animal Control and Humane Treatment,Open,08/25/2014,09/26/2012,08/25/2014,500.00,Show Cause Order,09/09/2014,5-203-C,Prevent the animal from having unwanted contact with a person or another domesticated animal at all times.
0Z39905327,Animal Control and Humane Treatment,Open,10/19/2014,08/28/2014,10/19/2014,100.00,Guilty,12/09/2014,5-203-A-1,Prevent the animal other than an altered cat to be at large
0Z36216936,Department of Housing and Community Affairs,Open,09/26/2016,09/20/2016,09/26/2016,500.00,Abatement Order entered,11/29/2016,26-9(a)(8),"Accumulating garbage or rubbish outside of approved storage container, garage or building."
2Z36216182,Department of Housing and Community Affairs,Open,03/18/2016,03/01/2016,03/18/2016,500.00,Abatement Order entered,05/24/2016,26-9(a)(1),Failure to maintain item/structure in good repair.
0Z36213079,Department of Housing and Community Affairs,Open,06/20/2014,06/11/2014,06/20/2014,500.00,Abatement Order entered,09/23/2014,26-9(a)(1),Failure to maintain item/structure in good repair.
3Z36214482,Department of Housing and Community Affairs,Open,03/27/2015,03/25/2015,03/27/2015,500.00,Continued,05/26/2015,29-16(a),Operating a rental facility without first obtaining a rental facility license.
3Z42126164,Animal Control and Humane Treatment,Open,02/28/2019,02/27/2019,02/28/2019,500.00,Abatement Order entered,06/11/2019,5-301-c-1,violating a written order by MCASD to enforce the law for the  multiple impoundments
6Z36214597,Department of Housing and Community Affairs,Open,05/15/2015,05/07/2015,05/15/2015,500.00,Abatement Order entered,08/25/2015,26-9(a)(13),"Failure to remove, repair, and/or register unused vehicle"
2Z39896628,Animal Control and Humane Treatment,Open,07/31/2017,07/16/2017,07/31/2017,100.00,Stet Docket,10/10/2017,5-203-a-3,Prevent an animal from entering a private property without the property owners's permission
5Z39905766,ANIMAL SERVICES DIVISION,Open,04/01/2015,,04/01/2015,100.00,Abatement Order entered,05/12/2015,5-203-A-1,Prevent the animal other than an altered cat to be at large
4Z39904561,Animal Control and Humane Treatment,Open,03/07/2014,11/19/2013,03/07/2014,100.00,Abatement Order entered,06/10/2014,5-203-A-1,Prevent the animal other than an altered cat to be at large
4Z39905051,Animal Control and Humane Treatment,Open,03/01/2014,02/18/2014,03/01/2014,500.00,Stet Docket,05/13/2014,5-203-C,Prevent the animal from having unwanted contact with a person or another domesticated animal at all times.
6Z36224859,Department of Housing and Community Affairs,Open,10/11/2019,10/02/2019,10/11/2019,500.00,Dismiss without prejudice,02/25/2020,26-9(b)(1),"Failure to maintain item in reasonable weather-tight, water-tight, and rodent proof condition, free from foreign matter and capable of affording privacy."
3Z39905141,Animal Control and Humane Treatment,Open,05/29/2014,05/02/2014,05/29/2014,100.00,Abatement Order entered,08/12/2014,5-203-a-2,Refrain from allowing an animal to defecate on another person's property
1Z405617018,METRO TRANSIT POLICE,Open,01/31/2015,01/15/2015,01/31/2015,50.00,,,54-A-2-9,Cease entering or leaving a fare-paid area of a rail transport station without paying the fare or presenting a valid transfer
1Z36216510,Department of Housing and Community Affairs,Open,06/24/2016,05/18/2016,06/24/2016,500.00,Abatement Order entered,09/27/2016,26-9(a)(8),"Accumulating garbage or rubbish outside of approved storage container, garage or building."
0Z39904340,Animal Control and Humane Treatment,Open,08/13/2013,08/01/2013,08/13/2013,100.00,Abatement Order entered,10/08/2013,5-203-a-9,Obtain and provide proof that an animal is licensed in Montgomery County
0Z36225294,Department of Housing and Community Affairs,Open,11/15/2019,11/05/2019,11/15/2019,500.00,Stet Docket,02/18/2020,26-9(a)(4),Failure to maintain supplied facility in satisfactory working condition.
2Z36216819,Department of Housing and Community Affairs,Open,09/01/2016,08/16/2016,09/01/2016,500.00,Abatement Order entered,11/29/2016,26-9(a)(1),Failure to maintain item/structure in good repair.
6Z36214002,Department of Housing and Community Affairs,Closed,12/29/2014,12/19/2014,05/04/2020,500.00,Dismiss without prejudice,,48-24(c),"Failure to store solid waste in a vermin-proof, water-tight container with a tight-fitting lid at all times."
0Z39904991,Animal Control and Humane Treatment,Open,01/03/2014,12/26/2013,01/03/2014,100.00,Guilty,03/11/2014,5-203-A-1,Prevent the animal other than an altered cat to be at large
6Z42126440,Animal Control and Humane Treatment,Open,06/30/2019,06/20/2019,06/30/2019,500.00,Dismiss without prejudice,09/10/2019,5-402-C,Possessing unvaccinated dog
6Z36215353,Department of Housing and Community Affairs,Open,10/23/2015,10/13/2015,10/23/2015,500.00,Abatement Order entered,03/29/2016,26-8(d)(4),Failure to provide working single cylinder deadbolt lock.
5Z39886467,Animal Control and Humane Treatment,Open,07/09/2014,07/04/2014,07/09/2014,100.00,Default Judgment,10/14/2014,5-203-a-9,Obtain and provide proof that an animal is licensed in Montgomery County
6Z34012551,Department of Liquor Control,Open,06/05/2014,04/26/2014,06/05/2014,500.00,Guilty,09/30/2014,22-70-c,"possession of fireworks ""Wolf Packs"" bottle rockets"
6Z36214583,Department of Housing and Community Affairs,Open,05/08/2015,05/05/2015,05/08/2015,500.00,Abatement Order entered,07/28/2015,26-9(a)(1),Failure to maintain item/structure in good repair.
1Z42317220,False Alarm,Open,03/03/2020,01/28/2020,03/03/2020,500.00,,,3a-4C(2),requesting police dispatch to a burglar alarm activation without providing the required alarm user registration number.
5Z40860153,Washington Metro. and Transit Auth. Police,Closed,05/31/2019,05/02/2019,04/08/2020,50.00,Default Judgment,07/09/2019,54-A-2-9,Cease entering or leaving a fare-paid area of a rail transport station without paying the fare or presenting a valid transfer
2Z40859401,Washington Metro. and Transit Auth. Police,Closed,09/04/2019,08/27/2019,04/08/2020,50.00,Default Judgment,11/12/2019,54-A-2-9,Cease entering or leaving a fare-paid area of a rail transport station without paying the fare or presenting a valid transfer
0Z36225315,Department of Housing and Community Affairs,Open,11/15/2019,11/05/2019,11/15/2019,500.00,Stet Docket,02/18/2020,26-9(a)(4),Failure to maintain supplied facility in satisfactory working condition.
0Z39895821,Animal Control and Humane Treatment,Open,04/21/2016,04/03/2016,04/21/2016,250.00,Abatement Order entered,06/14/2016,5-203-b-1,Preven the animal(s) from causing loud noises that are persistent enough to disturb another person's quiet enjoyment
3Z36226746,Department of Housing and Community Affairs,Open,02/07/2020,02/03/2020,02/07/2020,500.00,,,26-9(a)(2),"Failure to maintain door, window, and/or hatchway in sound working condition."
2Z40990175,Animal Control and Humane Treatment,Open,06/23/2016,06/14/2016,06/23/2016,100.00,Abatement Order entered,09/13/2016,5-203-A-1,Prevent the animal other than an altered cat to be at large
4Z39895510,Animal Control and Humane Treatment,Open,05/31/2016,05/07/2016,05/31/2016,500.00,Guilty,08/09/2016,5-203-A-1,Prevent the animal other than an altered cat to be at large
3Z36216442,Department of Housing and Community Affairs,Open,05/20/2016,05/02/2016,05/20/2016,500.00,Abatement Order entered,07/26/2016,26-9(c)(5),Failure to maintain floor covering in good repair and sanitary condition.
4Z36216821,Department of Housing and Community Affairs,Open,09/01/2016,08/16/2016,09/01/2016,500.00,Abatement Order entered,11/29/2016,26-9(a)(2),"Failure to maintain door, window, and/or hatchway in sound working condition."
1Z39896830,Animal Control and Humane Treatment,Open,07/31/2018,07/12/2018,07/31/2018,500.00,Abatement Order entered,09/11/2018,5-203-C,Prevent the animal from having unwanted contact with a person or another domesticated animal at all times.
6Z36213099,Department of Housing and Community Affairs,Open,06/20/2014,06/11/2014,06/20/2014,500.00,Abatement Order entered,09/23/2014,26-9(a)(1),Failure to maintain item/structure in good repair.
5Z36088477,Police Department,Open,08/24/2014,08/12/2014,08/24/2014,500.00,Default Judgment,12/09/2014,47-5-a-2,Provide a current vendors license to sell merchandise to a resident of Montgomery County
3Z36215889,Department of Housing and Community Affairs,Open,12/10/2015,12/04/2015,12/10/2015,500.00,Abatement Order entered,05/10/2016,26-9(a)(13),"Failure to remove, repair, and/or register unused vehicle"
4Z36081679,Animal Control and Humane Treatment,Open,03/08/2012,01/11/2012,03/08/2012,500.00,Abatement Order entered,04/17/2012,5-201-A-1,Cease violating the general prohibitions against cruelty to the animal
3Z36225465,Department of Housing and Community Affairs,Open,11/15/2019,11/05/2019,11/15/2019,500.00,Stet Docket,02/18/2020,26-9(a)(4),Failure to maintain supplied facility in satisfactory working condition.
3Z36215350,Department of Housing and Community Affairs,Open,10/23/2015,10/13/2015,10/23/2015,500.00,Abatement Order entered,03/29/2016,26-9(a)(1),Failure to maintain item/structure in good repair.
4Z36225137,Department of Housing and Community Affairs,Open,11/11/2019,10/30/2019,11/11/2019,500.00,,03/24/2020,26-8(a)(1),Failure to provide safe and unobstructed means of escape leading to safe and open space ground level.
5Z36226601,Department of Housing and Community Affairs,Open,01/16/2020,01/09/2020,01/16/2020,100.00,,,26-9(a)(8),"Accumulating garbage or rubbish outside of approved storage container, garage or building."
2Z4212177,Animal Control and Humane Treatment,Open,12/31/2018,12/05/2018,12/13/2018,100.00,,,5-203-a-9,Obtain and provide proof that an animal is licensed in Montgomery County
1Z36214802,Department of Housing and Community Affairs,Open,06/19/2015,06/17/2015,11/04/2015,500.00,Abatement Order entered,10/20/2015,26-5(a),Failure to eliminate overcrowding.
2Z39905392,Animal Control and Humane Treatment,Open,11/09/2014,10/26/2014,11/09/2014,100.00,Abatement Order entered,01/13/2015,5-203-a-3,Prevent an animal from entering a private property without the property owners's permission
2Z36226507,Department of Housing and Community Affairs,Open,12/30/2019,12/18/2019,12/30/2019,500.00,,,26-9(a)(4),Failure to maintain supplied facility in satisfactory working condition.
6Z36226672,Department of Housing and Community Affairs,Open,02/14/2020,01/23/2020,02/14/2020,500.00,,,26-9(a)(1),Failure to maintain item/structure in good repair.
3Z36215868,Department of Housing and Community Affairs,Open,12/10/2015,12/04/2015,12/10/2015,500.00,Abatement Order entered,05/10/2016,26-9(a)(1),Failure to maintain item/structure in good repair.
2Z36214936,Department of Housing and Community Affairs,Open,08/27/2015,08/18/2015,08/27/2015,500.00,Abatement Order entered,10/27/2015,26-9(b)(3),"Failure to maintain exterior surfaces free of flaking, peeling or loose paint and free of water seepage and against decay."
2Z36214026,Department of Housing and Community Affairs,Open,03/03/2015,01/08/2015,03/03/2015,500.00,Abatement Order entered,03/24/2015,26-9(c)(5),Failure to maintain floor covering in good repair and sanitary condition.
6Z39904997,Animal Control and Humane Treatment,Open,09/13/2014,09/01/2014,09/13/2014,500.00,Abatement Order entered,12/09/2014,5-203-C,Prevent the animal from having unwanted contact with a person or another domesticated animal at all times.
6Z39905081,Animal Control and Humane Treatment,Open,02/22/2014,01/12/2014,02/22/2014,100.00,Abatement Order entered,05/13/2014,5-203-a-3,Prevent an animal from entering a private property without the property owners's permission
1Z36226499,Department of Housing and Community Affairs,Open,12/30/2019,12/18/2019,12/30/2019,500.00,,,26-9(a)(13),"Failure to remove, repair, and/or register unused vehicle"
4Z40616902,Washington Metro. and Transit Auth. Police,Closed,03/15/2019,02/07/2019,04/08/2020,50.00,Default Judgment,05/14/2019,54-A-2-9,Cease entering or leaving a fare-paid area of a rail transport station without paying the fare or presenting a valid transfer
1Z39910298,Department of Environmental Protection,Open,08/01/2014,07/22/2014,09/29/2015,500.00,Default Judgment,10/21/2014,48-20-a,Obtain a collector's/haulers valid tag for the vehicle before transporting or collecting solid waste within Montgomery County
6Z36221933,Department of Housing and Community Affairs,Open,11/27/2018,11/01/2018,11/27/2018,500.00,,,26-9(b)(5),"Failure to maintain grounds: free of erosion or gullying; grass or weeds over 12 inches high; and/or shrubbery, trees, vines, hedges, and other vegetation, including dead trees and branches."
2Z36213165,Department of Housing and Community Affairs,Open,07/17/2014,07/14/2014,07/17/2014,500.00,Abatement Order entered,10/28/2014,59-A-6.20(a),Failure to reduce single family dwellings to one on a residential lot
3Z40860438,Washington Metro. and Transit Auth. Police,Closed,08/15/2019,07/29/2019,04/08/2020,50.00,Default Judgment,11/12/2019,54-A-2-9,Cease entering or leaving a fare-paid area of a rail transport station without paying the fare or presenting a valid transfer
1Z39911943,Department of Environmental Protection/Solid Waste,Open,11/07/2019,10/25/2019,11/07/2019,500.00,Default Judgment,01/21/2020,48-20-a,Obtain a collector's/haulers valid tag for the vehicle before transporting or collecting solid waste within Montgomery County
6Z36213519,Department of Housing and Community Affairs,Open,09/19/2014,09/11/2014,09/19/2014,500.00,Abatement Order entered,,26-9(b)(3),"Failure to maintain exterior surfaces free of flaking, peeling or loose paint and free of water seepage and against decay."
0Z39911060,Department of Environmental Protection,Open,08/04/2014,07/28/2014,09/29/2015,100.00,Default Judgment,10/21/2014,48-03-c-3,failure to recycle the required materials (mixed paper in trash container; no recycling containers or recycling service)
1Z36215887,Department of Housing and Community Affairs,Open,12/10/2015,12/04/2015,12/10/2015,500.00,Abatement Order entered,05/10/2016,26-9(a)(13),"Failure to remove, repair, and/or register unused vehicle"
1Z40570874,Taxicab,Open,09/13/2014,09/08/2014,09/13/2014,75.00,,,53-402,Cease smoking inside of the taxicab
1Z39892315,Department of Permitting Services,Open,05/30/2015,05/19/2015,05/30/2015,1000.00,Abatement Order entered,09/15/2015,19-2-a,Cease engaging into any land disturbing activity without first the proper permit from DPS.
6Z39895463,Animal Control and Humane Treatment,Open,08/31/2015,08/18/2015,08/31/2015,500.00,Abatement Order entered,11/10/2015,5-203-C,Prevent the animal from having unwanted contact with a person or another domesticated animal at all times.
0Z36216901,Department of Housing and Community Affairs,Open,09/15/2016,09/07/2016,09/15/2016,500.00,Abatement Order entered,11/29/2016,26-9(a)(1),Failure to maintain item/structure in good repair.
0Z36216138,Department of Housing and Community Affairs,Open,02/26/2016,02/17/2016,02/26/2016,500.00,Abatement Order entered,05/24/2016,26-9(a)(8),"Accumulating garbage or rubbish outside of approved storage container, garage or building."
4Z39904470,Animal Control and Humane Treatment,Open,01/24/2014,09/27/2013,01/24/2014,100.00,Stet Docket,03/11/2014,5-203-A-1,Prevent the animal other than an altered cat to be at large
1Z36213570,Department of Housing and Community Affairs,Open,09/27/2014,09/17/2014,09/27/2014,500.00,,06/28/2016,26-9(a)(13),"Failure to remove, repair, and/or register unused vehicle"
1Z40854143,Washington Metro. and Transit Auth. Police,Closed,05/15/2019,03/13/2019,04/08/2020,50.00,Default Judgment,07/09/2019,54-A-2-9,Cease entering or leaving a fare-paid area of a rail transport station without paying the fare or presenting a valid transfer
6Z36213715,Department of Housing and Community Affairs,Open,10/17/2014,10/14/2014,10/17/2014,500.00,Abatement Order entered,03/24/2015,26-6(a),Failure to maintain electrical service in good safe working condition.
4Z36111269,Washington Metro. and Transit Auth. Police,Open,03/31/2016,03/07/2016,03/31/2016,1000.00,,,54-A-2-13,CEASE VENDING SCENTED OILS ON THE METRO STATION
4Z41767898,Animal Control and Humane Treatment,Open,01/28/2020,01/25/2020,01/28/2020,500.00,,,5-402-C,"An owner must vaccinate a cat, dog, or ferret older than 4 months of age against rabies and provide proof of the most recent vaccination to an animal control officer within 24 hours."
4Z39905674,Animal Control and Humane Treatment,Open,02/21/2020,02/19/2020,02/21/2020,100.00,,,5-203-a-9,Obtain and provide proof that an animal is licensed in Montgomery County
5Z36213420,Department of Housing and Community Affairs,Open,09/05/2014,08/22/2014,09/05/2014,500.00,Guilty,11/25/2014,26-9(a)(13),"Failure to remove, repair, and/or register unused vehicle"
2Z41767826,Animal Control and Humane Treatment,Open,01/28/2020,01/25/2020,01/28/2020,100.00,,,5-203-a-9,Obtain and provide proof that an animal is licensed in Montgomery County
3Z42211718,Animal Control and Humane Treatment,Open,10/16/2019,10/13/2019,10/16/2019,500.00,Default Judgment,01/14/2020,5-402-C,"An owner must vaccinate a cat, dog, or ferret older than 4 months of age against rabies and provide proof of the most recent vaccination to an animal control officer within 24 hours."
2Z36226619,Department of Housing and Community Affairs,Open,01/16/2020,01/13/2020,01/16/2020,500.00,,,26-6(a),Failure to maintain electrical service in good safe working condition.
6Z36211342,Department of Housing and Community Affairs,Open,08/02/2013,07/25/2013,08/02/2013,500.00,Abatement Order entered,09/24/2013,26-9(b)(1),"Failure to maintain item in reasonable weather-tight, water-tight, and rodent proof condition, free from foreign matter and capable of affording privacy."
4Z41706928,Department of Permitting Services,Open,07/02/2019,06/19/2019,07/02/2019,1000.00,Dismiss without prejudice,10/08/2019,19-2-a,Cease engaging into any land disturbing activity without first the proper permit from DPS.
4Z36210857,Department of Housing and Community Affairs,Open,04/26/2013,04/11/2013,04/26/2013,500.00,Continued,05/28/2013,26-9(b)(5),"Failure to maintain grounds: free of erosion or gullying; grass or weeds over 12 inches high; and/or shrubbery, trees, vines, hedges, and other vegetation, including dead trees and branches."
1Z36226506,Department of Housing and Community Affairs,Open,12/30/2019,12/18/2019,12/30/2019,500.00,,,29-16(a),Operating a rental facility without first obtaining a rental facility license.
3Z36212669,Department of Housing and Community Affairs,Open,04/01/2014,03/19/2014,04/01/2014,500.00,Abatement Order entered,06/24/2014,26-9(a)(8),"Accumulating garbage or rubbish outside of approved storage container, garage or building."
5Z39895861,Animal Control and Humane Treatment,Open,12/30/2014,11/10/2014,12/30/2014,100.00,,,5-203-a-3,Prevent an animal from entering a private property without the property owners's permission
5Z42209249,Animal Control and Humane Treatment,Open,04/20/2020,04/13/2020,04/20/2020,500.00,,,5-402-a,Vaccinate the animal and provide proof of vaccination to the MC Animal Services Division
2Z33881689,METRO TRANSIT POLICE,Open,04/06/2015,01/18/2015,04/06/2015,50.00,Default Judgment,04/21/2015,54-A-2-9,Cease entering or leaving a fare-paid area of a rail transport station without paying the fare or presenting a valid transfer
5Z36215359,Department of Housing and Community Affairs,Open,10/23/2015,10/13/2015,10/23/2015,500.00,Abatement Order entered,03/29/2016,26-6(a),Failure to maintain electrical service in good safe working condition.
0Z39905670,Animal Control and Humane Treatment,Open,02/21/2020,02/19/2020,02/21/2020,100.00,,,5-203-a-9,Obtain and provide proof that an animal is licensed in Montgomery County
2Z36213767,Department of Housing and Community Affairs,Open,10/25/2014,10/23/2014,10/25/2014,500.00,Abatement Order entered,02/24/2015,59-A-3.43-a,failing to bring the home occupation into compliance
2Z39905462,Animal Control and Humane Treatment,Open,02/23/2016,02/01/2016,02/23/2016,500.00,Abatement Order entered,05/10/2016,5-203-C,Prevent the animal from having unwanted contact with a person or another domesticated animal at all times.
4Z40953161,Department of Permitting Services,Open,10/11/2016,08/30/2016,10/11/2016,500.00,Abatement Order entered,12/20/2016,59-7-4-1,Failure to obtain fence permit for deer fence inside and rear yard
0Z36210762,Department of Housing and Community Affairs,Open,04/19/2013,03/12/2013,04/19/2013,,Abatement Order entered,08/27/2013,26-6(a),Failure to maintain electrical service in good safe working condition.
2Z36215867,Department of Housing and Community Affairs,Open,12/10/2015,12/04/2015,12/10/2015,500.00,Abatement Order entered,05/10/2016,26-9(a)(2),"Failure to maintain door, window, and/or hatchway in sound working condition."
0Z40615750,Washington Metro. and Transit Auth. Police,Closed,12/01/2018,11/28/2018,04/08/2020,50.00,Default Judgment,03/12/2019,54-A-2-9,Cease entering or leaving a fare-paid area of a rail transport station without paying the fare or presenting a valid transfer
1Z36214585,Department of Housing and Community Affairs,Open,05/08/2015,05/05/2015,05/08/2015,500.00,Abatement Order entered,07/28/2015,26-9(a)(2),"Failure to maintain door, window, and/or hatchway in sound working condition."
2Z36221915,Department of Housing and Community Affairs,Open,11/02/2018,10/30/2018,11/02/2018,500.00,CC Appeal,05/14/2019,26-9(a)(8),"Accumulating garbage or rubbish outside of approved storage container, garage or building."
0z39904795,Animal Control and Humane Treatment,Open,07/27/2015,07/16/2015,07/27/2015,500.00,Guilty,10/13/2015,5-203-C,Prevent the animal from having unwanted contact with a person or another domesticated animal at all times.
4Z39896294,Animal Control and Humane Treatment,Open,07/31/2018,07/12/2018,07/31/2018,100.00,Abatement Order entered,09/11/2018,5-203-A-1,Prevent the animal other than an altered cat to be at large
0Z40860533,Washington Metro. and Transit Auth. Police,Closed,05/25/2019,05/10/2019,04/08/2020,50.00,Default Judgment,08/13/2019,54-A-2-9,Cease entering or leaving a fare-paid area of a rail transport station without paying the fare or presenting a valid transfer
4Z36226054,Department of Housing and Community Affairs,Open,12/19/2019,11/26/2019,12/19/2019,500.00,,,26-9(a)(1),Failure to maintain item/structure in good repair.
6Z40990165,Animal Control and Humane Treatment,Open,05/31/2016,05/23/2016,05/31/2016,500.00,Abatement Order entered,08/09/2016,5-203-C,Prevent the animal from having unwanted contact with a person or another domesticated animal at all times.
1Z39895920,Animal Control and Humane Treatment,Open,09/02/2015,08/10/2015,09/02/2015,500.00,Abatement Order entered,11/10/2015,5-203-C,Prevent the animal from having unwanted contact with a person or another domesticated animal at all times.
3Z40855069,Washington Metro. and Transit Auth. Police,Closed,03/31/2019,,04/08/2020,50.00,Default Judgment,06/11/2019,54-A-2-9,Cease entering or leaving a fare-paid area of a rail transport station without paying the fare or presenting a valid transfer
6Z39895491,Animal Control and Humane Treatment,Open,02/23/2016,01/27/2016,02/23/2016,100.00,Abatement Order entered,04/12/2016,5-203-A-1,Prevent the animal other than an altered cat to be at large
2Z40855075,Washington Metro. and Transit Auth. Police,Closed,04/25/2019,03/28/2019,04/08/2020,50.00,Default Judgment,06/11/2019,54-A-2-9,Cease entering or leaving a fare-paid area of a rail transport station without paying the fare or presenting a valid transfer
0Z39905488,Animal Control and Humane Treatment,Open,04/21/2016,04/15/2016,04/21/2016,100.00,Abatement Order entered,09/13/2016,5-203-A-1,Prevent the animal other than an altered cat to be at large
1Z33918508,DPS,Open,04/13/2015,03/19/2015,04/13/2015,500.00,Status Hearing,08/25/2015,47-3,obtain a license from the director to sell goods on a private property
5Z36215086,Department of Housing and Community Affairs,Open,02/12/2016,09/16/2015,02/12/2016,500.00,Abatement Order entered,04/26/2016,26-9(a)(13),"Failure to remove, repair, and/or register unused vehicle"
4Z36218676,Department of Housing and Community Affairs,Open,08/11/2017,08/03/2017,08/11/2017,500.00,Abatement Order entered,10/31/2017,26-9(a)(8),"Accumulating garbage or rubbish outside of approved storage container, garage or building."
3Z39904546,Animal Control and Humane Treatment,Open,10/04/2014,09/22/2014,10/04/2014,100.00,Default Judgment,12/09/2014,5-203-A-1,Prevent the animal other than an altered cat to be at large
0Z39896106,Animal Control and Humane Treatment,Open,06/09/2015,05/26/2015,06/09/2015,100.00,,,5-203-A-1,Prevent the animal other than an altered cat to be at large
4Z39895867,Animal Control and Humane Treatment,Open,01/14/2015,12/31/2015,01/14/2015,500.00,Stet Docket,03/10/2015,5-203-C,Prevent the animal from having unwanted contact with a person or another domesticated animal at all times.
4Z36216422,Department of Housing and Community Affairs,Open,05/06/2016,04/28/2016,05/06/2016,500.00,Abatement Order entered,07/26/2016,26-9(a)(2),"Failure to maintain door, window, and/or hatchway in sound working condition."
6Z39595974,ANIMAL SERVICES DIVISION,Open,04/01/2015,03/26/2015,04/01/2015,100.00,,,5-203-A-1,Prevent the animal other than an altered cat to be at large
4Z36215876,Department of Housing and Community Affairs,Open,12/10/2015,12/04/2015,12/10/2015,500.00,Abatement Order entered,05/10/2016,26-9(c)(1),"Failure to maintain plumbing fixture in good sanitary working condition free from defects, leaks, and other obstructions."
1Z36214781,Department of Housing and Community Affairs,Open,07/02/2015,06/16/2015,07/02/2015,500.00,Abatement Order entered,09/29/2015,26-9(a)(1),Failure to maintain item/structure in good repair.
0Z39883358,Department of Liquor Control,Open,02/25/2015,02/10/2015,02/25/2015,500.00,,,24-9-c,"offering, selling, or dispensing a tobacco product to a minor"
6Z39895862,ANIMAL SERVICES DIVISION,Open,01/31/2015,12/26/2014,01/31/2015,100.00,Abatement Order entered,03/10/2015,5-203-A-1,Prevent the animal other than an altered cat to be at large
5Z39889554,Department of Environmental Protection,Open,06/30/2019,06/05/2019,06/30/2019,750.00,Continued,01/14/2020,31B-5-B,Causing or permitting a noise disturbance
5Z40850458,Washington Metro. and Transit Auth. Police,Closed,05/01/2019,01/27/2019,04/08/2020,50.00,Default Judgment,07/09/2019,54-A-2-9,Cease entering or leaving a fare-paid area of a rail transport station without paying the fare or presenting a valid transfer
2Z40709727,Police Department,Open,05/04/2016,04/27/2016,05/04/2016,100.00,Guilty,07/12/2016,32-19-B,Cease the aggressive panhandling in front of a public store and sidewalk
2Z36212899,Department of Housing and Community Affairs,Open,05/16/2014,05/09/2014,05/16/2014,500.00,Abatement Order entered,09/23/2014,26-9(a)(8),"Accumulating garbage or rubbish outside of approved storage container, garage or building."
4Z39904715,Animal Control and Humane Treatment,Open,12/29/2014,10/31/2014,12/29/2014,500.00,Guilty,03/10/2015,5-203-C,Prevent the animal from having unwanted contact with a person or another domesticated animal at all times.
5Z39895462,Animal Control and Humane Treatment,Open,08/31/2015,08/18/2015,08/31/2015,100.00,Abatement Order entered,11/10/2015,5-203-A-1,Prevent the animal other than an altered cat to be at large
2Z39905329,Animal Control and Humane Treatment,Open,10/19/2014,09/26/2014,10/19/2014,200.00,Abatement Order entered,12/09/2014,5-203-A-1,Prevent the animal other than an altered cat to be at large
6Z36215122,Department of Housing and Community Affairs,Open,10/01/2015,09/23/2015,10/01/2015,500.00,Defendant found in contempt,08/23/2016,26-9(a)(2),"Failure to maintain door, window, and/or hatchway in sound working condition."
3Z36214055,Department of Housing and Community Affairs,Open,03/03/2015,01/15/2015,03/03/2015,500.00,,03/31/2015,26-9(b)(3),"Failure to maintain exterior surfaces free of flaking, peeling or loose paint and free of water seepage and against decay."
4Z36214798,Department of Housing and Community Affairs,Open,06/19/2015,06/17/2015,11/04/2015,500.00,Abatement Order entered,10/20/2015,26-9(a)(13),"Failure to remove, repair, and/or register unused vehicle"
2Z40952760,Department of Permitting Services,Open,05/04/2016,04/18/2016,05/04/2016,500.00,,06/21/2016,59-7-4-2(A)1,Allowing the operation of a commerical enterprise without a valid permit
6Z40952526,Department of Permitting Services,Open,03/31/2016,03/18/2016,03/31/2016,500.00,Abatement Order entered,05/17/2016,59-6-7-4(F),Posting signs in public right-of-way
2Z36215860,Department of Housing and Community Affairs,Open,12/10/2015,12/04/2015,12/10/2015,500.00,Abatement Order entered,05/10/2016,26-9(a)(1),Failure to maintain item/structure in good repair.
1Z36213290,Department of Housing and Community Affairs,Open,08/08/2014,07/28/2014,08/08/2014,500.00,Abatement Order Compliance,11/25/2015,26-9(a)(13),"Failure to remove, repair, and/or register unused vehicle"
2Z34041387,Police Department,Open,08/29/2014,08/22/2014,08/29/2014,500.00,Default Judgment,12/09/2014,47-5-a-2,Provide a current vendors license to sell merchandise to a resident of Montgomery County
2Z36215097,Department of Housing and Community Affairs,Open,09/25/2015,09/17/2015,09/25/2015,500.00,Abatement Order entered,11/24/2015,26-9(a)(13),"Failure to remove, repair, and/or register unused vehicle"
4Z36218305,Department of Housing and Community Affairs,Open,06/16/2017,06/13/2017,06/16/2017,500.00,Abatement Order entered,10/24/2017,26-9(a)(8),"Accumulating garbage or rubbish outside of approved storage container, garage or building."
0Z39896626,Animal Control and Humane Treatment,Open,07/31/2017,07/16/2017,07/31/2017,500.00,Stet Docket,10/10/2017,5-203-C,Prevent the animal from having unwanted contact with a person or another domesticated animal at all times.
3Z40861390,Washington Metro. and Transit Auth. Police,Open,06/11/2015,05/26/2015,06/11/2015,100.00,,,5-601,Possession of marijuana less than 10 grams
3Z36211577,Department of Housing and Community Affairs,Open,09/12/2013,08/29/2013,09/12/2013,500.00,Abatement Order entered,11/26/2013,26-9(a)(2),"Failure to maintain door, window, and/or hatchway in sound working condition."
5Z39895588,Animal Control and Humane Treatment,Open,06/23/2016,06/03/2016,06/23/2016,500.00,Abatement Order entered,09/13/2016,5-203-C,Prevent the animal from having unwanted contact with a person or another domesticated animal at all times.
6Z39896758,Animal Control and Humane Treatment,Open,11/15/2016,12/31/2016,11/15/2016,500.00,Abatement Order entered,12/13/2016,5-203-C,Prevent the animal from having unwanted contact with a person or another domesticated animal at all times.
2Z41707374,Department of Permitting Services,Open,04/21/2020,04/16/2020,04/21/2020,500.00,,,8-4,Comply with the state and local code requirements for the plumbing work associated with renovations and additions done to the premises without the required permits.
1Z36215852,Department of Housing and Community Affairs,Open,12/10/2015,12/04/2015,12/10/2015,500.00,Abatement Order entered,05/10/2016,26-9(a)(2),"Failure to maintain door, window, and/or hatchway in sound working condition."
2Z40953103,Department of Permitting Services,Open,07/13/2016,07/07/2016,07/13/2016,500.00,Abatement Order entered,12/20/2016,8-17-24-29-A,failure to comply with the NOV to repair rebuilt addition per the plans and obtain permits for other work done in house without a permit
1Z36216937,Department of Housing and Community Affairs,Open,09/26/2016,09/20/2016,09/26/2016,500.00,Abatement Order entered,11/29/2016,26-9(b)(5),"Failure to maintain grounds: free of erosion or gullying; grass or weeds over 12 inches high; and/or shrubbery, trees, vines, hedges, and other vegetation, including dead trees and branches."
6Z36214793,Department of Housing and Community Affairs,Open,06/19/2015,06/17/2015,11/04/2015,500.00,Abatement Order entered,10/20/2015,26-9(a)(8),"Accumulating garbage or rubbish outside of approved storage container, garage or building."
4Z36226313,Department of Housing and Community Affairs,Open,12/19/2019,12/06/2019,12/19/2019,500.00,,03/31/2020,26-9(a)(1),Failure to maintain item/structure in good repair.
3Z39910265,Department of Environmental Protection,Open,06/27/2014,06/23/2014,09/29/2015,100.00,Default Judgment,10/21/2014,48-05-03-d,Cease delivering solid waste that is acceptable for recycling
2Z36212850,Department of Housing and Community Affairs,Open,04/25/2014,04/18/2014,04/25/2014,500.00,Abatement Order entered,07/22/2014,26-9(a)(4),Failure to maintain supplied facility in satisfactory working condition.
4Z40990156,Animal Control and Humane Treatment,Open,05/31/2016,05/15/2016,05/31/2016,100.00,Stet Docket,08/09/2016,5-203-a-3,Prevent an animal from entering a private property without the property owners's permission
3Z36213747,Department of Housing and Community Affairs,Closed,10/25/2014,10/16/2014,05/04/2020,500.00,Dismiss without prejudice,,26-9(a)(13),"Failure to remove, repair, and/or register unused vehicle"
0Z36216439,Department of Housing and Community Affairs,Open,05/20/2016,05/02/2016,05/20/2016,500.00,Abatement Order entered,07/26/2016,26-9(a)(4),Failure to maintain supplied facility in satisfactory working condition.
3Z39904875,Animal Control and Humane Treatment,Open,01/28/2014,12/09/2014,01/28/2014,500.00,Stet Docket,04/08/2014,5-203-C,Prevent the animal from having unwanted contact with a person or another domesticated animal at all times.
0Z36215879,Department of Housing and Community Affairs,Open,12/10/2015,12/04/2015,12/10/2015,500.00,Abatement Order entered,05/10/2016,26-9(a)(2),"Failure to maintain door, window, and/or hatchway in sound working condition."
4Z36214938,Department of Housing and Community Affairs,Open,08/27/2015,08/18/2015,08/27/2015,500.00,Abatement Order entered,10/27/2015,26-9(a)(4),Failure to maintain supplied facility in satisfactory working condition.
0Z39895702,Animal Control and Humane Treatment,Open,01/08/2015,12/16/2014,01/08/2015,150.00,Guilty,03/10/2015,5-203-A-6,Prevent the animal from creating or causing noise that is loud and persistent enough to disturb another person's quiet enjoyment.
6Z36211587,Department of Housing and Community Affairs,Open,09/12/2013,08/29/2013,09/12/2013,500.00,Abatement Order entered,11/26/2013,26-9(a)(2),"Failure to maintain door, window, and/or hatchway in sound working condition."
5Z35014201,Washington Metro. and Transit Auth. Police,Open,02/18/2020,02/10/2020,02/18/2020,50.00,,,54-A-2-9,Cease entering or leaving a fare-paid area of a rail transport station without paying the fare or presenting a valid transfer
0Z40570859,Taxicab,Open,07/29/2014,06/17/2014,07/29/2014,100.00,,,53-236-d,Provide the required 6 month mechanical inspection for the taxicab
3Z39905421,Animal Control and Humane Treatment,Open,08/05/2014,07/17/2014,08/05/2014,100.00,,10/09/2014,5-203-A-1,Prevent the animal other than an altered cat to be at large
5Z42317322,False Alarm,Open,03/23/2020,03/02/2020,04/07/2020,500.00,Paid and Satisfied,,3a-4C(2),requesting police dispatch to a burglar alarm activation without providing the required alarm user registration number.
0Z36213205,Department of Housing and Community Affairs,Open,07/11/2014,07/02/2014,07/11/2014,500.00,Abatement Order entered,10/28/2014,26-9(a)(13),"Failure to remove, repair, and/or register unused vehicle"
4Z39904939,Animal Control and Humane Treatment,Open,05/18/2015,05/03/2015,05/18/2015,100.00,Abatement Order entered,08/11/2015,5-203-a-3,Prevent an animal from entering a private property without the property owners's permission
3Z40952635,Department of Permitting Services,Open,10/07/2015,09/22/2015,10/07/2015,1000.00,Abatement Order entered,12/15/2015,59-6-7-4(F),Posting signs in public right-of-way
6Z33918317,Department of Permitting Services,Open,10/19/2014,10/08/2014,10/19/2014,500.00,,12/16/2014,59-c-1.31,Parking vehicles on an RE residentially zoned property
5Z36215884,Department of Housing and Community Affairs,Open,12/10/2015,12/04/2015,12/10/2015,500.00,Abatement Order entered,05/10/2016,26-9(a)(13),"Failure to remove, repair, and/or register unused vehicle"
4Z36220083,Department of Housing and Community Affairs,Open,03/26/2018,03/12/2018,03/26/2018,500.00,Guilty,05/14/2019,26-9(b)(3),"Failure to maintain exterior surfaces free of flaking, peeling or loose paint and free of water seepage and against decay."
6Z36213638,Department of Housing and Community Affairs,Open,10/11/2014,10/03/2014,10/11/2014,500.00,Abatement Order entered,12/23/2014,26-9(a)(8),"Accumulating garbage or rubbish outside of approved storage container, garage or building."
2Z36216329,Department of Housing and Community Affairs,Open,04/15/2016,03/30/2016,04/15/2016,500.00,Abatement Order entered,06/28/2016,26-9(a)(13),"Failure to remove, repair, and/or register unused vehicle"
5Z36215485,Department of Housing and Community Affairs,Open,11/13/2015,11/03/2015,11/13/2015,500.00,Abatement Order entered,04/26/2016,26-9(a)(8),"Accumulating garbage or rubbish outside of approved storage container, garage or building."
1Z35038326,Health and Human Services,Open,01/24/2014,01/17/2014,01/24/2014,500.00,Abatement Order entered,03/18/2014,15-16-B,OPERATING UNDER CONDITIONS THAT PRESENT AN IMMINENT PUBLIC HEALTH HAZARD
4Z42126228,Animal Control and Humane Treatment,Open,01/31/2019,01/04/2019,01/31/2019,100.00,,04/09/2019,5-203-A-1,Prevent the animal other than an altered cat to be at large
1Z39905566,Animal Control and Humane Treatment,Open,05/16/2015,04/05/2015,05/16/2015,500.00,Abatement Order entered,08/11/2015,5-203-a-5,"Prevent an animal from causing unsanitary, dangerous, or offensive conditions because of the size or number of the animals in a single location"
2Z39910208,Department of Environmental Protection,Open,06/04/2014,05/28/2014,06/04/2014,100.00,Default Judgment,09/30/2014,48-05-03-d,Cease delivering solid waste that is acceptable for recycling
1Z36216496,Department of Housing and Community Affairs,Open,05/20/2016,05/12/2016,05/20/2016,500.00,Abatement Order entered,07/26/2016,26-9(b)(4),"Failure to maintain apron, driveway, sidewalk, walkway, parking lot, and/or patio in good serviceable and safe condition."
0Z36219722,Department of Housing and Community Affairs,Closed,01/29/2018,01/16/2018,05/04/2020,500.00,Dismiss without prejudice,,26-9(a)(9),"Failure to exterminate insects, rodents, or other vermin."
2Z36212906,Department of Housing and Community Affairs,Open,05/09/2014,05/05/2014,05/09/2014,500.00,Show Cause Order,07/29/2014,26-9(a)(2),"Failure to maintain door, window, and/or hatchway in sound working condition."
3Z40851912,Washington Metro. and Transit Auth. Police,Closed,12/31/2018,12/08/2018,04/08/2020,50.00,Default Judgment,03/12/2019,54-A-2-9,Cease entering or leaving a fare-paid area of a rail transport station without paying the fare or presenting a valid transfer
5Z39904716,Animal Control and Humane Treatment,Open,12/29/2014,10/31/2014,12/29/2014,100.00,Guilty,03/10/2015,5-203-A-1,Prevent the animal other than an altered cat to be at large
0Z36215858,Department of Housing and Community Affairs,Open,12/10/2015,12/04/2015,12/10/2015,500.00,Abatement Order entered,05/10/2016,26-9(c)(5),Failure to maintain floor covering in good repair and sanitary condition.
0Z40860442,Washington Metro. and Transit Auth. Police,Closed,08/15/2019,08/06/2019,04/08/2020,50.00,Default Judgment,11/12/2019,54-A-2-9,Cease entering or leaving a fare-paid area of a rail transport station without paying the fare or presenting a valid transfer
3Z36223764,Department of Housing and Community Affairs,Open,06/14/2019,06/03/2019,06/14/2019,500.00,Abatement Order entered,01/21/2020,26-9(b)(3),"Failure to maintain exterior surfaces free of flaking, peeling or loose paint and free of water seepage and against decay."
6Z40990088,Animal Control and Humane Treatment,Open,07/19/2017,07/12/2017,07/19/2017,100.00,Abatement Order entered,10/10/2017,5-203-A-1,Prevent the animal other than an altered cat to be at large
2Z36216903,Department of Housing and Community Affairs,Open,09/15/2016,09/07/2016,09/15/2016,500.00,Abatement Order entered,11/29/2016,26-9(a)(1),Failure to maintain item/structure in good repair.
0Z39905019,Animal Control and Humane Treatment,Open,06/12/2014,06/06/2014,06/12/2014,500.00,Guilty,09/09/2014,5-203-a-7,Prevent an animal from running at large on a Public school property
2Z36213704,Department of Housing and Community Affairs,Open,10/17/2014,10/14/2014,10/17/2014,500.00,Abatement Order entered,03/24/2015,26-9(a)(2),"Failure to maintain door, window, and/or hatchway in sound working condition."
6Z41767837,Animal Control and Humane Treatment,Open,03/02/2020,02/21/2020,03/02/2020,500.00,,,5-203-a-5,"Prevent an animal from causing unsanitary, dangerous, or offensive conditions because of the size or number of the animals in a single location"
5Z36214778,Department of Housing and Community Affairs,Open,07/02/2015,06/16/2015,07/02/2015,500.00,Abatement Order entered,09/29/2015,26-9(a)(1),Failure to maintain item/structure in good repair.
1Z40851959,Washington Metro. and Transit Auth. Police,Open,12/20/2019,12/02/2019,12/20/2019,50.00,,02/11/2020,54-A-2-9,Cease entering or leaving a fare-paid area of a rail transport station without paying the fare or presenting a valid transfer
0Z36213688,Department of Housing and Community Affairs,Open,10/17/2014,10/13/2014,06/02/2015,500.00,Abatement Order entered,05/26/2015,26-9(a)(2),"Failure to maintain door, window, and/or hatchway in sound working condition."
1Z40990251,Animal Control and Humane Treatment,Open,06/23/2016,06/14/2016,06/23/2016,500.00,Abatement Order entered,09/13/2016,5-203-C,Prevent the animal from having unwanted contact with a person or another domesticated animal at all times.
4Z39891779,Department of Permitting Services,Open,12/27/2013,12/17/2013,12/27/2013,500.00,Abatement Order entered,03/18/2014,8-22-c,"Comply with any of the requirements and refrain from erecting, constructing, altering or repairing a building or structure in violation of an approved plan."
1Z36215060,Department of Housing and Community Affairs,Open,10/23/2015,09/16/2015,10/23/2015,500.00,,,26-9(a)(13),"Failure to remove, repair, and/or register unused vehicle"
4Z33918378,Department of Permitting Services,Open,11/16/2014,03/18/2014,11/16/2014,500.00,,03/31/2015,59-c-1.31,Parking vehicles on an RE residentially zoned property
6Z42125796,Animal Control and Humane Treatment,Open,05/24/2018,05/09/2018,05/24/2018,100.00,Abatement Order entered,09/11/2018,5-203-A-1,Prevent the animal other than an altered cat to be at large
4Z40952531,Department of Permitting Services,Open,06/02/2016,05/24/2016,06/02/2016,500.00,Abatement Order entered,08/16/2016,59-6-7-4(F),Posting signs in public right-of-way
3Z36212851,Department of Housing and Community Affairs,Open,04/25/2014,04/18/2014,04/25/2014,500.00,Abatement Order entered,07/22/2014,26-9(a)(8),"Accumulating garbage or rubbish outside of approved storage container, garage or building."
1Z39895493,Animal Control and Humane Treatment,Open,02/23/2016,01/27/2016,02/23/2016,500.00,Abatement Order entered,04/12/2016,5-203-C,Prevent the animal from having unwanted contact with a person or another domesticated animal at all times.
0Z36225574,Department of Housing and Community Affairs,Open,11/15/2019,11/05/2019,11/15/2019,500.00,Stet Docket,02/18/2020,26-9(a)(4),Failure to maintain supplied facility in satisfactory working condition.
2Z39905483,Animal Control and Humane Treatment,Open,03/31/2016,02/14/2016,03/31/2016,100.00,Abatement Order entered,06/14/2016,5-203-A-1,Prevent the animal other than an altered cat to be at large
6Z40860413,Washington Metro. and Transit Auth. Police,Closed,11/15/2018,10/23/2018,04/08/2020,50.00,Default Judgment,01/08/2019,54-A-2-9,Cease entering or leaving a fare-paid area of a rail transport station without paying the fare or presenting a valid transfer
5Z36213203,Department of Housing and Community Affairs,Open,07/11/2014,07/02/2014,07/11/2014,500.00,Show Cause Order Withdrawn,11/25/2014,26-9(a)(13),"Failure to remove, repair, and/or register unused vehicle"
1Z39905489,Animal Control and Humane Treatment,Open,04/21/2016,04/15/2016,04/21/2016,500.00,Abatement Order entered,09/13/2016,5-203-C,Prevent the animal from having unwanted contact with a person or another domesticated animal at all times.
6Z39905144,Animal Control and Humane Treatment,Open,06/04/2014,05/21/2014,06/04/2014,500.00,Guilty,09/09/2014,5-203-C,Prevent the animal from having unwanted contact with a person or another domesticated animal at all times.
4Z36226747,Department of Housing and Community Affairs,Open,02/07/2020,02/03/2020,02/07/2020,500.00,,,26-6(a),Failure to maintain electrical service in good safe working condition.
4z39889483,Department of Environmental Protection,Open,02/14/2020,01/17/2020,02/14/2020,250.00,,,48-19-A,Obtain a valid collectors license before collecting and transporting solid waste within the county.
1Z36213486,Department of Housing and Community Affairs,Open,09/12/2014,09/04/2014,09/12/2014,500.00,Abatement Order entered,12/23/2014,26-8(f),Failure to provide required address for the dwelling unit.
5Z36215121,Department of Housing and Community Affairs,Open,10/01/2015,09/23/2015,10/01/2015,500.00,Defendant found in contempt,08/23/2016,26-9(a)(1),Failure to maintain item/structure in good repair.
0Z36224167,Department of Housing and Community Affairs,Open,07/19/2019,07/03/2019,07/19/2019,500.00,Guilty,10/29/2019,26-9(a)(8),"Accumulating garbage or rubbish outside of approved storage container, garage or building."
3Z42317299,False Alarm,Open,03/23/2020,03/02/2020,03/23/2020,500.00,Paid and Satisfied,,3a-4C(2),requesting police dispatch to a burglar alarm activation without providing the required alarm user registration number.
5Z36222254,Department of Housing and Community Affairs,Open,01/05/2019,12/19/2018,01/05/2019,500.00,,,26-9(a)(1),Failure to maintain item/structure in good repair.
0Z39896122,Animal Control and Humane Treatment,Open,04/27/2016,04/19/2016,04/27/2016,500.00,Abatement Order entered,07/12/2016,5-201-b-2,"Dogs which are transported on or in the back of trucks or other open-bed vehicles must either be cross-tethered or confined in a suitable cage made of wood, wire or plastic to prevent them from departing the vehicle while it is in motion."
0Z36226820,Department of Housing and Community Affairs,Open,01/21/2020,02/11/2020,01/21/2020,500.00,,,26-9(c)(1),"Failure to maintain plumbing fixture in good sanitary working condition free from defects, leaks, and other obstructions."
5Z40854371,Washington Metro. and Transit Auth. Police,Closed,08/23/2019,05/29/2019,04/08/2020,50.00,Default Judgment,09/10/2019,54-A-2-9,Cease entering or leaving a fare-paid area of a rail transport station without paying the fare or presenting a valid transfer
1Z39905300,Animal Control and Humane Treatment,Open,08/17/2014,08/08/2014,08/17/2014,500.00,Default Judgment,10/14/2014,5-201-A-13,Refrain from leaving an animal in a vehicle under certain circumstances
3Z36212886,Department of Housing and Community Affairs,Open,05/02/2014,04/28/2014,05/02/2014,500.00,Abatement Order entered,07/22/2014,26-9(b)(5),"Failure to maintain grounds: free of erosion or gullying; grass or weeds over 12 inches high; and/or shrubbery, trees, vines, hedges, and other vegetation, including dead trees and branches."
6Z36213708,Department of Housing and Community Affairs,Open,10/17/2014,10/14/2014,10/17/2014,500.00,Abatement Order entered,03/24/2015,26-9(a)(4),Failure to maintain supplied facility in satisfactory working condition.
3Z39905309,Animal Control and Humane Treatment,Open,08/17/2014,07/11/2014,08/17/2014,100.00,Abatement Order entered,10/14/2014,5-203-a-3,Prevent an animal from entering a private property without the property owners's permission
2Z36224533,Department of Housing and Community Affairs,Open,09/06/2019,08/28/2019,09/06/2019,500.00,Abatement Order entered,11/19/2019,26-9(a)(1),Failure to maintain item/structure in good repair.
4Z36226348,Department of Housing and Community Affairs,Open,12/19/2019,12/06/2019,12/19/2019,500.00,,03/31/2020,26-9(a)(4),Failure to maintain supplied facility in satisfactory working condition.
1Z39882179,Department of Permitting Services,Open,12/30/2013,12/16/2013,12/30/2013,500.00,Abatement Order Compliance,10/21/2014,59-c-1.31,Parking vehicles on an RE residentially zoned property
3Z40704926,Police Department,Open,05/03/2015,04/15/2015,05/03/2015,100.00,Abatement Order entered,08/11/2015,31-28-1,Engaging in unsafe conduct
1Z39896872,Animal Control and Humane Treatment,Open,03/31/2016,03/09/2016,03/31/2016,500.00,Abatement Order entered,06/14/2016,5-203-C,Prevent the animal from having unwanted contact with a person or another domesticated animal at all times.
6Z36225174,Department of Housing and Community Affairs,Open,11/15/2019,11/04/2019,11/15/2019,500.00,,03/24/2020,26-9(c)(1),"Failure to maintain plumbing fixture in good sanitary working condition free from defects, leaks, and other obstructions."
2z39893125,Department of Housing and Community Affairs,Open,10/19/2016,09/08/2016,10/19/2016,500.00,,,29-48-a,failure to comply with the Landlord/Tenant Commission Decisison and Order
5Z36225691,Department of Housing and Community Affairs,Open,12/05/2019,11/22/2019,12/05/2019,500.00,,03/31/2020,26-9(a)(1),Failure to maintain item/structure in good repair.
0Z36226904,Department of Housing and Community Affairs,Open,01/21/2020,02/14/2020,01/21/2020,500.00,,,26-9(a)(13),"Failure to remove, repair, and/or register unused vehicle"
2Z39896726,Animal Control and Humane Treatment,Open,12/30/2015,12/22/2015,12/30/2015,100.00,Abatement Order entered,02/09/2016,5-203-A-6,Prevent the animal from creating or causing noise that is loud and persistent enough to disturb another person's quiet enjoyment.
0Z36215984,Department of Housing and Community Affairs,Open,01/08/2016,12/24/2015,01/08/2016,500.00,Abatement Order entered,04/26/2016,26-9(a)(13),"Failure to remove, repair, and/or register unused vehicle"
4Z40985102,Animal Control and Humane Treatment,Open,08/31/2015,08/18/2015,08/31/2015,500.00,Abatement Order entered,11/10/2015,5-203-C,Prevent the animal from having unwanted contact with a person or another domesticated animal at all times.
1Z36216139,Department of Housing and Community Affairs,Open,02/26/2016,02/17/2016,02/26/2016,500.00,Abatement Order entered,05/24/2016,26-9(a)(8),"Accumulating garbage or rubbish outside of approved storage container, garage or building."
2Z39911076,Department of Environmental Protection,Open,07/31/2014,07/23/2014,09/29/2015,100.00,Default Judgment,10/21/2014,48-03-c-3,failure to recycle the required materials (mixed paper in trash container; no recycling containers or recycling service)
5Z39905059,Animal Control and Humane Treatment,Open,05/03/2014,04/12/2014,05/03/2014,100.00,Abatement Order entered,07/08/2014,5-203-a-2,Refrain from allowing an animal to defecate on another person's property
4Z36211627,Department of Housing and Community Affairs,Open,09/12/2013,08/29/2013,09/12/2013,500.00,Abatement Order entered,11/26/2013,26-9(a)(2),"Failure to maintain door, window, and/or hatchway in sound working condition."
5Z41111026,Office of Consumer Protection,Open,04/08/2020,04/04/2020,04/08/2020,500.00,,,11-4-N-O,operating a deceptive trade practice and misrepresenting to a consumer that he has a working body shop in a legal location when in fact there is no body shop.
0Z36221843,Department of Housing and Community Affairs,Open,11/02/2018,10/24/2018,11/02/2018,500.00,Abatement Order entered,02/26/2019,26-9(a)(2),"Failure to maintain door, window, and/or hatchway in sound working condition."
6Z42317379,False Alarm,Closed,04/21/2020,03/29/2020,04/22/2020,500.00,Paid and Satisfied,,3a-4C(2),requesting police dispatch to a burglar alarm activation without providing the required alarm user registration number.
1Z42317206,False Alarm,Closed,01/24/2020,12/19/2019,04/07/2020,500.00,Paid and Satisfied,,3a-4C(2),requesting police dispatch to a burglar alarm activation without providing the required alarm user registration number.
5Z40855204,Washington Metro. and Transit Auth. Police,Open,08/27/2019,08/17/2019,08/27/2019,50.00,Default Judgment,01/14/2020,54-A-2-9,Cease entering or leaving a fare-paid area of a rail transport station without paying the fare or presenting a valid transfer
6Z36213701,Department of Housing and Community Affairs,Open,10/17/2014,10/14/2014,10/17/2014,500.00,Abatement Order entered,03/24/2015,26-9(a)(2),"Failure to maintain door, window, and/or hatchway in sound working condition."
4Z36225382,Department of Housing and Community Affairs,Open,11/15/2019,11/05/2019,11/15/2019,500.00,Stet Docket,02/18/2020,26-9(a)(4),Failure to maintain supplied facility in satisfactory working condition.
5Z36215863,Department of Housing and Community Affairs,Open,12/10/2015,12/04/2015,12/10/2015,500.00,Abatement Order entered,05/10/2016,26-9(a)(1),Failure to maintain item/structure in good repair.
2Z39904496,Animal Control and Humane Treatment,Open,08/08/2014,08/04/2014,08/08/2014,500.00,Abatement Order entered,10/14/2014,5-203-C,Prevent the animal from having unwanted contact with a person or another domesticated animal at all times.
6Z36221212,Department of Housing and Community Affairs,Open,08/24/2018,08/16/2018,08/24/2018,500.00,Abatement Order entered,11/27/2018,26-9(b)(4),"Failure to maintain apron, driveway, sidewalk, walkway, parking lot, and/or patio in good serviceable and safe condition."
3Z39887011,Animal Control and Humane Treatment,Open,03/09/2013,02/15/2013,03/09/2013,100.00,Abatement Order entered,04/09/2013,5-203-A-1,Prevent the animal other than an altered cat to be at large
3Z36226725,Department of Housing and Community Affairs,Open,02/07/2020,02/03/2020,02/07/2020,500.00,,,26-9(a)(4),Failure to maintain supplied facility in satisfactory working condition.
1Z39905503,Animal Control and Humane Treatment,Open,05/29/2014,03/15/2014,05/29/2014,100.00,Default Judgment,08/12/2014,5-203-A-1,Prevent the animal other than an altered cat to be at large
3Z42317390,False Alarm,Open,04/21/2020,03/29/2020,04/21/2020,500.00,,,3a-4C(2),requesting police dispatch to a burglar alarm activation without providing the required alarm user registration number.
4Z39887068,Animal Control and Humane Treatment,Open,01/24/2014,01/08/2014,01/24/2014,500.00,Guilty,03/11/2014,5-201-a-10,"Abuse/neglect of pet animal by unnecessarily failing to provide nutrious food in a sufficient quantity, necessary vet care, proper drink, air space and shelter"
5Z36213518,Department of Housing and Community Affairs,Closed,09/19/2014,09/11/2014,05/04/2020,500.00,Abatement Order Compliance,,26-8(f),Failure to provide required address for the dwelling unit.
1Z39895941,Animal Control and Humane Treatment,Open,04/25/2015,03/31/2015,04/25/2015,100.00,Abatement Order entered,07/21/2015,5-203-A-1,Prevent the animal other than an altered cat to be at large
0Z40860295,Washington Metro. and Transit Auth. Police,Closed,11/30/2018,11/02/2018,04/08/2020,50.00,Default Judgment,03/12/2019,54-A-2-9,Cease entering or leaving a fare-paid area of a rail transport station without paying the fare or presenting a valid transfer
3Z36214804,Department of Housing and Community Affairs,Open,06/19/2015,06/17/2015,11/04/2015,500.00,Abatement Order entered,10/20/2015,26-9(a)(12),Failure to eliminate public nuisance.
2Z36223945,Department of Housing and Community Affairs,Open,07/19/2019,06/24/2019,07/19/2019,500.00,Dismiss without prejudice,11/19/2019,26-9(a)(1),Failure to maintain item/structure in good repair.
2Z36224064,Department of Housing and Community Affairs,Open,07/11/2019,06/27/2019,07/11/2019,500.00,Abatement Order entered,10/22/2019,26-9(a)(1),Failure to maintain item/structure in good repair.
2Z39896292,Animal Control and Humane Treatment,Open,06/28/2018,06/07/2018,06/28/2018,100.00,Stet Docket,09/11/2018,5-203-A-6,Prevent the animal from creating or causing noise that is loud and persistent enough to disturb another person's quiet enjoyment.
2Z39905756,Animal Control and Humane Treatment,Open,08/17/2014,04/14/2014,08/17/2014,100.00,Abatement Order entered,10/14/2014,5-203-A-1,Prevent the animal other than an altered cat to be at large
6Z41110985,Office of Consumer Protection,Open,11/30/2018,11/13/2018,11/30/2018,500.00,Continued,06/18/2019,11-4-N-O,operating a deceptive trade practice and misrepresenting to a consumer that he has a working body shop in a legal location when in fact there is no body shop.
2Z36215881,Department of Housing and Community Affairs,Open,12/10/2015,12/04/2015,12/10/2015,500.00,Abatement Order entered,05/10/2016,26-9(a)(6),Failure to maintain premises in safe and sanitary condition.
6Z35038282,Health and Human Services,Open,10/04/2014,09/26/2014,10/04/2014,50.00,Abatement Order entered,01/13/2015,24-9-c,"offering, selling, or dispensing a tobacco product to a minor"
2Z36216196,Department of Housing and Community Affairs,Open,03/18/2016,03/04/2016,03/18/2016,500.00,Abatement Order entered,05/24/2016,26-9(a)(13),"Failure to remove, repair, and/or register unused vehicle"
0z40850481,Washington Metro. and Transit Auth. Police,Closed,03/15/2019,02/12/2019,04/08/2020,50.00,Default Judgment,06/11/2019,54-A-2-9,Cease entering or leaving a fare-paid area of a rail transport station without paying the fare or presenting a valid transfer
1Z42317353,False Alarm,Closed,04/21/2020,03/29/2020,04/22/2020,500.00,Paid and Satisfied,,3a-4C(2),requesting police dispatch to a burglar alarm activation without providing the required alarm user registration number.
0Z39896864,Animal Control and Humane Treatment,Open,02/17/2016,02/05/2016,02/18/2016,500.00,Abatement Order entered,03/08/2016,5-203-C,Prevent the animal from having unwanted contact with a person or another domesticated animal at all times.
1Z36216902,Department of Housing and Community Affairs,Open,09/15/2016,09/07/2016,09/15/2016,500.00,Abatement Order entered,11/29/2016,26-9(a)(2),"Failure to maintain door, window, and/or hatchway in sound working condition."
6Z36226546,Department of Housing and Community Affairs,Open,01/16/2020,01/06/2020,01/16/2020,500.00,,,26-9(a)(8),"Accumulating garbage or rubbish outside of approved storage container, garage or building."
2Z39895942,Animal Control and Humane Treatment,Open,04/25/2015,03/31/2015,04/25/2015,500.00,Abatement Order entered,07/21/2015,5-203-C,Prevent the animal from having unwanted contact with a person or another domesticated animal at all times.
6Z40852475,Washington Metro. and Transit Auth. Police,Open,06/27/2018,06/05/2018,06/27/2018,100.00,,,5-601,Possession of marijuana less than 10 grams
4Z36216303,Department of Housing and Community Affairs,Open,03/25/2016,03/22/2016,03/25/2016,500.00,Abatement Order entered,05/31/2016,26-13(c)(3),Occupying or allowing the occupancy of a condemned dwelling/structure.
6Z36222528,Department of Housing and Community Affairs,Closed,02/06/2019,01/28/2019,04/07/2020,500.00,Satisfaction,04/23/2019,26-9(a)(1),Failure to maintain item/structure in good repair.
3Z39905484,Animal Control and Humane Treatment,Open,03/31/2016,02/19/2016,03/31/2016,500.00,Abatement Order entered,06/14/2016,5-203-C,Prevent the animal from having unwanted contact with a person or another domesticated animal at all times.
3Z39895866,Animal Control and Humane Treatment,Open,01/14/2015,12/31/2014,01/14/2015,100.00,Stet Docket,03/10/2015,5-203-A-1,Prevent the animal other than an altered cat to be at large
3Z36226487,Department of Housing and Community Affairs,Open,12/19/2019,12/17/2019,12/19/2019,1000.00,,,29-51(j),Failure to Report Rental Status of Each Unit in Rental Survey
1Z39893428,Department of Environmental Protection,Open,07/11/2014,07/10/2014,09/29/2015,150.00,Default Judgment,10/21/2014,48-03-c-3,failure to recycle the required materials (mixed paper in trash container; no recycling containers or recycling service)
6Z39905459,Animal Control and Humane Treatment,Open,02/23/2016,02/01/2016,02/23/2016,100.00,Abatement Order entered,05/10/2016,5-203-a-3,Prevent an animal from entering a private property without the property owners's permission
2Z40952529,Department of Permitting Services,Open,06/02/2016,05/24/2016,06/02/2016,500.00,Abatement Order entered,08/16/2016,59-6-7-4(F),Posting signs in public right-of-way
3Z33918356,Department of Permitting Services,Open,10/12/2014,09/09/2014,10/12/2014,500.00,,12/16/2014,59-c-1.326,Cease the construction of 2 structures in violation of the side yard setback requirements
2Z740860248,Washington Metro. and Transit Auth. Police,Closed,08/01/2019,03/07/2019,04/08/2020,50.00,Default Judgment,10/08/2019,54-A-2-9,Cease entering or leaving a fare-paid area of a rail transport station without paying the fare or presenting a valid transfer
6Z40850851,Washington Metro. and Transit Auth. Police,Closed,11/30/2018,11/16/2018,04/08/2020,50.00,Default Judgment,03/12/2019,54-A-2-9,Cease entering or leaving a fare-paid area of a rail transport station without paying the fare or presenting a valid transfer
1Z36212849,Department of Housing and Community Affairs,Open,04/25/2014,04/18/2014,04/25/2014,500.00,Abatement Order entered,07/22/2014,26-9-a-13,"remove, repair and/or register the unused vehicle"
3Z36216141,Department of Housing and Community Affairs,Open,02/26/2016,02/17/2016,02/26/2016,500.00,Abatement Order entered,05/24/2016,26-9(a)(13),"Failure to remove, repair, and/or register unused vehicle"
5Z40952756,Department of Permitting Services,Open,04/27/2016,03/30/2016,04/27/2016,500.00,,06/21/2016,59-6-2-5-L3(a),Parking more than three light commercial vehicles on the subject residentially zoned property
3Z36214853,Department of Housing and Community Affairs,Open,07/10/2015,07/02/2015,07/10/2015,500.00,Abatement Order entered,09/29/2015,26-9(a)(12),Failure to eliminate public nuisance.
5Z34013929,Health and Human Services,Open,10/04/2014,09/26/2014,10/04/2014,500.00,Abatement Order Compliance,12/16/2014,10-15-03-20-,openings into the buildings not being protected against insects and rodents from entering the building; doors are not tight fitting or self closing
6Z39911388,Department of Environmental Protection/Solid Waste,Open,04/29/2015,04/27/2015,04/29/2015,500.00,Default Judgment,06/16/2015,48-19(A)-2-B,Transporting solid waste in the County without a suitable cover
6Z36224061,Department of Housing and Community Affairs,Open,07/11/2019,06/27/2019,07/11/2019,500.00,Abatement Order entered,10/22/2019,26-9(a)(1),Failure to maintain item/structure in good repair.
0Z40953255,Department of Permitting Services,Open,07/18/2017,06/19/2017,07/18/2017,500.00,Abatement Order entered,10/17/2017,59-4-4-4-B-1,Maximum lot coverage exceeds 35 percent in a R-60 zone
6Z39910695,Department of Environmental Protection/Solid Waste,Open,05/20/2015,05/13/2015,05/20/2015,500.00,Guilty,08/18/2015,48-21-B,Cease the collection of solid waste within Montgomery County before the hours of 7:00 am and less than 500 feet of a residential or occupied structure
1Z39905146,Animal Control and Humane Treatment,Open,06/04/2014,05/21/2014,06/04/2014,100.00,Guilty,09/09/2014,5-203-a-2,Refrain from allowing an animal to defecate on another person's property
0Z42317359,False Alarm,Closed,04/21/2020,03/29/2020,04/28/2020,500.00,Paid and Satisfied,,3a-4C(2),requesting police dispatch to a burglar alarm activation without providing the required alarm user registration number.
2Z36211156,Department of Housing and Community Affairs,Open,06/17/2013,06/11/2013,06/17/2013,500.00,Guilty,08/27/2013,26-9(a)(8),"Accumulating garbage or rubbish outside of approved storage container, garage or building."
2Z36224176,Department of Housing and Community Affairs,Open,07/11/2019,07/03/2019,07/11/2019,500.00,Guilty,10/29/2019,26-9(a)(8),"Accumulating garbage or rubbish outside of approved storage container, garage or building."
0Z42317331,False Alarm,Open,03/23/2020,03/02/2020,03/23/2020,500.00,Paid and Satisfied,,3a-4C(2),requesting police dispatch to a burglar alarm activation without providing the required alarm user registration number.
1Z36223944,Department of Housing and Community Affairs,Open,07/19/2019,06/24/2019,07/19/2019,500.00,Dismiss without prejudice,11/19/2019,26-9(b)(5),"Failure to maintain grounds: free of erosion or gullying; grass or weeds over 12 inches high; and/or shrubbery, trees, vines, hedges, and other vegetation, including dead trees and branches."
6Z36226567,Department of Housing and Community Affairs,Open,01/16/2020,01/06/2020,01/16/2020,500.00,,,26-9(a)(8),"Accumulating garbage or rubbish outside of approved storage container, garage or building."
1Z39891783,Department of Permitting Services,Open,01/29/2014,01/08/2014,01/29/2014,500.00,Abatement Order entered,03/18/2014,8-17-24-29-a,failure to comply with the NOV to repair rebuilt addition per the plans and obtain permits for other work done in house without a permit
6Z36225391,Department of Housing and Community Affairs,Open,11/15/2019,11/05/2019,11/15/2019,500.00,Stet Docket,02/18/2020,26-9(a)(4),Failure to maintain supplied facility in satisfactory working condition.
3Z42126234,Animal Control and Humane Treatment,Open,03/02/2020,02/21/2020,03/02/2020,500.00,,,5-201-b,Provide shade and shelterfor an animal on a 90 degrees day.
5Z39895854,Animal Control and Humane Treatment,Open,11/30/2014,11/19/2014,11/30/2014,100.00,Stet Docket,02/10/2015,5-203-a-9,Obtain and provide proof that an animal is licensed in Montgomery County
4Z36214028,Department of Housing and Community Affairs,Open,03/03/2015,01/08/2015,03/03/2015,500.00,Abatement Order entered,03/24/2015,26-9(a)(1),Failure to maintain item/structure in good repair.
1Z42317360,False Alarm,Closed,04/21/2020,03/29/2020,04/28/2020,500.00,Paid and Satisfied,,3a-4C(2),requesting police dispatch to a burglar alarm activation without providing the required alarm user registration number.
0z406860239,Washington Metro. and Transit Auth. Police,Closed,03/25/2019,02/02/2019,04/08/2020,50.00,Default Judgment,05/14/2019,54-A-2-9,Cease entering or leaving a fare-paid area of a rail transport station without paying the fare or presenting a valid transfer
5Z39882827,Department of Permitting Services,Open,01/12/2015,12/22/2014,01/12/2015,500.00,,,49-10-b,Cease the installation of a fence within a County right of way
2Z36215888,Department of Housing and Community Affairs,Open,12/10/2015,12/04/2015,12/10/2015,500.00,Abatement Order entered,05/10/2016,26-9(a)(13),"Failure to remove, repair, and/or register unused vehicle"
0Z36225217,Department of Housing and Community Affairs,Open,11/15/2019,11/05/2019,11/15/2019,500.00,Stet Docket,02/18/2020,26-9(a)(4),Failure to maintain supplied facility in satisfactory working condition.
1Z36213066,Department of Housing and Community Affairs,Open,06/17/2014,06/11/2014,06/17/2014,500.00,Abatement Order entered,09/23/2014,26-9(a)(1),Failure to maintain item/structure in good repair.
4Z40854580,Washington Metro. and Transit Auth. Police,Closed,01/25/2019,01/07/2019,04/08/2020,50.00,Default Judgment,03/12/2019,54-A-2-9,Cease entering or leaving a fare-paid area of a rail transport station without paying the fare or presenting a valid transfer
0Z36226351,Department of Housing and Community Affairs,Open,12/19/2019,12/06/2019,12/19/2019,500.00,,03/31/2020,26-9(a)(4),Failure to maintain supplied facility in satisfactory working condition.
5Z36211607,Department of Housing and Community Affairs,Open,09/12/2013,08/29/2013,09/12/2013,500.00,Abatement Order entered,11/26/2013,26-9(a)(2),"Failure to maintain door, window, and/or hatchway in sound working condition."
3Z39895999,Animal Control and Humane Treatment,Open,04/30/2015,04/28/2015,04/30/2015,500.00,,,5-203-C,Prevent the animal from having unwanted contact with a person or another domesticated animal at all times.
5Z39886999,Animal Control and Humane Treatment,Open,02/22/2014,08/05/2013,02/22/2014,500.00,Guilty,04/08/2014,5-203-C,Prevent the animal from having unwanted contact with a person or another domesticated animal at all times.
5Z36225320,Department of Housing and Community Affairs,Open,11/15/2019,11/05/2019,11/15/2019,500.00,Stet Docket,02/18/2020,26-9(a)(4),Failure to maintain supplied facility in satisfactory working condition.
3Z39889552,Department of Environmental Protection,Open,06/30/2019,06/05/2019,06/30/2019,750.00,Continued,01/14/2020,31B-5-B,Causing or permitting a noise disturbance
0z39896801,Animal Control and Humane Treatment,Open,04/27/2016,04/18/2016,04/27/2016,100.00,Abatement Order entered,08/09/2016,5-203-A-1,Prevent the animal other than an altered cat to be at large
3Z39889692,Department of Environmental Protection,Open,07/17/2019,07/16/2019,07/17/2019,500.00,,10/08/2019,19-50-c,Prevent vehicle fluids from draining onto the dirt and gravel from the vehicle equipment storage lot and then flowing into the waters of the State.
0Z39891838,Department of Permitting Services,Open,11/30/2014,10/16/2014,11/30/2014,500.00,Abatement Order entered,03/31/2015,8-24-a,Comply with the NOV requiring permits and inspections for large additions to the home
3Z39905022,Animal Control and Humane Treatment,Open,06/12/2014,06/06/2014,06/12/2014,100.00,Guilty,09/09/2014,5-203-a-9,Obtain and provide proof that an animal is licensed in Montgomery County
3Z40859927,Washington Metro. and Transit Auth. Police,Closed,09/25/2019,09/19/2019,04/08/2020,50.00,Default Judgment,12/10/2019,54-A-2-9,Cease entering or leaving a fare-paid area of a rail transport station without paying the fare or presenting a valid transfer
5Z36212881,Department of Housing and Community Affairs,Open,04/25/2014,04/23/2014,04/25/2014,500.00,Abatement Order entered,07/22/2014,26-9(a)(13),"Failure to remove, repair, and/or register unused vehicle"
4Z36224178,Department of Housing and Community Affairs,Open,07/19/2019,07/03/2019,07/19/2019,500.00,Abatement Order entered,10/22/2019,26-9(a)(13),"Failure to remove, repair, and/or register unused vehicle"
0Z40850894,Washington Metro. and Transit Auth. Police,Open,01/29/2020,12/19/2019,01/29/2020,50.00,,,54-A-2-9,Cease entering or leaving a fare-paid area of a rail transport station without paying the fare or presenting a valid transfer
4Z39904512,Animal Control and Humane Treatment,Open,08/08/2013,08/04/2013,08/08/2013,100.00,Guilty,10/08/2013,5-203-A-1,Prevent the animal other than an altered cat to be at large
4Z36211851,Department of Housing and Community Affairs,Open,09/12/2013,08/29/2013,09/12/2013,500.00,Abatement Order entered,11/26/2013,26-9(a)(2),"Failure to maintain door, window, and/or hatchway in sound working condition."
2Z36225576,Department of Housing and Community Affairs,Open,11/15/2019,11/05/2019,11/15/2019,500.00,Stet Docket,02/18/2020,26-9(a)(4),Failure to maintain supplied facility in satisfactory working condition.
3Z42211515,Animal Control and Humane Treatment,Open,06/30/2019,05/31/2019,06/30/2019,100.00,Abatement Order entered,09/10/2019,5-203-a-3,Prevent an animal from entering a private property without the property owners's permission
5Z39905052,Animal Control and Humane Treatment,Open,03/01/2014,02/18/2014,03/01/2014,100.00,Stet Docket,05/13/2014,5-203-A-1,Prevent the animal other than an altered cat to be at large
2Z36225044,Department of Housing and Community Affairs,Open,11/01/2019,10/23/2019,11/01/2019,500.00,,03/24/2020,26-13(c)(3),Occupying or allowing the occupancy of a condemned dwelling/structure.
1Z36227073,Department of Housing and Community Affairs,Open,03/23/2020,03/10/2020,03/23/2020,500.00,,,26-9(a)(1),Failure to maintain item/structure in good repair.
0z35038332,HEALTH AND HUMAN SERVICES,Open,03/25/2015,03/18/2015,03/25/2015,500.00,Abatement Order entered,05/19/2015,15-8-b-1,operating a food facility without a certified food manager
3Z36213712,Department of Housing and Community Affairs,Open,10/17/2014,10/14/2014,10/17/2014,500.00,Abatement Order entered,03/24/2015,26-9(a)(2),"Failure to maintain door, window, and/or hatchway in sound working condition."
0Z36226085,Department of Housing and Community Affairs,Open,12/19/2019,12/03/2019,12/19/2019,500.00,,,26-9(b)(3),"Failure to maintain exterior surfaces free of flaking, peeling or loose paint and free of water seepage and against decay."
5Z36226699,Department of Housing and Community Affairs,Open,01/31/2020,01/27/2020,01/31/2020,500.00,,,26-9(a)(1),Failure to maintain item/structure in good repair.
6z39895946,Animal Control and Humane Treatment,Open,06/09/2015,05/12/2015,06/09/2015,100.00,Guilty,08/11/2015,5-203-a-3,Prevent an animal from entering a private property without the property owners's permission
3Z36225689,Department of Housing and Community Affairs,Open,12/05/2019,11/22/2019,12/05/2019,500.00,,03/31/2020,26-9(a)(4),Failure to maintain supplied facility in satisfactory working condition.
4Z36226271,Department of Housing and Community Affairs,Open,12/19/2019,12/06/2019,12/19/2019,500.00,,03/31/2020,26-8(e),Failure to supply/ install/ maintain required locks.
1Z36217385,Department of Housing and Community Affairs,Open,01/25/2017,11/15/2016,07/18/2018,500.00,Defendant found in contempt,03/31/2020,26-9(a)(1),Failure to maintain item/structure in good repair.
3Z42317383,False Alarm,Closed,04/21/2020,03/29/2020,04/22/2020,500.00,Paid and Satisfied,,3a-4C(5),Requesting police dispatch to a burglar alarm activation after having been notified that the alarm user was in a suspended police response status.
2Z36213557,Department of Housing and Community Affairs,Open,09/27/2014,09/17/2014,09/27/2014,500.00,Continued,12/23/2014,26-9(a)(13),"Failure to remove, repair, and/or register unused vehicle"
6Z36223333,Department of Housing and Community Affairs,Open,06/03/2019,05/01/2019,06/03/2019,500.00,Guilty,08/27/2019,26-9(b)(3),"Failure to maintain exterior surfaces free of flaking, peeling or loose paint and free of water seepage and against decay."
5Z36225481,Department of Housing and Community Affairs,Open,11/15/2019,11/05/2019,11/15/2019,500.00,Stet Docket,02/18/2020,26-9(a)(4),Failure to maintain supplied facility in satisfactory working condition.
1Z36216440,Department of Housing and Community Affairs,Open,05/20/2016,05/02/2016,05/20/2016,500.00,Abatement Order entered,07/26/2016,26-9(a)(4),Failure to maintain supplied facility in satisfactory working condition.
5Z36216451,Department of Housing and Community Affairs,Open,05/20/2016,05/02/2016,05/20/2016,500.00,Abatement Order entered,07/26/2016,26-9(a)(9),"Failure to exterminate insects, rodents, or other vermin."
5Z36213644,Department of Housing and Community Affairs,Open,11/21/2014,10/07/2014,11/21/2014,500.00,Abatement Order entered,02/24/2015,26-13(c)(3),Occupying or allowing the occupancy of a condemned dwelling/structure.
4Z39896672,Animal Control and Humane Treatment,Open,05/31/2016,05/01/2016,05/31/2016,100.00,Guilty,08/09/2016,5-203-A-1,Prevent the animal other than an altered cat to be at large
0Z42317324,False Alarm,Open,03/23/2020,03/02/2020,03/23/2020,500.00,Paid and Satisfied,,3a-4C(2),requesting police dispatch to a burglar alarm activation without providing the required alarm user registration number.
0Z36214549,Department of Housing and Community Affairs,Open,05/01/2015,04/28/2015,05/01/2015,500.00,Abatement Order entered,09/22/2015,26-9(a)(13),"Failure to remove, repair, and/or register unused vehicle"
0Z36216908,Department of Housing and Community Affairs,Open,09/26/2016,09/08/2016,09/26/2016,500.00,,,26-6(a),Failure to maintain electrical service in good safe working condition.
3Z36215896,Department of Housing and Community Affairs,Open,12/10/2015,12/04/2015,12/10/2015,500.00,Abatement Order entered,05/10/2016,26-13(d),Defacing or removing condemnation placard from dwelling/structure.
1Z36226275,Department of Housing and Community Affairs,Open,12/19/2019,12/06/2019,12/19/2019,500.00,,03/31/2020,26-9(a)(4),Failure to maintain supplied facility in satisfactory working condition.
2Z36213487,Department of Housing and Community Affairs,Open,09/12/2014,09/04/2014,09/12/2014,500.00,Abatement Order entered,12/22/2003,26-9(b)(3),"Failure to maintain exterior surfaces free of flaking, peeling or loose paint and free of water seepage and against decay."
0Z36216327,Department of Housing and Community Affairs,Open,04/15/2016,03/28/2016,04/15/2016,500.00,Abatement Order entered,06/28/2016,26-9(b)(2),"Failure to maintain item in reasonable weather-tight, water-tight, and rodent proof manner."
3Z36214818,Department of Housing and Community Affairs,Open,07/02/2015,06/21/2015,07/02/2015,500.00,Guilty,09/29/2015,26-9(b)(5),"Failure to maintain grounds: free of erosion or gullying; grass or weeds over 12 inches high; and/or shrubbery, trees, vines, hedges, and other vegetation, including dead trees and branches."
1Z36213094,Department of Housing and Community Affairs,Open,06/20/2014,06/11/2014,06/20/2014,500.00,Abatement Order entered,09/23/2014,26-9(a)(2),"Failure to maintain door, window, and/or hatchway in sound working condition."
3Z36214608,Department of Housing and Community Affairs,Open,05/22/2015,05/12/2015,05/22/2015,500.00,Abatement Order entered,08/25/2015,26-9(a)(2),"Failure to maintain door, window, and/or hatchway in sound working condition."
6Z36224299,Department of Housing and Community Affairs,Open,07/31/2019,07/22/2019,07/31/2019,500.00,Guilty,10/29/2019,26-9(a)(13),"Failure to remove, repair, and/or register unused vehicle"
1Z39896802,Animal Control and Humane Treatment,Open,04/27/2016,04/18/2016,04/27/2016,500.00,Abatement Order entered,08/09/2016,5-203-C,Prevent the animal from having unwanted contact with a person or another domesticated animal at all times.
3Z36213523,Department of Housing and Community Affairs,Open,09/19/2014,09/11/2014,09/19/2014,500.00,Abatement Order entered,,26-9(b)(2),"Failure to maintain item in reasonable weather-tight, water-tight, and rodent proof manner."
3Z36213803,Department of Housing and Community Affairs,Open,11/08/2014,10/31/2014,11/08/2014,500.00,Abatement Order entered,02/24/2015,26-9-a-13,"remove, repair and/or register the unused vehicle"
2Z36226703,Department of Housing and Community Affairs,Open,01/31/2020,01/27/2020,01/31/2020,500.00,,,26-9(b)(1),"Failure to maintain item in reasonable weather-tight, water-tight, and rodent proof condition, free from foreign matter and capable of affording privacy."
5Z36215849,Department of Housing and Community Affairs,Open,12/10/2015,12/04/2015,12/10/2015,500.00,Abatement Order entered,05/10/2016,26-8(d)(4),Failure to provide working single cylinder deadbolt lock.
4Z39905310,Animal Control and Humane Treatment,Open,08/17/2014,07/11/2014,08/17/2014,500.00,Abatement Order entered,10/14/2014,5-203-C,Prevent the animal from having unwanted contact with a person or another domesticated animal at all times.
5Z39893838,Taxicab,Open,09/28/2014,09/19/2014,09/28/2014,100.00,,12/16/2014,53-315-a,Provide a written trip record (manifest) for the taxicab that is in operation status
2Z41768022,Animal Control and Humane Treatment,Open,03/26/2020,03/05/2020,03/26/2020,100.00,,,5-203-a-2,Refrain from allowing an animal to defecate on another person's property
5Z36213924,Department of Housing and Community Affairs,Open,11/25/2014,11/21/2014,11/25/2014,500.00,Abatement Order entered,02/24/2015,26-9(a)(1),Failure to maintain item/structure in good repair.
4Z39895944,Animal Control and Humane Treatment,Open,04/25/2015,03/31/2015,04/25/2015,500.00,Abatement Order entered,07/21/2015,5-203-C,Prevent the animal from having unwanted contact with a person or another domesticated animal at all times.
0Z39904550,Animal Control and Humane Treatment,Open,10/28/2014,10/15/2014,10/28/2014,500.00,Abatement Order entered,01/13/2015,5-203-b-2,Provide adequate space for the animal (s) to prevent the animal (s) from living in unsanitary conditions
4Z39905317,Animal Control and Humane Treatment,Open,10/19/2014,10/13/2014,10/19/2014,100.00,Abatement Order entered,12/09/2014,5-203-a-3,Prevent an animal from entering a private property without the property owners's permission
3Z36213642,Department of Housing and Community Affairs,Open,10/11/2014,10/07/2014,10/11/2014,500.00,Abatement Order entered,12/23/2014,26-9(b)(3),"Failure to maintain exterior surfaces free of flaking, peeling or loose paint and free of water seepage and against decay."
0Z42211722,Animal Control and Humane Treatment,Closed,11/06/2019,10/30/2019,04/08/2020,500.00,Abatement Order entered,02/11/2020,5-203-C,Prevent the animal from having unwanted contact with a person or another domesticated animal at all times.
2Z36225352,Department of Housing and Community Affairs,Open,11/15/2019,11/05/2019,11/15/2019,500.00,Stet Docket,02/18/2020,26-9(a)(4),Failure to maintain supplied facility in satisfactory working condition.
4Z36226712,Department of Housing and Community Affairs,Open,02/07/2020,01/29/2020,02/07/2020,500.00,,,26-9(b)(3),"Failure to maintain exterior surfaces free of flaking, peeling or loose paint and free of water seepage and against decay."
6Z39896744,Animal Control and Humane Treatment,Open,04/21/2016,03/23/2016,04/21/2016,100.00,Abatement Order entered,07/05/2016,5-203-A-1,Prevent the animal other than an altered cat to be at large
1Z40953298,Department of Environmental Protection/Solid Waste,Open,07/18/2018,07/06/2018,07/18/2018,500.00,Abatement Order entered,09/18/2018,59-7-4-2(A)1,Allowing the operation of a commerical enterprise without a valid permit
6Z39905767,ANIMAL SERVICES DIVISION,Open,04/01/2015,,04/01/2015,500.00,Abatement Order entered,05/12/2015,5-203-C,Prevent the animal from having unwanted contact with a person or another domesticated animal at all times.
3Z36224702,Department of Housing and Community Affairs,Open,09/30/2019,09/19/2019,09/30/2019,500.00,Continued,01/28/2020,26-9(a)(1),Failure to maintain item/structure in good repair.
4Z39905086,Animal Control and Humane Treatment,Open,03/01/2014,02/15/2014,03/01/2014,500.00,Guilty,05/13/2014,5-203-C,Prevent the animal from having unwanted contact with a person or another domesticated animal at all times.
6Z36226077,Department of Housing and Community Affairs,Open,12/19/2019,12/02/2019,12/19/2019,500.00,,,26-9(a)(1),Failure to maintain item/structure in good repair.
3Z40860214,Washington Metro. and Transit Auth. Police,Closed,07/20/2019,07/10/2019,04/08/2020,50.00,Default Judgment,10/08/2019,54-A-2-9,Cease entering or leaving a fare-paid area of a rail transport station without paying the fare or presenting a valid transfer
3Z36215854,Department of Housing and Community Affairs,Open,12/10/2015,12/04/2015,12/10/2015,500.00,Abatement Order entered,05/10/2016,26-9(a)(2),"Failure to maintain door, window, and/or hatchway in sound working condition."
6Z36214751,Department of Housing and Community Affairs,Open,06/19/2015,06/10/2015,06/19/2015,500.00,Show Cause Order Withdrawn,11/10/2015,26-9(b)(5),"Failure to maintain grounds: free of erosion or gullying; grass or weeds over 12 inches high; and/or shrubbery, trees, vines, hedges, and other vegetation, including dead trees and branches."
4Z39904554,Animal Control and Humane Treatment,Open,01/24/2014,08/12/2013,01/24/2014,500.00,,,5-203-C,Prevent the animal from having unwanted contact with a person or another domesticated animal at all times.
0Z39895709,Animal Control and Humane Treatment,Open,05/17/2015,05/02/2015,05/17/2015,500.00,Abatement Order entered,08/11/2015,5-203-C,Prevent the animal from having unwanted contact with a person or another domesticated animal at all times.
1Z36213374,Department of Housing and Community Affairs,Closed,08/19/2014,08/12/2014,05/04/2020,500.00,Abatement Order Compliance,,26-6(a),Failure to maintain electrical service in good safe working condition.
5Z40550130,False Alarm,Open,03/03/2015,01/12/2015,03/03/2015,500.00,,,3a-4C(2),requesting police dispatch to a burglar alarm activation without providing the required alarm user registration number.
3Z39895782,Animal Control and Humane Treatment,Open,09/21/2014,,09/21/2014,500.00,Abatement Order entered,12/09/2014,5-203-B,Prevent the animal from causing or creating a public nuisance. Provide proof of a current license for the animal
1Z36217301,Department of Housing and Community Affairs,Open,11/04/2016,10/28/2016,11/04/2016,500.00,,,26-8(d)(6),Failure to provide required window lock.
1Z39905706,Animal Control and Humane Treatment,Open,07/01/2017,06/27/2017,07/01/2017,500.00,Abatement Order entered,10/10/2017,5-203-C,Prevent the animal from having unwanted contact with a person or another domesticated animal at all times.
1Z39911075,Department of Environmental Protection,Open,08/24/2014,08/16/2014,08/24/2014,100.00,,,48-03-c-3,failure to recycle the required materials (mixed paper in trash container; no recycling containers or recycling service)
6Z36223172,Department of Housing and Community Affairs,Open,04/19/2019,04/10/2019,04/19/2019,500.00,Abatement Order entered,01/21/2020,26-9(a)(2),"Failure to maintain door, window, and/or hatchway in sound working condition."
2Z36212661,Department of Housing and Community Affairs,Open,03/21/2014,03/13/2014,03/21/2014,500.00,Show Cause Order Withdrawn,12/09/2014,26-9(b)(3),"Failure to maintain exterior surfaces free of flaking, peeling or loose paint and free of water seepage and against decay."
2Z36213942,Department of Housing and Community Affairs,Open,12/05/2014,11/26/2014,12/05/2014,500.00,Abatement Order entered,02/24/2015,26-9(a)(13),"Failure to remove, repair, and/or register unused vehicle"
6Z39910240,Department of Environmental Protection,Open,06/25/2014,06/19/2014,09/29/2015,100.00,Default Judgment,10/21/2014,48-03-c-3,failure to recycle the required materials (mixed paper in trash container; no recycling containers or recycling service)
0Z36213352,Department of Housing and Community Affairs,Closed,08/19/2014,08/12/2014,05/04/2020,500.00,Abatement Order Compliance,,26-9(a)(1),Failure to maintain item/structure in good repair.
1Z36224077,Department of Housing and Community Affairs,Open,07/11/2019,06/27/2019,07/11/2019,500.00,Abatement Order entered,01/21/2020,26-8(c),Failure to provide fire rated door which self closes and latches.
5Z36225019,Department of Housing and Community Affairs,Open,11/01/2019,10/21/2019,11/01/2019,500.00,,03/24/2020,26-9(a)(1),Failure to maintain item/structure in good repair.
0Z36213093,Department of Housing and Community Affairs,Open,06/20/2014,06/11/2014,06/20/2014,500.00,Abatement Order entered,09/23/2014,26-9(c)(5),Failure to maintain floor covering in good repair and sanitary condition.
2Z42317291,False Alarm,Open,03/23/2020,03/02/2020,03/23/2020,500.00,Paid and Satisfied,,3a-4C(2),requesting police dispatch to a burglar alarm activation without providing the required alarm user registration number.
3Z33918097,Department of Permitting Services,Open,01/13/2012,12/16/2011,01/13/2012,500.00,Abatement Order entered,03/06/2012,59-c-1.31,Parking vehicles on an RE residentially zoned property
2Z36216672,Department of Housing and Community Affairs,Open,07/20/2016,07/07/2016,07/20/2016,500.00,Abatement Order entered,09/27/2016,26-9(b)(5),"Failure to maintain grounds: free of erosion or gullying; grass or weeds over 12 inches high; and/or shrubbery, trees, vines, hedges, and other vegetation, including dead trees and branches."
3Z36213348,Department of Housing and Community Affairs,Closed,08/19/2014,08/12/2014,05/04/2020,500.00,Abatement Order Compliance,,26-9(a)(1),Failure to maintain item/structure in good repair.
1Z36215341,Department of Housing and Community Affairs,Open,10/23/2015,10/13/2015,10/23/2015,500.00,Abatement Order entered,03/29/2016,26-9(a)(1),Failure to maintain item/structure in good repair.
2Z36215062,Department of Housing and Community Affairs,Open,04/29/2016,09/16/2015,04/29/2016,500.00,Abatement Order entered,06/28/2016,26-9(a)(1),Failure to maintain item/structure in good repair.
1Z40861318,Washington Metro. and Transit Auth. Police,Closed,05/01/2019,04/27/2019,04/08/2020,50.00,Default Judgment,07/09/2019,54-A-2-9,Cease entering or leaving a fare-paid area of a rail transport station without paying the fare or presenting a valid transfer
5Z36226573,Department of Housing and Community Affairs,Open,01/16/2020,01/07/2020,01/16/2020,500.00,,,26-9(a)(13),"Failure to remove, repair, and/or register unused vehicle"
0Z36225126,Department of Housing and Community Affairs,Open,11/11/2019,10/30/2019,11/11/2019,500.00,,03/24/2020,26-9(a)(1),Failure to maintain item/structure in good repair.
5Z39889603,Department of Environmental Protection,Open,01/15/2020,12/20/2019,01/15/2020,500.00,,,31-B-5-b,Cease creating a noise disturbance by allowing amplified music to be played for several hours
6Z33911478,Animal Control and Humane Treatment,Open,01/20/2019,12/31/2018,01/20/2019,100.00,Default Judgment,02/12/2019,5-203-A-1,Prevent the animal other than an altered cat to be at large
0Z39896829,Animal Control and Humane Treatment,Open,07/31/2018,07/12/2018,07/31/2018,100.00,Abatement Order entered,09/11/2018,5-203-A-1,Prevent the animal other than an altered cat to be at large
4Z36215526,Department of Housing and Community Affairs,Open,11/19/2015,11/12/2015,11/19/2015,500.00,Abatement Order entered,03/22/2016,26-9(b)(3),"Failure to maintain exterior surfaces free of flaking, peeling or loose paint and free of water seepage and against decay."
5z40952777,Department of Permitting Services,Open,05/18/2016,05/03/2016,05/18/2016,1000.00,Guilty,07/19/2016,19-7,Comply with the conditions of the sediment control permit and the Notices of Violation
1Z36215915,Department of Housing and Community Affairs,Open,12/18/2015,12/09/2015,12/18/2015,500.00,Abatement Order entered,03/29/2016,26-9(a)(8),"Accumulating garbage or rubbish outside of approved storage container, garage or building."
6Z36214009,Department of Housing and Community Affairs,Open,01/13/2015,12/29/2014,01/13/2015,500.00,Abatement Order entered,04/28/2015,26-9(a)(8),"Accumulating garbage or rubbish outside of approved storage container, garage or building."
2Z39905063,Animal Control and Humane Treatment,Open,06/04/2014,05/01/2014,06/04/2014,100.00,Guilty,09/09/2014,5-203-A-1,Prevent the animal other than an altered cat to be at large
3Z36226501,Department of Housing and Community Affairs,Open,12/30/2019,12/18/2019,12/30/2019,500.00,,,26-9(a)(1),Failure to maintain item/structure in good repair.
5Z40860188,Washington Metro. and Transit Auth. Police,Closed,08/16/2019,08/05/2019,04/08/2020,50.00,Default Judgment,11/12/2019,54-A-2-9,Cease entering or leaving a fare-paid area of a rail transport station without paying the fare or presenting a valid transfer
1Z40861374,Washington Metro. and Transit Auth. Police,Closed,04/25/2019,03/24/2019,04/08/2020,50.00,Default Judgment,06/11/2019,54-A-2-9,Cease entering or leaving a fare-paid area of a rail transport station without paying the fare or presenting a valid transfer
2Z39905077,Animal Control and Humane Treatment,Open,02/04/2014,01/25/2014,02/04/2014,500.00,Guilty,04/08/2014,5-201-A-1,Cease violating the general prohibitions against cruelty to the animal
2Z36213095,Department of Housing and Community Affairs,Open,06/20/2014,06/11/2014,06/20/2014,500.00,Abatement Order entered,09/23/2014,26-9(b)(2),"Failure to maintain item in reasonable weather-tight, water-tight, and rodent proof manner."
2Z36216448,Department of Housing and Community Affairs,Open,05/20/2016,05/02/2016,05/20/2016,500.00,Abatement Order entered,07/26/2016,26-9(c)(3),"Failure to maintain wall, ceiling, floor, interior woodwork, door, and/or windows in sound condition and good repair free of flaking, peeling, or loose paint."
3Z42227531,Department of Permitting Services,Open,04/30/2020,04/16/2020,04/30/2020,1000.00,,,19-2-a,Cease engaging into any land disturbing activity without first the proper permit from DPS.
0Z40850978,Washington Metro. and Transit Auth. Police,Closed,09/18/2019,09/07/2019,04/08/2020,50.00,Default Judgment,12/10/2019,54-A-2-9,Cease entering or leaving a fare-paid area of a rail transport station without paying the fare or presenting a valid transfer
5Z36226986,Department of Housing and Community Affairs,Open,03/23/2020,02/27/2020,03/23/2020,500.00,,,26-9(c)(5),Failure to maintain floor covering in good repair and sanitary condition.
0Z41707351,Department of Permitting Services,Open,01/21/2020,02/18/2020,01/21/2020,500.00,,,8-17-e,failure to obtain the final inspection for a mechanical permit
3Z35194492,Washington Metro. and Transit Auth. Police,Open,04/18/2015,04/01/2015,04/18/2015,50.00,,,54-A-2-9,Cease entering or leaving a fare-paid area of a rail transport station without paying the fare or presenting a valid transfer
5Z36216822,Department of Housing and Community Affairs,Open,09/01/2016,08/16/2016,09/01/2016,500.00,Abatement Order entered,11/29/2016,26-9(b)(5),"Failure to maintain grounds: free of erosion or gullying; grass or weeds over 12 inches high; and/or shrubbery, trees, vines, hedges, and other vegetation, including dead trees and branches."
6Z36223158,Department of Housing and Community Affairs,Open,04/19/2019,04/09/2019,04/19/2019,500.00,Abatement Order entered,07/30/2019,26-8(f),Failure to provide required address for the dwelling unit.
5Z36222527,Department of Housing and Community Affairs,Closed,02/06/2019,01/28/2019,04/07/2020,500.00,Satisfaction,04/23/2019,26-9(a)(1),Failure to maintain item/structure in good repair.
2Z36213711,Department of Housing and Community Affairs,Open,10/17/2014,10/14/2014,10/17/2014,500.00,Abatement Order entered,03/24/2015,26-9(a)(2),"Failure to maintain door, window, and/or hatchway in sound working condition."
2Z40614737,Washington Metro. and Transit Auth. Police,Open,11/25/2019,11/07/2019,11/25/2019,50.00,,02/11/2020,54-A-2-9,Cease entering or leaving a fare-paid area of a rail transport station without paying the fare or presenting a valid transfer
2Z39896124,Animal Control and Humane Treatment,Open,04/27/2016,04/19/2016,04/27/2016,100.00,Abatement Order entered,07/12/2016,5-203-a-9,Obtain and provide proof that an animal is licensed in Montgomery County
0Z39905411,Animal Control and Humane Treatment,Open,12/29/2014,05/10/2014,12/29/2014,500.00,Guilty,03/10/2015,5-203-C,Prevent the animal from having unwanted contact with a person or another domesticated animal at all times.
6Z36214821,Department of Housing and Community Affairs,Open,07/02/2015,06/21/2015,07/02/2015,500.00,Abatement Order entered,09/29/2015,26-9(b)(5),"Failure to maintain grounds: free of erosion or gullying; grass or weeds over 12 inches high; and/or shrubbery, trees, vines, hedges, and other vegetation, including dead trees and branches."
1Z39895738,Animal Control and Humane Treatment,Open,12/30/2015,12/26/2015,12/30/2015,100.00,Abatement Order entered,02/09/2016,5-203-A-1,Prevent the animal other than an altered cat to be at large
5Z36215527,Department of Housing and Community Affairs,Open,11/19/2015,11/12/2015,11/19/2015,500.00,Abatement Order entered,03/22/2016,26-9(a)(1),Failure to maintain item/structure in good repair.
3Z36226998,Department of Housing and Community Affairs,Open,03/23/2020,03/03/2020,03/23/2020,500.00,,,26-9(a)(1),Failure to maintain item/structure in good repair.
5Z39910246,Department of Environmental Protection,Open,08/01/2014,07/21/2014,09/29/2015,500.00,Default Judgment,10/21/2014,48-20-a,Obtain a collector's/haulers valid tag for the vehicle before transporting or collecting solid waste within Montgomery County
0Z39905558,Animal Control and Humane Treatment,Open,12/29/2014,11/17/2014,12/29/2014,500.00,Guilty,03/10/2015,5-203-C,Prevent the animal from having unwanted contact with a person or another domesticated animal at all times.
6Z36213281,Department of Housing and Community Affairs,Open,08/19/2014,07/24/2014,08/19/2014,500.00,Abatement Order entered,01/20/2015,26-9(a)(8),"Accumulating garbage or rubbish outside of approved storage container, garage or building."
1Z39905580,Animal Control and Humane Treatment,Open,07/20/2014,06/07/2014,07/20/2014,500.00,Abatement Order entered,01/13/2015,5-203-C,Prevent the animal from having unwanted contact with a person or another domesticated animal at all times.
0Z42126154,Animal Control and Humane Treatment,Open,01/29/2019,12/17/2018,01/29/2019,500.00,,04/09/2019,5-301-e,interference with the enforcement of an AC law
4Z42317293,False Alarm,Open,03/23/2020,03/02/2020,03/23/2020,500.00,Paid and Satisfied,,3a-4C(2),requesting police dispatch to a burglar alarm activation without providing the required alarm user registration number.
0Z36213926,Department of Housing and Community Affairs,Open,11/25/2014,11/21/2014,11/25/2014,500.00,Abatement Order entered,02/24/2015,26-9(c)(5),Failure to maintain floor covering in good repair and sanitary condition.
1Z39886498,Animal Control and Humane Treatment,Open,12/29/2014,11/09/2014,12/29/2014,100.00,Guilty,03/10/2015,5-203-A-6,Prevent the animal from creating or causing noise that is loud and persistent enough to disturb another person's quiet enjoyment.
0Z36213282,Department of Housing and Community Affairs,Open,08/19/2014,07/24/2014,08/19/2014,500.00,Abatement Order entered,01/20/2015,26-9(a)(8),"Accumulating garbage or rubbish outside of approved storage container, garage or building."
3Z39886913,Animal Control and Humane Treatment,Open,06/01/2013,05/17/2013,06/01/2013,100.00,Guilty,07/30/2013,5-203-A-1,Prevent the animal other than an altered cat to be at large
3Z36223771,Department of Housing and Community Affairs,Open,06/14/2019,06/03/2019,06/14/2019,500.00,Dismiss without prejudice,10/22/2019,26-9(a)(1),Failure to maintain item/structure in good repair.
5Z36213007,Department of Housing and Community Affairs,Open,06/06/2014,05/23/2014,09/14/2016,500.00,Defendant found in contempt,10/11/2016,26-9-a-13,"remove, repair and/or register the unused vehicle"
2Z39904538,Animal Control and Humane Treatment,Open,02/22/2014,02/03/2014,02/22/2014,100.00,Stet Docket,04/08/2014,5-203-A-6,Prevent the animal from creating or causing noise that is loud and persistent enough to disturb another person's quiet enjoyment.
3Z40616901,Washington Metro. and Transit Auth. Police,Closed,03/20/2019,01/30/2019,04/08/2020,50.00,Default Judgment,07/09/2019,54-A-2-9,Cease entering or leaving a fare-paid area of a rail transport station without paying the fare or presenting a valid transfer
4Z40855217,Washington Metro. and Transit Auth. Police,Closed,09/25/2019,09/15/2019,04/08/2020,50.00,Default Judgment,12/10/2019,54-A-2-9,Cease entering or leaving a fare-paid area of a rail transport station without paying the fare or presenting a valid transfer
4Z39905485,Animal Control and Humane Treatment,Open,04/27/2016,03/10/2016,04/27/2016,100.00,Abatement Order entered,06/14/2016,5-203-A-1,Prevent the animal other than an altered cat to be at large
6Z36213414,Department of Housing and Community Affairs,Open,09/05/2014,08/19/2014,09/05/2014,500.00,Abatement Order entered,,26-9(b)(3),"Failure to maintain exterior surfaces free of flaking, peeling or loose paint and free of water seepage and against decay."
5Z40854196,Washington Metro. and Transit Auth. Police,Closed,11/15/2018,10/12/2018,04/08/2020,50.00,Default Judgment,01/08/2019,54-A-2-9,Cease entering or leaving a fare-paid area of a rail transport station without paying the fare or presenting a valid transfer
2Z39886429,Animal Control and Humane Treatment,Open,01/26/2012,12/08/2011,01/26/2012,500.00,Abatement Order entered,05/08/2012,5-203-b-1,Preven the animal(s) from causing loud noises that are persistent enough to disturb another person's quiet enjoyment
3Z39905323,ANIMAL SERVICES DIVISION,Open,03/30/2015,01/31/2015,03/30/2015,500.00,Stet Docket,04/14/2015,5-201-A-1,Cease violating the general prohibitions against cruelty to the animal
3Z36213621,Department of Housing and Community Affairs,Open,10/03/2014,09/30/2014,10/03/2014,500.00,,,26-9(a)(8),"Accumulating garbage or rubbish outside of approved storage container, garage or building."
4Z42317391,False Alarm,Open,04/21/2020,03/29/2020,04/21/2020,500.00,,,3a-4C(2),requesting police dispatch to a burglar alarm activation without providing the required alarm user registration number.
1Z36226898,Department of Housing and Community Affairs,Open,01/21/2020,02/14/2020,01/21/2020,500.00,,,26-9(a)(1),Failure to maintain item/structure in good repair.
5Z36216143,Department of Housing and Community Affairs,Open,02/26/2016,02/17/2016,02/26/2016,500.00,Abatement Order entered,05/24/2016,26-9(a)(8),"Accumulating garbage or rubbish outside of approved storage container, garage or building."
0Z36220527,Department of Housing and Community Affairs,Open,08/02/2018,05/25/2018,08/02/2018,250.00,Satisfaction,10/29/2019,26-9(a)(1),Failure to maintain item/structure in good repair.
18-003006,Washington Metro. and Transit Auth. Police,Closed,11/30/2018,11/06/2018,04/08/2020,50.00,Default Judgment,03/12/2019,54-A-2-9,Cease entering or leaving a fare-paid area of a rail transport station without paying the fare or presenting a valid transfer
6Z36225643,Department of Housing and Community Affairs,Open,12/05/2019,11/19/2019,12/05/2019,500.00,,03/31/2020,26-9(a)(13),"Failure to remove, repair, and/or register unused vehicle"
6Z42209124,Animal Control and Humane Treatment,Open,10/28/2019,10/22/2019,10/28/2019,100.00,Guilty,02/11/2020,5-301-e,interference with the enforcement of an AC law
3Z36227019,Department of Housing and Community Affairs,Open,03/23/2020,03/03/2020,03/23/2020,500.00,,,26-8(a)(1),Failure to provide safe and unobstructed means of escape leading to safe and open space ground level.
4Z36226796,Department of Housing and Community Affairs,Open,02/14/2020,02/05/2020,02/14/2020,500.00,,,26-9(a)(12),Failure to eliminate public nuisance.
0Z36216362,Department of Housing and Community Affairs,Open,04/29/2016,04/12/2016,04/29/2016,500.00,Abatement Order entered,06/28/2016,26-9(a)(1),Failure to maintain item/structure in good repair.
2Z36222482,Department of Housing and Community Affairs,Open,02/06/2019,01/18/2019,02/06/2019,500.00,Guilty,04/23/2019,26-9(a)(2),"Failure to maintain door, window, and/or hatchway in sound working condition."
3Z36226256,Department of Housing and Community Affairs,Open,12/19/2019,12/06/2019,12/19/2019,500.00,,03/31/2020,26-9(a)(1),Failure to maintain item/structure in good repair.
3Z39895943,Animal Control and Humane Treatment,Open,04/25/2015,03/31/2015,04/25/2015,100.00,Abatement Order entered,07/21/2015,5-203-A-1,Prevent the animal other than an altered cat to be at large
4Z36212845,Department of Housing and Community Affairs,Open,04/25/2014,04/18/2014,04/25/2014,500.00,Abatement Order entered,07/22/2014,26-9-a-13,"remove, repair and/or register the unused vehicle"
4Z36225620,Department of Housing and Community Affairs,Open,11/15/2019,11/13/2019,11/15/2019,500.00,,03/24/2020,26-9(a)(4),Failure to maintain supplied facility in satisfactory working condition.
2Z42125946,Animal Control and Humane Treatment,Open,11/15/2018,10/24/2018,11/15/2018,100.00,Abatement Order entered,01/08/2019,5-203-A-1,Prevent the animal other than an altered cat to be at large
5Z39905031,Animal Control and Humane Treatment,Open,07/10/2014,05/04/2014,07/10/2014,100.00,Abatement Order entered,10/14/2014,5-203-a-3,Prevent an animal from entering a private property without the property owners's permission
2Z36214586,Department of Housing and Community Affairs,Open,05/08/2015,05/05/2015,05/08/2015,500.00,Abatement Order entered,07/28/2015,26-9(a)(1),Failure to maintain item/structure in good repair.
1Z36214851,Department of Housing and Community Affairs,Open,07/10/2015,07/02/2015,07/10/2015,500.00,Abatement Order entered,09/29/2015,26-9(a)(1),Failure to maintain item/structure in good repair.
1Z39905020,Animal Control and Humane Treatment,Open,06/12/2014,06/06/2014,06/12/2014,750.00,Guilty,09/09/2014,5-203-C,Prevent the animal from having unwanted contact with a person or another domesticated animal at all times.
1Z36223776,Department of Housing and Community Affairs,Open,06/14/2019,06/03/2019,06/14/2019,500.00,Continued,01/28/2020,26-9(a)(13),"Failure to remove, repair, and/or register unused vehicle"
0Z39905677,Animal Control and Humane Treatment,Open,10/28/2014,10/16/2014,10/28/2014,500.00,Abatement Order entered,01/13/2015,5-201-A-10,"Abuse/neglect of pet animal by unnecessarily failing to provide nutrious food in a sufficient quantity, necessary vet care, proper drink, air space and shelter"
2Z36216077,Department of Housing and Community Affairs,Open,02/05/2016,01/20/2016,02/05/2016,500.00,Abatement Order entered,04/26/2016,26-9(a)(9),"Failure to exterminate insects, rodents, or other vermin."
3Z36004552,Department of Housing and Community Affairs,Open,07/30/2008,07/17/2008,08/30/2016,500.00,Show Cause Order,09/25/2012,26-14(a),"Failure to demolish, remove or repair a condemned structure"
6Z39904563,Animal Control and Humane Treatment,Open,03/07/2014,11/22/2013,03/07/2014,100.00,Abatement Order entered,06/10/2014,5-203-A-1,Prevent the animal other than an altered cat to be at large
5Z36226328,Department of Housing and Community Affairs,Open,12/19/2019,12/06/2019,12/19/2019,500.00,,03/31/2020,26-6(a),Failure to maintain electrical service in good safe working condition.
3Z36226676,Department of Housing and Community Affairs,Open,01/31/2020,01/24/2020,01/31/2020,500.00,,,26-9(a)(13),"Failure to remove, repair, and/or register unused vehicle"
4Z39895881,Animal Control and Humane Treatment,Open,01/14/2015,04/10/2014,01/14/2015,100.00,Abatement Order entered,03/10/2015,5-203-A-1,Prevent the animal other than an altered cat to be at large
2Z40952732,Department of Permitting Services,Open,12/01/2015,11/03/2015,12/01/2015,500.00,Abatement Order entered,01/19/2016,59-3-1-6,Allowing the use of a residentially zoned lot as a staging and commerical storage lot
5Z36214029,Department of Housing and Community Affairs,Open,03/03/2015,01/08/2015,03/03/2015,500.00,Abatement Order entered,03/24/2015,26-9(a)(1),Failure to maintain item/structure in good repair.
5Z36216136,Department of Housing and Community Affairs,Open,02/26/2016,02/17/2016,02/26/2016,500.00,Abatement Order entered,05/24/2016,26-9(a)(13),"Failure to remove, repair, and/or register unused vehicle"
6Z36216445,Department of Housing and Community Affairs,Open,05/20/2016,05/02/2016,05/20/2016,500.00,Abatement Order entered,07/26/2016,26-9(c)(1),"Failure to maintain plumbing fixture in good sanitary working condition free from defects, leaks, and other obstructions."
3Z42317376,False Alarm,Closed,04/21/2020,03/29/2020,04/22/2020,500.00,Paid and Satisfied,,3a-4C(2),requesting police dispatch to a burglar alarm activation without providing the required alarm user registration number.
0Z39904592,Animal Control and Humane Treatment,Open,03/20/2014,12/19/2013,03/20/2014,500.00,Abatement Order entered,05/13/2014,5-202-E-1,Prevent a potentially dangerous animal (declared potentially dangerous by the Montgomery County Animal Services Officer) to be off the owners property without a leash or harness.
5Z36214820,Department of Housing and Community Affairs,Open,07/02/2015,06/21/2015,07/02/2015,500.00,Abatement Order entered,09/29/2015,26-9(b)(5),"Failure to maintain grounds: free of erosion or gullying; grass or weeds over 12 inches high; and/or shrubbery, trees, vines, hedges, and other vegetation, including dead trees and branches."
6Z36226588,Department of Housing and Community Affairs,Open,01/16/2020,01/07/2020,01/16/2020,500.00,,,26-9(a)(4),Failure to maintain supplied facility in satisfactory working condition.
5Z40990157,Animal Control and Humane Treatment,Open,05/31/2016,05/15/2016,05/31/2016,100.00,Stet Docket,08/09/2016,5-203-a-3,Prevent an animal from entering a private property without the property owners's permission
5Z36218481,Department of Housing and Community Affairs,Open,07/06/2017,06/26/2017,07/06/2017,500.00,Abatement Order entered,10/31/2017,26-9(a)(8),"Accumulating garbage or rubbish outside of approved storage container, garage or building."
5Z39896036,Animal Control and Humane Treatment,Open,05/10/2015,04/20/2015,05/10/2015,100.00,Abatement Order entered,07/14/2015,5-203-A-1,Prevent the animal other than an altered cat to be at large
6Z39905410,Animal Control and Humane Treatment,Open,12/29/2014,05/10/2014,12/29/2014,100.00,,,5-203-a-3,Prevent an animal from entering a private property without the property owners's permission
6Z39905326,Animal Control and Humane Treatment,Open,10/19/2014,08/28/2014,10/19/2014,500.00,Guilty,12/09/2014,5-203-C,Prevent the animal from having unwanted contact with a person or another domesticated animal at all times.
4Z36224073,Department of Housing and Community Affairs,Open,07/11/2019,06/27/2019,07/11/2019,500.00,Abatement Order entered,10/22/2019,26-9(b)(3),"Failure to maintain exterior surfaces free of flaking, peeling or loose paint and free of water seepage and against decay."
5Z42316846,False Alarm,Open,07/29/2019,06/24/2019,07/29/2019,500.00,,10/15/2019,3a-4C(5),Requesting police dispatch to a burglar alarm activation after having been notified that the alarm user was in a suspended police response status.
2Z40855229,Washington Metro. and Transit Auth. Police,Closed,04/15/2019,03/28/2019,04/08/2020,50.00,Default Judgment,06/11/2019,54-A-2-9,Cease entering or leaving a fare-paid area of a rail transport station without paying the fare or presenting a valid transfer
3Z39904371,Animal Control and Humane Treatment,Open,01/07/2016,12/29/2015,01/07/2016,500.00,Abatement Order entered,03/08/2016,5-203-C,Prevent the animal from having unwanted contact with a person or another domesticated animal at all times.
2Z39886471,Animal Control and Humane Treatment,Open,07/20/2014,07/09/2014,07/20/2014,100.00,Abatement Order entered,10/14/2014,5-203-A-1,Prevent the animal other than an altered cat to be at large
0Z33911500,Animal Control and Humane Treatment,Open,02/21/2020,02/18/2020,02/21/2020,100.00,,,5-203-A-1,Prevent the animal other than an altered cat to be at large
4Z40855210,Washington Metro. and Transit Auth. Police,Closed,09/18/2019,09/05/2019,04/08/2020,50.00,Default Judgment,12/10/2019,54-A-2-9,Cease entering or leaving a fare-paid area of a rail transport station without paying the fare or presenting a valid transfer
2Z36226976,Department of Housing and Community Affairs,Open,03/03/2020,02/26/2020,03/03/2020,500.00,,,26-9(a)(8),"Accumulating garbage or rubbish outside of approved storage container, garage or building."
0Z36224762,Department of Housing and Community Affairs,Open,10/11/2019,09/24/2019,10/11/2019,500.00,Continued,01/28/2020,26-9(b)(3),"Failure to maintain exterior surfaces free of flaking, peeling or loose paint and free of water seepage and against decay."
1Z39896725,Animal Control and Humane Treatment,Open,06/23/2016,06/14/2016,06/23/2016,100.00,Abatement Order entered,09/13/2016,5-203-A-1,Prevent the animal other than an altered cat to be at large
1Z40613126,Washington Metro. and Transit Auth. Police,Closed,09/25/2019,09/13/2019,04/08/2020,50.00,Default Judgment,12/10/2019,54-A-2-9,Cease entering or leaving a fare-paid area of a rail transport station without paying the fare or presenting a valid transfer
5Z36222681,Department of Housing and Community Affairs,Open,03/08/2019,02/26/2019,03/08/2019,500.00,,,26-6(a),Failure to maintain electrical service in good safe working condition.
4Z36215841,Department of Housing and Community Affairs,Open,12/18/2015,12/04/2015,12/18/2015,500.00,Abatement Order entered,05/10/2016,26-9(b)(5),"Failure to maintain grounds: free of erosion or gullying; grass or weeds over 12 inches high; and/or shrubbery, trees, vines, hedges, and other vegetation, including dead trees and branches."
5Z39905080,Animal Control and Humane Treatment,Open,02/22/2014,01/12/2014,02/22/2014,100.00,Abatement Order entered,05/13/2014,5-203-a-2,Refrain from allowing an animal to defecate on another person's property
6Z36223165,Department of Housing and Community Affairs,Open,04/19/2019,04/10/2019,04/19/2019,500.00,Abatement Order entered,10/22/2019,26-9(b)(3),"Failure to maintain exterior surfaces free of flaking, peeling or loose paint and free of water seepage and against decay."
6Z39895855,Animal Control and Humane Treatment,Open,11/30/2014,11/19/2014,11/30/2014,500.00,Stet Docket,02/10/2015,5-402-a,Vaccinate the animal and provide proof of vaccination to the MC Animal Services Division
6Z36226651,Department of Housing and Community Affairs,Open,01/24/2020,01/15/2020,01/24/2020,500.00,,,26-8(f),Failure to provide required address for the dwelling unit.
6Z36225461,Department of Housing and Community Affairs,Open,11/15/2019,11/05/2019,11/15/2019,500.00,Stet Docket,02/18/2020,26-9(a)(4),Failure to maintain supplied facility in satisfactory working condition.
5Z36225502,Department of Housing and Community Affairs,Open,11/15/2019,11/05/2019,11/15/2019,500.00,Stet Docket,02/18/2020,26-9(a)(4),Failure to maintain supplied facility in satisfactory working condition.
6Z36215857,Department of Housing and Community Affairs,Open,12/10/2015,12/04/2015,12/10/2015,500.00,Abatement Order entered,05/10/2016,26-9(a)(2),"Failure to maintain door, window, and/or hatchway in sound working condition."
0Z36222368,Department of Housing and Community Affairs,Open,01/11/2019,01/07/2019,01/11/2019,500.00,Abatement Order entered,03/26/2019,26-9(b)(4),"Failure to maintain apron, driveway, sidewalk, walkway, parking lot, and/or patio in good serviceable and safe condition."
6Z40952757,Department of Permitting Services,Open,06/02/2016,04/05/2016,06/02/2016,500.00,Abatement Order entered,09/20/2016,59-3-1-6,Allowing the use of a residentially zoned lot as a staging and commerical storage lot
2Z36227046,Department of Housing and Community Affairs,Open,03/23/2020,03/06/2020,03/23/2020,500.00,,,26-9(b)(3),"Failure to maintain exterior surfaces free of flaking, peeling or loose paint and free of water seepage and against decay."
6Z36219448,Department of Housing and Community Affairs,Open,12/08/2017,11/28/2017,09/20/2018,500.00,Show Cause Order,10/08/2019,26-9(a)(6),Failure to maintain premises in safe and sanitary condition.
0Z36211056,Department of Housing and Community Affairs,Open,05/31/2013,05/16/2013,05/31/2013,500.00,Abatement Order entered,09/24/2013,26-9(a)(1),Failure to maintain item/structure in good repair.
6Z40990158,Animal Control and Humane Treatment,Open,05/31/2016,05/15/2016,05/31/2016,500.00,Stet Docket,08/09/2016,5-203-C,Prevent the animal from having unwanted contact with a person or another domesticated animal at all times.
4Z39893844,Taxicab,Open,10/19/2014,10/16/2014,10/19/2014,500.00,Guilty,12/09/2014,53-201,Cease providing unlicensed taxicab service
2Z39896677,Animal Control and Humane Treatment,Open,03/31/2016,02/23/2016,03/31/2016,500.00,Abatement Order entered,06/14/2016,5-203-C,Prevent the animal from having unwanted contact with a person or another domesticated animal at all times.
6Z36216438,Department of Housing and Community Affairs,Open,05/20/2016,05/02/2016,05/20/2016,500.00,Abatement Order entered,07/26/2016,26-9(c)(1),"Failure to maintain plumbing fixture in good sanitary working condition free from defects, leaks, and other obstructions."
3Z36090008,Washington Metro. and Transit Auth. Police,Open,03/27/2020,03/13/2020,03/27/2020,50.00,,,54-A-2-9,Cease entering or leaving a fare-paid area of a rail transport station without paying the fare or presenting a valid transfer
4Z41707362,Department of Permitting Services,Open,04/15/2020,04/06/2020,04/15/2020,750.00,,,8-17-e,failure to obtain the final inspection for a mechanical permit
1Z39905391,Animal Control and Humane Treatment,Open,11/09/2014,10/26/2014,11/09/2014,100.00,Abatement Order entered,01/13/2015,5-203-A-1,Prevent the animal other than an altered cat to be at large
1Z41707359,Department of Permitting Services,Closed,04/15/2020,04/06/2020,04/23/2020,750.00,Dismiss without prejudice,,8-17-e,failure to obtain the final inspection for a mechanical permit
5Z36213350,Department of Housing and Community Affairs,Closed,08/19/2014,08/12/2014,05/04/2020,500.00,Abatement Order Compliance,,26-9(a)(2),"Failure to maintain door, window, and/or hatchway in sound working condition."
1Z36226737,Department of Housing and Community Affairs,Open,02/07/2020,02/03/2020,02/07/2020,500.00,,,26-9(c)(1),"Failure to maintain plumbing fixture in good sanitary working condition free from defects, leaks, and other obstructions."
3Z39912001,Department of Environmental Protection/Solid Waste,Open,12/17/2019,11/12/2019,12/17/2019,500.00,,03/10/2020,48-20-a,Obtain a collector's/haulers valid tag for the vehicle before transporting or collecting solid waste within Montgomery County
1Z39886722,Animal Control and Humane Treatment,Open,08/25/2014,09/26/2012,08/25/2014,500.00,Show Cause Order,09/09/2014,5-202-e,violation of a potentially dangerous declaration issued by Gaithersburg City Animal control for the animal running at large
3Z40990155,Animal Control and Humane Treatment,Open,05/31/2016,05/15/2016,05/31/2016,100.00,Stet Docket,08/09/2016,5-203-A-1,Prevent the animal other than an altered cat to be at large
6Z39893076,Department of Environmental Protection/Solid Waste,Open,08/23/2019,06/12/2019,08/23/2019,100.00,Guilty,09/17/2019,48-03-c-3,failure to recycle the required materials (mixed paper in trash container; no recycling containers or recycling service)
5Z39911051,Department of Environmental Protection,Open,07/10/2014,07/08/2014,09/29/2015,100.00,Default Judgment,10/21/2014,48-03-c-3,failure to recycle the required materials (mixed paper in trash container; no recycling containers or recycling service)
0Z36225245,Department of Housing and Community Affairs,Open,11/15/2019,11/05/2019,11/15/2019,500.00,Stet Docket,02/18/2020,26-9(a)(4),Failure to maintain supplied facility in satisfactory working condition.
5Z36225012,Department of Housing and Community Affairs,Open,10/25/2019,10/21/2019,10/25/2019,500.00,,02/25/2020,26-9(a)(13),"Failure to remove, repair, and/or register unused vehicle"
4Z36213097,Department of Housing and Community Affairs,Open,06/20/2014,06/11/2014,06/20/2014,500.00,Abatement Order entered,09/23/2014,26-9(c)(5),Failure to maintain floor covering in good repair and sanitary condition.
4Z39891660,DEPT. OF PERMITTING SERVICES,Open,03/25/2015,03/13/2015,03/25/2015,500.00,Abatement Order entered,05/19/2015,8-24-a,Comply with the NOV requiring permits and inspections for large additions to the home
2Z41707388,Department of Permitting Services,Open,11/11/2019,10/15/2019,11/11/2019,500.00,,,8-24-a,Comply with the NOV requiring permits and inspections for large additions to the home
4Z36225641,Department of Housing and Community Affairs,Open,12/05/2019,11/19/2019,12/05/2019,500.00,,03/31/2020,26-9(a)(8),"Accumulating garbage or rubbish outside of approved storage container, garage or building."
2Z36213368,Department of Housing and Community Affairs,Closed,08/19/2014,08/12/2014,05/04/2020,500.00,Abatement Order Compliance,,26-9(a)(1),Failure to maintain item/structure in good repair.
1Z36213087,Department of Housing and Community Affairs,Open,06/20/2014,06/11/2014,06/20/2014,500.00,Abatement Order entered,09/23/2014,26-9(a)(4),Failure to maintain supplied facility in satisfactory working condition.
0Z36215844,Department of Housing and Community Affairs,Open,12/10/2015,12/04/2015,12/10/2015,500.00,Abatement Order entered,05/10/2016,26-9(b)(3),"Failure to maintain exterior surfaces free of flaking, peeling or loose paint and free of water seepage and against decay."
3Z36215847,Department of Housing and Community Affairs,Open,12/10/2015,12/04/2015,12/10/2015,500.00,Abatement Order entered,05/10/2016,26-9(c)(1),"Failure to maintain plumbing fixture in good sanitary working condition free from defects, leaks, and other obstructions."
6Z39911101,Department of Environmental Protection,Open,08/17/2014,08/14/2014,08/17/2014,500.00,,,48-20-b,Provide a tight fitting cover over the trees or tree parts while collecting or transporting within Montgomery County
6Z36215486,Department of Housing and Community Affairs,Open,11/13/2015,11/03/2015,11/13/2015,500.00,Abatement Order entered,04/26/2016,26-9(a)(1),Failure to maintain item/structure in good repair.
0Z36212848,Department of Housing and Community Affairs,Open,04/25/2014,04/18/2014,04/25/2014,500.00,Abatement Order entered,07/22/2014,26-9-a-13,"remove, repair and/or register the unused vehicle"
1Z405726524,Department of Liquor Control,Open,01/31/2015,01/20/2015,01/31/2015,500.00,,,24-9-c,"offering, selling, or dispensing a tobacco product to a minor"
5Z35038281,Health and Human Services,Open,10/04/2014,09/26/2014,10/04/2014,500.00,Abatement Order entered,01/13/2015,15-8-A,Cease the operation of a food service facility or an iterienant food service facility without a valid license from the Health & Human Services director
3Z39883238,Department of Environmental Protection,Open,11/23/2014,10/14/2014,11/23/2014,500.00,Guilty,03/17/2015,31-B-5-b,Cease creating a noise disturbance by allowing amplified music to be played for several hours
3Z36226291,Department of Housing and Community Affairs,Open,12/19/2019,12/06/2019,12/19/2019,500.00,,03/31/2020,26-6(a),Failure to maintain electrical service in good safe working condition.
0Z39895919,Animal Control and Humane Treatment,Open,09/02/2015,08/10/2015,09/02/2015,100.00,Abatement Order entered,11/10/2015,5-203-A-1,Prevent the animal other than an altered cat to be at large
6Z39896863,Animal Control and Humane Treatment,Open,02/18/2016,02/05/2016,02/18/2016,100.00,Abatement Order entered,03/08/2016,5-201-A-1,Cease violating the general prohibitions against cruelty to the animal
3Z42207364,Animal Control and Humane Treatment,Open,04/16/2020,04/08/2020,04/16/2020,500.00,,,5-203-a-5,"Prevent an animal from causing unsanitary, dangerous, or offensive conditions because of the size or number of the animals in a single location"
5Z36227007,Department of Housing and Community Affairs,Open,03/23/2020,03/03/2020,03/23/2020,500.00,,,26-9(a)(2),"Failure to maintain door, window, and/or hatchway in sound working condition."
0Z39905768,ANIMAL SERVICES DIVISION,Open,04/01/2015,,04/01/2015,100.00,Abatement Order entered,05/12/2015,5-203-a-3,Prevent an animal from entering a private property without the property owners's permission
3Z36213404,Department of Housing and Community Affairs,Open,09/12/2014,08/19/2014,09/12/2014,500.00,Continued,12/23/2014,26-9-a-13,"remove, repair and/or register the unused vehicle"
6Z36213379,Department of Housing and Community Affairs,Closed,08/19/2014,08/12/2014,05/04/2020,500.00,Abatement Order Compliance,,26-9(a)(12),Failure to eliminate public nuisance.
3Z36214755,Department of Housing and Community Affairs,Open,06/19/2015,06/10/2015,06/19/2015,500.00,Show Cause Order Withdrawn,11/10/2015,26-9(a)(4),Failure to maintain supplied facility in satisfactory working condition.
5Z36215436,Department of Housing and Community Affairs,Open,11/06/2015,10/28/2015,11/06/2015,500.00,,01/26/2016,26-9(a)(4),Failure to maintain supplied facility in satisfactory working condition.
0Z36213702,Department of Housing and Community Affairs,Open,10/17/2014,10/14/2014,10/17/2014,500.00,Abatement Order entered,03/24/2015,26-9(b)(3),"Failure to maintain exterior surfaces free of flaking, peeling or loose paint and free of water seepage and against decay."
3Z36216568,Department of Housing and Community Affairs,Open,06/14/2016,06/07/2016,06/14/2016,500.00,Continued,11/29/2016,26-9(a)(1),Failure to maintain item/structure in good repair.
1Z39905307,Animal Control and Humane Treatment,Open,07/18/2014,07/07/2014,07/18/2014,500.00,Guilty,10/14/2014,5-402-a,Vaccinate the animal and provide proof of vaccination to the MC Animal Services Division
1Z36211547,Department of Housing and Community Affairs,Open,09/12/2013,08/29/2013,09/12/2013,500.00,Abatement Order entered,11/26/2013,26-9(a)(2),"Failure to maintain door, window, and/or hatchway in sound working condition."
3Z36219193,Department of Housing and Community Affairs,Open,10/13/2017,10/09/2017,10/13/2017,500.00,Defendant found in contempt,03/31/2020,26-9(a)(4),Failure to maintain supplied facility in satisfactory working condition.
5Z40990304,Animal Control and Humane Treatment,Open,08/15/2016,05/03/2016,08/15/2016,100.00,Abatement Order entered,10/11/2016,5-203-A-1,Prevent the animal other than an altered cat to be at large
2Z36223770,Department of Housing and Community Affairs,Open,06/14/2019,06/03/2019,06/14/2019,500.00,Abatement Order entered,10/22/2019,26-9(a)(8),"Accumulating garbage or rubbish outside of approved storage container, garage or building."
3Z36213201,Department of Housing and Community Affairs,Open,07/11/2014,07/02/2014,07/11/2014,500.00,Abatement Order entered,10/28/2014,26-9(a)(13),"Failure to remove, repair, and/or register unused vehicle"
6Z42211714,Animal Control and Humane Treatment,Open,10/08/2019,10/02/2019,10/08/2019,500.00,Guilty,01/14/2020,5-201-b-1.0,failing to tether the male black and white shepherd mix type dog as reguired by the MCASD regulations.
3Z39896125,Animal Control and Humane Treatment,Open,04/27/2016,04/19/2016,04/27/2016,500.00,Guilty,07/12/2016,5-402-C,Possessing unvaccinated dog
1Z36225610,Department of Housing and Community Affairs,Open,11/15/2019,11/12/2019,11/15/2019,500.00,,03/24/2020,26-9(a)(8),"Accumulating garbage or rubbish outside of approved storage container, garage or building."
4Z36216128,Department of Housing and Community Affairs,Open,02/26/2016,02/16/2016,02/26/2016,500.00,Abatement Order entered,05/24/2016,26-6(a),Failure to maintain electrical service in good safe working condition.
6Z39911150,Department of Environmental Protection,Open,09/28/2014,09/18/2014,09/28/2014,100.00,,12/16/2014,48-05-03-d,Cease delivering solid waste that is acceptable for recycling
5Z39904590,Animal Control and Humane Treatment,Open,03/20/2014,12/19/2013,03/20/2014,500.00,Abatement Order entered,05/13/2014,5-203-C,Prevent the animal from having unwanted contact with a person or another domesticated animal at all times.
0Z40854156,Washington Metro. and Transit Auth. Police,Closed,01/31/2019,01/08/2019,04/08/2020,50.00,Default Judgment,03/12/2019,54-A-2-9,Cease entering or leaving a fare-paid area of a rail transport station without paying the fare or presenting a valid transfer
2Z40952620,Department of Permitting Services,Open,05/09/2017,04/11/2017,05/09/2017,500.00,Abatement Order entered,10/17/2017,59-3-1-6,Allowing the use of a residentially zoned lot as a staging and commerical storage lot
5Z36213077,Department of Housing and Community Affairs,Open,06/20/2014,06/11/2014,06/20/2014,500.00,Abatement Order entered,09/23/2014,26-9(a)(2),"Failure to maintain door, window, and/or hatchway in sound working condition."
1Z36216328,Department of Housing and Community Affairs,Open,04/15/2016,03/28/2016,04/15/2016,500.00,Abatement Order entered,06/28/2016,26-9(a)(1),Failure to maintain item/structure in good repair.
5Z41707356,Department of Permitting Services,Open,04/15/2020,04/06/2020,04/15/2020,750.00,,,8-17-e,failure to obtain the final inspection for a mechanical permit
6Z40851264,Washington Metro. and Transit Auth. Police,Closed,09/10/2019,09/02/2019,04/08/2020,50.00,Default Judgment,11/12/2019,54-A-2-9,Cease entering or leaving a fare-paid area of a rail transport station without paying the fare or presenting a valid transfer
1Z39905727,Animal Control and Humane Treatment,Open,03/07/2014,10/26/2013,03/07/2014,100.00,Abatement Order entered,05/13/2014,5-203-A-1,Prevent the animal other than an altered cat to be at large
3Z36224604,Department of Housing and Community Affairs,Open,09/17/2019,09/09/2019,09/17/2019,500.00,Guilty,12/17/2019,26-9(b)(4),"Failure to maintain apron, driveway, sidewalk, walkway, parking lot, and/or patio in good serviceable and safe condition."
4Z36226572,Department of Housing and Community Affairs,Open,01/16/2020,01/07/2020,01/16/2020,500.00,,,26-9(a)(13),"Failure to remove, repair, and/or register unused vehicle"
6Z36211629,Department of Housing and Community Affairs,Open,09/12/2013,08/29/2013,09/12/2013,500.00,Abatement Order entered,11/26/2013,26-9(a)(2),"Failure to maintain door, window, and/or hatchway in sound working condition."
2Z36224911,Department of Housing and Community Affairs,Open,10/23/2019,10/09/2019,10/23/2019,500.00,,02/25/2020,26-9(a)(13),"Failure to remove, repair, and/or register unused vehicle"
3Z39895726,Animal Control and Humane Treatment,Open,05/10/2015,03/25/2015,05/10/2015,100.00,Abatement Order entered,08/11/2015,5-203-A-1,Prevent the animal other than an altered cat to be at large
3Z39891134,Department of Permitting Services,Open,01/29/2014,01/27/2014,01/29/2014,1000.00,Abatement Order entered,03/18/2014,19-2-a,Cease engaging into any land disturbing activity without first the proper permit from DPS.
2Z36214852,Department of Housing and Community Affairs,Open,07/10/2015,07/02/2015,07/10/2015,500.00,Abatement Order entered,09/29/2015,26-9(a)(1),Failure to maintain item/structure in good repair.
5Z36218915,Department of Housing and Community Affairs,Open,08/24/2017,08/21/2017,08/24/2017,500.00,Continued,01/28/2020,26-9(a)(12),Failure to eliminate public nuisance.
2Z36212885,Department of Housing and Community Affairs,Open,05/02/2014,04/28/2014,05/02/2014,500.00,Abatement Order entered,07/22/2014,26-9(a)(8),"Accumulating garbage or rubbish outside of approved storage container, garage or building."
5Z39910134,Department of Environmental Protection,Open,05/10/2014,05/05/2014,05/10/2014,100.00,Default Judgment,07/29/2014,48-05-03-d,Cease delivering solid waste that is acceptable for recycling
2Z39891140,Department of Permitting Services,Open,05/10/2014,05/05/2014,05/10/2014,1000.00,Guilty,07/29/2014,19-2-a,Cease engaging into any land disturbing activity without first the proper permit from DPS.
4Z33918266,Department of Permitting Services,Open,01/08/2014,11/18/2013,01/08/2014,500.00,Abatement Order entered,03/18/2014,59-A-3.1-a,Obtain the proper permit before erecting a fence upon the property
4Z39892318,Department of Permitting Services,Open,06/15/2015,06/08/2015,06/15/2015,1000.00,Abatement Order entered,09/29/2015,19-2-a,Cease engaging into any land disturbing activity without first the proper permit from DPS.
0Z39904739,Animal Control and Humane Treatment,Open,02/22/2014,01/15/2014,02/22/2014,100.00,Guilty,04/08/2014,5-203-A-1,Prevent the animal other than an altered cat to be at large
4Z36213643,Department of Housing and Community Affairs,Open,10/17/2014,10/07/2014,10/17/2014,500.00,Abatement Order entered,12/23/2014,26-9(a)(13),"Failure to remove, repair, and/or register unused vehicle"
6Z39889744,Department of Environmental Protection,Open,11/10/2015,10/27/2015,11/10/2015,500.00,Abatement Order entered,01/19/2016,31-B-5-b,Cease creating a noise disturbance by allowing amplified music to be played for several hours
3Z35158084,Police Department,Open,06/22/2014,06/11/2014,06/22/2014,250.00,Guilty,09/09/2014,53-322,Cease the operation of a taxicab for more than 12 hours in a 24 hour period
0Z36216691,Department of Housing and Community Affairs,Open,07/20/2016,07/07/2016,07/20/2016,500.00,Abatement Order entered,11/22/2016,26-9(b)(4),"Failure to maintain apron, driveway, sidewalk, walkway, parking lot, and/or patio in good serviceable and safe condition."
5Z36213098,Department of Housing and Community Affairs,Open,06/20/2014,06/11/2014,06/20/2014,500.00,Abatement Order entered,09/23/2014,26-9(a)(1),Failure to maintain item/structure in good repair.
5Z39891801,Department of Permitting Services,Open,12/14/2013,11/25/2013,12/14/2013,500.00,Abatement Order entered,02/18/2014,8-26-C,Cease the construction work that does not conform to the approved plans under the permit that was issued for the property
4Z36215050,Department of Housing and Community Affairs,Open,10/12/2015,09/15/2015,10/12/2015,500.00,,,59-c-1.31,Parking vehicles on an RE residentially zoned property
0Z36224146,Department of Housing and Community Affairs,Open,07/19/2019,07/02/2019,07/19/2019,500.00,Guilty,10/29/2019,26-9(a)(1),Failure to maintain item/structure in good repair.
0Z40860176,Washington Metro. and Transit Auth. Police,Closed,09/10/2019,07/10/2019,04/08/2020,50.00,Default Judgment,11/12/2019,54-A-2-9,Cease entering or leaving a fare-paid area of a rail transport station without paying the fare or presenting a valid transfer
3Z36216904,Department of Housing and Community Affairs,Open,09/15/2016,09/07/2016,09/15/2016,500.00,Abatement Order entered,11/29/2016,26-9(a)(1),Failure to maintain item/structure in good repair.
3Z39905533,Animal Control and Humane Treatment,Open,08/24/2014,08/12/2014,08/24/2014,100.00,Default Judgment,12/09/2014,5-203-A-1,Prevent the animal other than an altered cat to be at large
0Z36216131,Department of Housing and Community Affairs,Open,02/26/2016,02/16/2016,02/26/2016,500.00,,,26-9(a)(1),Failure to maintain item/structure in good repair.
3Z36216330,Department of Housing and Community Affairs,Open,04/15/2016,03/30/2016,04/15/2016,500.00,Abatement Order entered,06/28/2016,26-9(a)(13),"Failure to remove, repair, and/or register unused vehicle"
2Z36226710,Department of Housing and Community Affairs,Open,01/31/2020,01/28/2020,01/31/2020,500.00,,,26-9(a)(9),"Failure to exterminate insects, rodents, or other vermin."
4Z39909559,Department of Environmental Protection/Solid Waste,Closed,02/12/2020,01/31/2020,04/07/2020,500.00,Paid and Satisfied,,48-10,Cease depositing solid waste on a public or private property without written permission from the owner
0Z40952702,Department of Permitting Services,Open,08/02/2015,07/22/2015,11/04/2015,500.00,Abatement Order entered,10/20/2015,59-6-7-4(F),Posting signs in public right-of-way
3Z39905582,Animal Control and Humane Treatment,Open,08/24/2014,08/20/2014,08/24/2014,500.00,Default Judgment,12/09/2014,5-201-b,Provide shade and shelterfor an animal on a 90 degrees day.
3Z39896048,Animal Control and Humane Treatment,Open,08/19/2015,08/03/2015,08/19/2015,100.00,Abatement Order denied,10/13/2015,5-203-A-1,Prevent the animal other than an altered cat to be at large
0Z36225266,Department of Housing and Community Affairs,Open,11/15/2019,11/05/2019,11/15/2019,500.00,Stet Docket,02/18/2020,26-9(a)(4),Failure to maintain supplied facility in satisfactory working condition.
1Z42210176,Animal Control and Humane Treatment,Open,04/17/2020,04/13/2020,04/17/2020,500.00,,,5-301-e,interference with the enforcement of an AC law
0Z36213709,Department of Housing and Community Affairs,Open,10/17/2014,10/14/2014,10/17/2014,500.00,Abatement Order entered,03/24/2015,26-7(e)(3),Failure to provide heat supply capable of maintaining temperature of at least 68 degrees.
0Z42211750,Animal Control and Humane Treatment,Open,04/08/2020,04/03/2020,04/08/2020,100.00,,,5-203-a-9,Obtain and provide proof that an animal is licensed in Montgomery County
6Z36211818,Department of Housing and Community Affairs,Open,09/12/2013,08/30/2013,09/12/2013,500.00,Abatement Order entered,11/26/2013,26-9(a)(1),Failure to maintain item/structure in good repair.
1Z36216412,Department of Housing and Community Affairs,Open,05/13/2016,04/27/2016,05/13/2016,500.00,Abatement Order entered,07/26/2016,26-9(a)(13),"Failure to remove, repair, and/or register unused vehicle"
2Z39890993,Department of Permitting Services,Open,05/28/2014,05/13/2014,05/28/2014,1000.00,Default Judgment,08/19/2014,19-8,Obtain a permit extension
0Z36213919,Department of Housing and Community Affairs,Open,11/25/2014,11/24/2014,11/25/2014,500.00,Abatement Order entered,02/24/2015,26-9(b)(5),"Failure to maintain grounds: free of erosion or gullying; grass or weeds over 12 inches high; and/or shrubbery, trees, vines, hedges, and other vegetation, including dead trees and branches."
3Z42209233,Animal Control and Humane Treatment,Open,12/31/2019,12/26/2019,12/31/2019,500.00,,03/10/2020,5-201-a-10,"Abuse/neglect of pet animal by unnecessarily failing to provide nutrious food in a sufficient quantity, necessary vet care, proper drink, air space and shelter"
4Z36214819,Department of Housing and Community Affairs,Open,07/02/2015,06/21/2015,07/02/2015,500.00,Abatement Order entered,09/29/2015,26-9(b)(5),"Failure to maintain grounds: free of erosion or gullying; grass or weeds over 12 inches high; and/or shrubbery, trees, vines, hedges, and other vegetation, including dead trees and branches."
4Z39895727,Animal Control and Humane Treatment,Open,05/10/2015,03/25/2015,05/10/2015,500.00,Abatement Order entered,08/11/2015,5-203-C,Prevent the animal from having unwanted contact with a person or another domesticated animal at all times.
1Z36218197,Department of Housing and Community Affairs,Open,06/16/2017,05/26/2017,06/16/2017,500.00,Abatement Order entered,10/24/2017,26-9(a)(2),"Failure to maintain door, window, and/or hatchway in sound working condition."
1Z36225708,Department of Housing and Community Affairs,Open,12/02/2019,11/25/2019,03/05/2020,50.00,Paid and Satisfied,03/24/2020,26-9(a)(8),"Accumulating garbage or rubbish outside of approved storage container, garage or building."
0Z42207354,Animal Control and Humane Treatment,Open,12/31/2019,12/29/2019,12/31/2019,500.00,,03/10/2020,5-301-b,violation of an order issued by the Gaithersburg City Animal Control to keep the animal muzzled
3Z36226753,Department of Housing and Community Affairs,Open,02/07/2020,02/03/2020,02/07/2020,500.00,,,26-9(b)(3),"Failure to maintain exterior surfaces free of flaking, peeling or loose paint and free of water seepage and against decay."
2Z42317368,False Alarm,Closed,04/21/2020,03/29/2020,04/22/2020,500.00,Paid and Satisfied,,3a-4C(2),requesting police dispatch to a burglar alarm activation without providing the required alarm user registration number.
2Z39893226,Department of Environmental Protection-Solid Waste,Open,10/07/2015,09/22/2015,10/07/2015,500.00,,,48-24-D-6,Maintain the premises by preventing the solid waste from overflowing from the approved containers onto the grounds
0Z36226995,Department of Housing and Community Affairs,Open,03/23/2020,03/03/2020,03/23/2020,500.00,,,26-9(a)(1),Failure to maintain item/structure in good repair.
4Z40850359,Washington Metro. and Transit Auth. Police,Closed,08/23/2019,05/28/2019,04/08/2020,50.00,Default Judgment,09/10/2019,54-A-2-9,Cease entering or leaving a fare-paid area of a rail transport station without paying the fare or presenting a valid transfer
1Z36213857,Department of Housing and Community Affairs,Open,12/05/2014,12/03/2014,12/05/2014,500.00,Abatement Order entered,02/24/2015,26-9(a)(13),"Failure to remove, repair, and/or register unused vehicle"
1Z36223881,Department of Housing and Community Affairs,Open,06/28/2019,06/17/2019,06/28/2019,500.00,Default Judgment,01/21/2020,26-9(a)(6),Failure to maintain premises in safe and sanitary condition.
2Z36220942,Department of Housing and Community Affairs,Open,07/18/2018,07/11/2018,07/18/2018,500.00,Abatement Order entered,09/25/2018,26-9(a)(9),"Failure to exterminate insects, rodents, or other vermin."
5Z39895868,Animal Control and Humane Treatment,Open,01/14/2015,12/12/2014,01/14/2015,100.00,Stet Docket,03/10/2015,5-203-A-6,Prevent the animal from creating or causing noise that is loud and persistent enough to disturb another person's quiet enjoyment.
6Z39895589,Animal Control and Humane Treatment,Open,06/23/2016,06/03/2016,06/23/2016,100.00,Abatement Order entered,09/13/2016,5-203-A-1,Prevent the animal other than an altered cat to be at large
1Z36213703,Department of Housing and Community Affairs,Open,10/17/2014,10/14/2014,10/17/2014,500.00,Abatement Order entered,03/24/2015,26-9(b)(4),"Failure to maintain apron, driveway, sidewalk, walkway, parking lot, and/or patio in good serviceable and safe condition."
1Z42207362,Animal Control and Humane Treatment,Closed,03/26/2020,03/19/2020,04/28/2020,100.00,Paid and Satisfied,,5-203-A-1,Prevent the animal other than an altered cat to be at large
2Z2125981,Animal Control and Humane Treatment,Open,07/31/2018,07/21/2018,07/31/2018,500.00,,,5-402-C,"An owner must vaccinate a cat, dog, or ferret older than 4 months of age against rabies and provide proof of the most recent vaccination to an animal control officer within 24 hours."
2Z36225681,Department of Housing and Community Affairs,Open,12/05/2019,11/21/2019,12/05/2019,500.00,,03/31/2020,26-9(a)(1),Failure to maintain item/structure in good repair.
0Z36225322,Department of Housing and Community Affairs,Open,11/15/2019,11/05/2019,11/15/2019,500.00,Stet Docket,02/18/2020,26-9(a)(4),Failure to maintain supplied facility in satisfactory working condition.
4Z36213713,Department of Housing and Community Affairs,Open,10/17/2014,10/14/2014,10/17/2014,500.00,Abatement Order entered,03/24/2015,26-9(a)(8),"Accumulating garbage or rubbish outside of approved storage container, garage or building."
0Z36216817,Department of Housing and Community Affairs,Open,09/01/2016,08/16/2016,09/01/2016,500.00,Abatement Order entered,11/29/2016,26-9(b)(5),"Failure to maintain grounds: free of erosion or gullying; grass or weeds over 12 inches high; and/or shrubbery, trees, vines, hedges, and other vegetation, including dead trees and branches."
0Z36221290,Department of Housing and Community Affairs,Closed,08/31/2108,08/23/2018,08/31/2108,500.00,Dismiss without prejudice,11/27/2018,26-9(a)(1),Failure to maintain item/structure in good repair.
6Z39905578,Animal Control and Humane Treatment,Open,07/20/2014,06/07/2014,07/20/2014,100.00,Abatement Order entered,01/13/2015,5-203-A-1,Prevent the animal other than an altered cat to be at large
6Z39891879,Department of Permitting Services,Open,01/13/2016,11/12/2015,01/13/2016,,Abatement Order entered,03/15/2016,8-24-a,Comply with the NOV requiring permits and inspections for large additions to the home
1Z36218554,Department of Housing and Community Affairs,Open,07/21/2017,07/13/2017,07/21/2017,500.00,Abatement Order entered,10/31/2017,26-9(a)(8),"Accumulating garbage or rubbish outside of approved storage container, garage or building."
6Z33965042,Police Department,Open,08/17/2014,07/29/2014,08/17/2014,500.00,Default Judgment,12/09/2014,47-5-a-2,Provide a current vendors license to sell merchandise to a resident of Montgomery County
0Z36211343,Department of Housing and Community Affairs,Open,08/02/2013,07/25/2013,08/02/2013,500.00,Abatement Order entered,09/24/2013,26-9(b)(3),"Failure to maintain exterior surfaces free of flaking, peeling or loose paint and free of water seepage and against decay."
0Z36214801,Department of Housing and Community Affairs,Open,06/19/2015,06/17/2015,11/04/2015,500.00,Abatement Order entered,10/20/2015,26-9(a)(8),"Accumulating garbage or rubbish outside of approved storage container, garage or building."
3Z36226914,Department of Housing and Community Affairs,Open,01/21/2020,02/18/2020,01/21/2020,500.00,,,26-9(a)(13),"Failure to remove, repair, and/or register unused vehicle"
4Z36216506,Department of Housing and Community Affairs,Open,05/27/2016,05/18/2016,05/27/2016,500.00,Abatement Order entered,09/27/2016,26-9(a)(8),"Accumulating garbage or rubbish outside of approved storage container, garage or building."
1Z39910095,Department of Environmental Protection,Open,05/03/2014,04/29/2014,05/03/2014,500.00,Default Judgment,07/29/2014,48-05-03-d,Cease delivering solid waste that is acceptable for recycling
6Z36214940,Department of Housing and Community Affairs,Open,08/27/2015,08/18/2015,08/27/2015,500.00,Abatement Order entered,10/27/2015,26-9(b)(3),"Failure to maintain exterior surfaces free of flaking, peeling or loose paint and free of water seepage and against decay."
4Z39889707,Department of Environmental Protection,Open,12/07/2014,11/05/2014,12/07/2014,750.00,Abatement Order entered,03/17/2015,31-B-6-b & c,"PREVENT A LOUD CONSTRUCTION ACTIVITY WHICH CREATES A NOISE DISTURBANCE THAT WAS UNPLEASANT, ANNOYING, OFFENSIVE, LOUD OR OBNOXIOUS AND WAS UNUSUAL FOR THE TIME OF THE DAY THAT IT WAS PRODUCED"
6Z36225398,Department of Housing and Community Affairs,Open,11/15/2019,11/05/2019,11/15/2019,500.00,Stet Docket,02/18/2020,26-9(a)(4),Failure to maintain supplied facility in satisfactory working condition.
2Z41707465,Department of Permitting Services,Open,10/11/2019,09/23/2019,10/11/2019,500.00,Abatement Order entered,01/21/2020,59-6-2-5-L3(a),Parking more than three light commercial vehicles on the subject residentially zoned property
0Z42317310,False Alarm,Closed,03/23/2020,03/02/2020,04/22/2020,500.00,Paid and Satisfied,,3a-4C(2),requesting police dispatch to a burglar alarm activation without providing the required alarm user registration number.
1Z40859302,Washington Metro. and Transit Auth. Police,Open,12/11/2019,11/24/2019,12/11/2019,50.00,,02/11/2020,54-A-2-9,Cease entering or leaving a fare-paid area of a rail transport station without paying the fare or presenting a valid transfer
2Z36214796,Department of Housing and Community Affairs,Open,06/19/2015,06/17/2015,06/19/2015,500.00,,10/20/2015,26-9(a)(12),Failure to eliminate public nuisance.
0Z39904494,Animal Control and Humane Treatment,Open,08/08/2014,08/04/2014,08/08/2014,100.00,Abatement Order entered,10/14/2014,5-203-A-1,Prevent the animal other than an altered cat to be at large
3Z36226704,Department of Housing and Community Affairs,Open,01/31/2020,01/27/2020,01/31/2020,500.00,,,26-9(a)(1),Failure to maintain item/structure in good repair.
3Z39905757,Police Department,Open,08/29/2014,07/09/2014,08/29/2014,500.00,Guilty,01/13/2015,5-203-C,Prevent the animal from having unwanted contact with a person or another domesticated animal at all times.
0Z39895863,ANIMAL SERVICES DIVISION,Open,01/31/2015,12/26/2014,01/31/2015,500.00,Abatement Order entered,03/10/2015,5-203-C,Prevent the animal from having unwanted contact with a person or another domesticated animal at all times.
4Z42317307,False Alarm,Closed,03/23/2020,03/02/2020,04/22/2020,500.00,Paid and Satisfied,,3a-4C(2),requesting police dispatch to a burglar alarm activation without providing the required alarm user registration number.
0Z39895884,ANIMAL SERVICES DIVISION,Open,03/30/2015,01/16/2015,03/30/2015,100.00,Abatement Order entered,04/14/2015,5-203-A-6,Prevent the animal from creating or causing noise that is loud and persistent enough to disturb another person's quiet enjoyment.
1Z39889711,Department of Environmental Protection,Open,04/18/2015,04/13/2015,04/18/2015,750.00,Abatement Order entered,06/30/2015,31-B-6-b & c,"PREVENT A LOUD CONSTRUCTION ACTIVITY WHICH CREATES A NOISE DISTURBANCE THAT WAS UNPLEASANT, ANNOYING, OFFENSIVE, LOUD OR OBNOXIOUS AND WAS UNUSUAL FOR THE TIME OF THE DAY THAT IT WAS PRODUCED"
0Z41163073,Board of License Commissioners,Open,03/08/2016,03/03/2016,03/08/2016,1000.00,Guilty,05/24/2016,24-11-B(1)(i),"Did or did offer to deliver, dispense, issue, give away or sell a tobacco product to a minor"
4Z39895853,Animal Control and Humane Treatment,Open,11/30/2014,11/19/2014,11/30/2014,500.00,Stet Docket,02/10/2015,5-201-a-10,"Abuse/neglect of pet animal by unnecessarily failing to provide nutrious food in a sufficient quantity, necessary vet care, proper drink, air space and shelter"
2Z36213718,Department of Housing and Community Affairs,Open,10/17/2014,10/14/2014,10/17/2014,500.00,Abatement Order entered,03/24/2015,26-9(c)(1),"Failure to maintain plumbing fixture in good sanitary working condition free from defects, leaks, and other obstructions."
4Z39911862,Department of Environmental Protection/Solid Waste,Open,12/15/2018,12/04/2018,12/15/2018,500.00,Default Judgment,04/16/2019,48-20-a,Obtain a collector's/haulers valid tag for the vehicle before transporting or collecting solid waste within Montgomery County
6Z36214779,Department of Housing and Community Affairs,Open,07/02/2015,06/16/2015,07/02/2015,500.00,Abatement Order entered,09/29/2015,26-8(f),Failure to provide required address for the dwelling unit.
6Z36222409,Department of Housing and Community Affairs,Open,02/06/2019,01/10/2019,02/06/2019,500.00,Abatement Order entered,04/23/2019,26-9(b)(3),"Failure to maintain exterior surfaces free of flaking, peeling or loose paint and free of water seepage and against decay."
2Z39911230,Department of Environmental Protection,Open,11/16/2014,11/06/2014,11/16/2014,100.00,Guilty,03/17/2015,48-05-03-d,Cease delivering solid waste that is acceptable for recycling
1Z39895878,Animal Control and Humane Treatment,Open,01/14/2015,10/02/2014,01/14/2015,500.00,Abatement Order entered,03/10/2015,5-203-C,Prevent the animal from having unwanted contact with a person or another domesticated animal at all times.
4Z36215869,Department of Housing and Community Affairs,Open,12/10/2015,12/04/2015,12/10/2015,500.00,Abatement Order entered,05/10/2016,26-9(a)(2),"Failure to maintain door, window, and/or hatchway in sound working condition."
2Z36216140,Department of Housing and Community Affairs,Open,02/26/2016,02/17/2016,02/26/2016,500.00,Abatement Order entered,05/24/2016,26-9(a)(13),"Failure to remove, repair, and/or register unused vehicle"
4Z36226418,Department of Housing and Community Affairs,Open,12/19/2019,12/11/2019,12/19/2019,500.00,,,26-9(a)(9),"Failure to exterminate insects, rodents, or other vermin."
2Z36215335,Department of Housing and Community Affairs,Open,10/23/2015,10/13/2015,10/23/2015,500.00,Abatement Order entered,03/29/2016,26-9(b)(2),"Failure to maintain item in reasonable weather-tight, water-tight, and rodent proof manner."
3Z39904497,Animal Control and Humane Treatment,Open,08/08/2014,08/04/2014,08/08/2014,500.00,Abatement Order entered,10/14/2014,5-203-C,Prevent the animal from having unwanted contact with a person or another domesticated animal at all times.
1Z36215880,Department of Housing and Community Affairs,Open,12/10/2015,12/04/2015,12/10/2015,500.00,Abatement Order entered,05/10/2016,26-9(c)(5),Failure to maintain floor covering in good repair and sanitary condition.
4Z39895489,Animal Control and Humane Treatment,Open,02/23/2016,01/27/2016,02/23/2016,100.00,Abatement Order entered,04/12/2016,5-203-A-1,Prevent the animal other than an altered cat to be at large
0Z39905145,Animal Control and Humane Treatment,Open,06/04/2014,05/21/2014,06/04/2014,100.00,Guilty,09/09/2014,5-203-a-3,Prevent an animal from entering a private property without the property owners's permission
5Z39905486,Animal Control and Humane Treatment,Open,03/31/2016,03/10/2016,03/31/2016,500.00,Abatement Order entered,06/14/2016,5-203-C,Prevent the animal from having unwanted contact with a person or another domesticated animal at all times.
0Z36224664,Department of Housing and Community Affairs,Open,09/30/2019,09/17/2019,09/30/2019,500.00,Continued,01/28/2020,26-9(b)(5),"Failure to maintain grounds: free of erosion or gullying; grass or weeds over 12 inches high; and/or shrubbery, trees, vines, hedges, and other vegetation, including dead trees and branches."
4Z33755236,Department of Permitting Services,Open,08/31/2015,08/20/2015,08/31/2015,500.00,Abatement Order entered,11/17/2015,8-17-24-29-A,failure to comply with the NOV to repair rebuilt addition per the plans and obtain permits for other work done in house without a permit
4Z36223653,Department of Housing and Community Affairs,Open,06/03/2019,05/24/2019,06/03/2019,500.00,Guilty,08/27/2019,26-9(a)(7),Failure to ensure utility services stay connected.
2Z36226920,Department of Housing and Community Affairs,Closed,03/03/2020,02/18/2020,04/23/2020,500.00,Dismiss without prejudice,,26-9(a)(4),Failure to maintain supplied facility in satisfactory working condition.
1Z39905328,Animal Control and Humane Treatment,Open,10/19/2014,09/26/2014,10/19/2014,750.00,Abatement Order entered,12/09/2014,5-203-C,Prevent the animal from having unwanted contact with a person or another domesticated animal at all times.
4Z41110829,Office of Consumer Protection,Open,08/24/2016,08/10/2016,08/24/2016,500.00,Guilty,11/22/2016,11-4-e,misrepresentation of a material fact that has a tendency to mislead
6Z36212847,Department of Housing and Community Affairs,Open,04/25/2014,04/18/2014,04/25/2014,500.00,Abatement Order entered,07/22/2014,26-9-a-13,"remove, repair and/or register the unused vehicle"
5Z39896869,Animal Control and Humane Treatment,Open,02/24/2016,02/18/2016,02/24/2016,100.00,Guilty,04/12/2016,5-203-A-1,Prevent the animal other than an altered cat to be at large
6Z36213925,Department of Housing and Community Affairs,Open,11/25/2014,11/21/2014,11/25/2014,500.00,Abatement Order entered,02/24/2015,26-9(c)(5),Failure to maintain floor covering in good repair and sanitary condition.
4Z39905079,Animal Control and Humane Treatment,Open,02/22/2014,01/12/2014,02/22/2014,100.00,Abatement Order entered,05/13/2014,5-203-A-1,Prevent the animal other than an altered cat to be at large
5Z36224151,Department of Housing and Community Affairs,Open,07/19/2019,07/02/2019,07/19/2019,500.00,Guilty,10/29/2019,26-9(a)(4),Failure to maintain supplied facility in satisfactory working condition.
2Z36215895,Department of Housing and Community Affairs,Open,12/10/2015,12/04/2015,12/10/2015,500.00,Abatement Order entered,05/10/2016,26-9(a)(13),"Failure to remove, repair, and/or register unused vehicle"
6Z36213183,Department of Housing and Community Affairs,Open,07/11/2014,06/27/2014,07/11/2014,500.00,Abatement Order entered,11/25/2014,26-9(a)(13),"Failure to remove, repair, and/or register unused vehicle"
1Z36213381,Department of Housing and Community Affairs,Closed,08/19/2014,08/12/2014,05/04/2020,500.00,Abatement Order Compliance,,26-9(b)(5),"Failure to maintain grounds: free of erosion or gullying; grass or weeds over 12 inches high; and/or shrubbery, trees, vines, hedges, and other vegetation, including dead trees and branches."
1Z39910123,Department of Environmental Protection,Open,06/04/2014,06/02/2014,06/04/2014,100.00,Default Judgment,09/30/2014,48-48-b,Cease collecting or removing solid waste which was set out for collection at the curb without consent to collect from the owner.
4Z40952727,Department of Permitting Services,Open,10/07/2015,09/23/2015,10/07/2015,500.00,Abatement Order entered,12/15/2015,59-3-1-6,Allowing the use of a residentially zoned lot as a staging and commerical storage lot
5Z41768004,Animal Control and Humane Treatment,Open,11/06/2019,10/21/2019,11/06/2019,100.00,Abatement Order entered,02/11/2020,5-203-a-3,Prevent an animal from entering a private property without the property owners's permission
6Z39895876,Animal Control and Humane Treatment,Open,01/14/2015,04/10/2014,01/14/2015,500.00,Abatement Order entered,03/10/2015,5-203-C,Prevent the animal from having unwanted contact with a person or another domesticated animal at all times.
6Z39911066,Department of Environmental Protection,Open,08/17/2014,07/29/2014,08/17/2014,500.00,Default Judgment,10/21/2014,48-19-A,Obtain a valid collectors license before collecting and transporting solid waste within the county.
6Z36216564,Department of Housing and Community Affairs,Open,06/14/2016,06/07/2016,06/14/2016,500.00,Continued,11/29/2016,26-9(a)(1),Failure to maintain item/structure in good repair.
1Z39895661,Animal Control and Humane Treatment,Open,11/16/2014,10/21/2014,11/16/2014,100.00,Stet Docket,01/13/2015,5-203-A-1,Prevent the animal other than an altered cat to be at large
0Z36222669,Department of Housing and Community Affairs,Open,03/01/2019,02/19/2019,03/01/2019,500.00,Abatement Order Compliance,05/28/2019,26-9(b)(3),"Failure to maintain exterior surfaces free of flaking, peeling or loose paint and free of water seepage and against decay."
2Z39905728,Montgomery County Government,Open,03/07/2014,10/26/2013,03/07/2014,500.00,Abatement Order entered,05/13/2014,5-203-C,Prevent the animal from having unwanted contact with a person or another domesticated animal at all times.
1Z36214564,Department of Housing and Community Affairs,Open,05/08/2015,05/05/2015,05/08/2015,500.00,Abatement Order entered,07/28/2015,26-9(a)(1),Failure to maintain item/structure in good repair.
6Z39905795,Animal Control and Humane Treatment,Open,06/22/2014,06/15/2014,06/22/2014,100.00,Abatement Order entered,09/09/2014,5-203-A-1,Prevent the animal other than an altered cat to be at large
0Z36216446,Department of Housing and Community Affairs,Open,05/20/2016,05/02/2016,05/20/2016,500.00,Abatement Order entered,07/26/2016,26-9(a)(2),"Failure to maintain door, window, and/or hatchway in sound working condition."
4z36220958,Department of Housing and Community Affairs,Open,07/19/2018,07/12/2018,07/19/2018,500.00,Abatement Order entered,09/25/2018,26-9-a-13,"remove, repair and/or register the unused vehicle"
0Z36213716,Department of Housing and Community Affairs,Open,10/17/2014,10/14/2014,10/17/2014,500.00,Abatement Order entered,03/24/2015,26-6(a),Failure to maintain electrical service in good safe working condition.
0Z36214941,Department of Housing and Community Affairs,Open,08/27/2015,08/18/2015,08/27/2015,500.00,Abatement Order entered,10/27/2015,26-9(a)(4),Failure to maintain supplied facility in satisfactory working condition.
5Z39886719,Animal Control and Humane Treatment,Open,08/25/2014,09/26/2012,08/25/2014,100.00,Show Cause Order,09/02/2014,5-203-A-1,Prevent the animal other than an altered cat to be at large
2Z36215846,Department of Housing and Community Affairs,Open,12/10/2015,12/04/2015,12/10/2015,500.00,Abatement Order entered,05/10/2016,26-9(c)(1),"Failure to maintain plumbing fixture in good sanitary working condition free from defects, leaks, and other obstructions."
6Z35038331,HEALTH AND HUMAN SERVICES,Open,03/25/2015,03/18/2015,03/25/2015,500.00,Abatement Order entered,05/19/2015,15-8-b-1,operating a food facility without a certified food manager
0Z36225567,Department of Housing and Community Affairs,Open,11/15/2019,11/05/2019,11/15/2019,500.00,Stet Docket,02/18/2020,26-9(a)(4),Failure to maintain supplied facility in satisfactory working condition.
5Z36215891,Department of Housing and Community Affairs,Open,12/10/2015,12/04/2015,12/10/2015,500.00,Abatement Order entered,05/10/2016,26-9(a)(13),"Failure to remove, repair, and/or register unused vehicle"
2Z36213571,Department of Housing and Community Affairs,Open,09/27/2014,09/17/2014,09/27/2014,500.00,Show Cause Order,05/31/2016,26-9(a)(1),Failure to maintain item/structure in good repair.
3Z39905085,Animal Control and Humane Treatment,Open,03/01/2014,02/15/2014,03/01/2014,100.00,Guilty,05/13/2014,5-203-A-1,Prevent the animal other than an altered cat to be at large
3Z36215273,Department of Housing and Community Affairs,Open,10/16/2015,10/08/2015,10/16/2015,500.00,Abatement Order entered,12/29/2015,26-9(a)(8),"Accumulating garbage or rubbish outside of approved storage container, garage or building."
0z42209097,Animal Control and Humane Treatment,Open,06/30/2019,06/17/2019,06/30/2019,100.00,Default Judgment,09/10/2019,5-203-a-9,Obtain and provide proof that an animal is licensed in Montgomery County
5Z36213084,Department of Housing and Community Affairs,Open,06/20/2014,06/11/2014,06/20/2014,500.00,Abatement Order entered,09/23/2014,26-9(a)(8),"Accumulating garbage or rubbish outside of approved storage container, garage or building."
3Z40859486,Washington Metro. and Transit Auth. Police,Open,12/31/2018,12/25/2018,12/31/2018,50.00,,,5-601,Possession of marijuana less than 10 grams
1Z40952633,Department of Permitting Services,Open,10/07/2015,09/22/2015,10/07/2015,500.00,Abatement Order entered,12/15/2015,59-6-7-4(F),Posting signs in public right-of-way
1Z36215859,Department of Housing and Community Affairs,Open,12/10/2015,12/04/2015,12/10/2015,500.00,Abatement Order entered,05/10/2016,26-9(c)(1),"Failure to maintain plumbing fixture in good sanitary working condition free from defects, leaks, and other obstructions."
3Z36216449,Department of Housing and Community Affairs,Open,05/20/2016,05/02/2016,05/20/2016,500.00,Abatement Order entered,07/26/2016,26-9(b)(2),"Failure to maintain item in reasonable weather-tight, water-tight, and rodent proof manner."
5Z36223934,Department of Housing and Community Affairs,Open,06/28/2019,06/20/2019,06/28/2019,500.00,Abatement Order entered,10/22/2019,26-9(b)(5),"Failure to maintain grounds: free of erosion or gullying; grass or weeds over 12 inches high; and/or shrubbery, trees, vines, hedges, and other vegetation, including dead trees and branches."
5Z36222478,Department of Housing and Community Affairs,Open,02/06/2019,01/18/2019,02/06/2019,500.00,Guilty,04/23/2019,26-9(a)(2),"Failure to maintain door, window, and/or hatchway in sound working condition."
4Z36213923,Department of Housing and Community Affairs,Open,11/25/2014,11/21/2014,11/25/2014,500.00,Abatement Order entered,02/24/2015,26-9(c)(3),"Failure to maintain wall, ceiling, floor, interior woodwork, door, and/or windows in sound condition and good repair free of flaking, peeling, or loose paint."
0Z36226981,Department of Housing and Community Affairs,Open,03/03/2020,02/26/2020,03/03/2020,500.00,,,26-9(a)(6),Failure to maintain premises in safe and sanitary condition.
3Z36213698,Department of Housing and Community Affairs,Open,10/17/2014,10/14/2014,10/17/2014,500.00,Abatement Order entered,03/24/2015,48-24(c),"Failure to store solid waste in a vermin-proof, water-tight container with a tight-fitting lid at all times."
4Z36213090,Department of Housing and Community Affairs,Open,06/20/2014,06/11/2014,06/20/2014,500.00,Abatement Order entered,09/23/2014,26-6(a),Failure to maintain electrical service in good safe working condition.
0Z36225280,Department of Housing and Community Affairs,Open,11/15/2019,11/05/2019,11/15/2019,500.00,Stet Docket,02/18/2020,26-9(a)(4),Failure to maintain supplied facility in satisfactory working condition.
0Z36211819,Department of Housing and Community Affairs,Open,09/12/2013,08/30/2013,09/12/2013,500.00,Abatement Order entered,11/26/2013,26-9(a)(2),"Failure to maintain door, window, and/or hatchway in sound working condition."
4Z36225144,Department of Housing and Community Affairs,Open,11/11/2019,10/30/2019,11/11/2019,500.00,,03/24/2020,26-9(a)(13),"Failure to remove, repair, and/or register unused vehicle"
0Z36226946,Department of Housing and Community Affairs,Open,03/03/2020,02/24/2020,03/03/2020,500.00,,,26-8(f),Failure to provide required address for the dwelling unit.
1Z39905559,ANIMAL SERVICES DIVISION,Open,01/31/2015,01/26/2015,01/31/2015,100.00,Abatement Order entered,06/09/2015,5-203-A-1,Prevent the animal other than an altered cat to be at large
3z35113116,Washington Metro. and Transit Auth. Police,Closed,03/01/2019,02/11/2019,04/08/2020,50.00,Default Judgment,05/14/2019,54-A-2-9,Cease entering or leaving a fare-paid area of a rail transport station without paying the fare or presenting a valid transfer
4Z36215344,Department of Housing and Community Affairs,Open,10/23/2015,10/13/2015,10/23/2015,500.00,Abatement Order entered,03/29/2016,26-9(a)(1),Failure to maintain item/structure in good repair.
5Z40571178,TAXICAB,Open,10/12/2016,10/12/2016,10/12/2016,500.00,,,53-301-a,operating a taxicab without a valid Montgomery County taxi ID card
6Z36226938,Department of Housing and Community Affairs,Open,03/03/2020,02/20/2020,03/03/2020,500.00,,,26-9(a)(13),"Failure to remove, repair, and/or register unused vehicle"
2Z36214971,Department of Housing and Community Affairs,Open,09/04/2015,09/01/2015,09/04/2015,500.00,Abatement Order entered,10/27/2015,26-9(a)(8),"Accumulating garbage or rubbish outside of approved storage container, garage or building."
5Z39889708,Department of Environmental Protection,Open,12/07/2014,11/06/2014,12/07/2014,750.00,Abatement Order entered,03/17/2015,31-B-6-b & c,"PREVENT A LOUD CONSTRUCTION ACTIVITY WHICH CREATES A NOISE DISTURBANCE THAT WAS UNPLEASANT, ANNOYING, OFFENSIVE, LOUD OR OBNOXIOUS AND WAS UNUSUAL FOR THE TIME OF THE DAY THAT IT WAS PRODUCED"
2Z42316304,False Alarm,Open,11/10/2018,10/22/2018,11/10/2018,500.00,,,3a-4C(2),requesting police dispatch to a burglar alarm activation without providing the required alarm user registration number.
1Z40616885,Washington Metro. and Transit Auth. Police,Closed,01/15/2019,12/17/2018,04/08/2020,50.00,Default Judgment,03/12/2019,54-A-2-9,Cease entering or leaving a fare-paid area of a rail transport station without paying the fare or presenting a valid transfer
0Z40850999,Washington Metro. and Transit Auth. Police,Closed,05/01/2019,01/28/2019,04/08/2020,50.00,Default Judgment,07/09/2019,54-A-2-9,Cease entering or leaving a fare-paid area of a rail transport station without paying the fare or presenting a valid transfer
6Z36215997,Department of Housing and Community Affairs,Open,01/08/2016,12/31/2015,01/08/2016,500.00,Abatement Order entered,06/28/2016,26-9(a)(8),"Accumulating garbage or rubbish outside of approved storage container, garage or building."
3Z36215882,Department of Housing and Community Affairs,Open,12/10/2015,12/04/2015,12/10/2015,500.00,Abatement Order entered,05/10/2016,26-9(b)(4),"Failure to maintain apron, driveway, sidewalk, walkway, parking lot, and/or patio in good serviceable and safe condition."
6Z36212791,Department of Housing and Community Affairs,Open,04/18/2014,04/14/2014,04/18/2014,500.00,Abatement Order entered,07/22/2014,26-9-a-13,"remove, repair and/or register the unused vehicle"
3Z39886808,Animal Control and Humane Treatment,Open,11/14/2012,11/03/2012,11/14/2012,500.00,Guilty,01/15/2013,5-201-b,Provide shade and shelterfor an animal on a 90 degrees day.
2Z39895998,Animal Control and Humane Treatment,Open,04/30/2015,04/28/2015,04/30/2015,100.00,,,5-203-A-1,Prevent the animal other than an altered cat to be at large
0Z36226498,Department of Housing and Community Affairs,Open,12/30/2019,12/18/2019,12/30/2019,500.00,,,26-9(a)(8),"Accumulating garbage or rubbish outside of approved storage container, garage or building."
3Z39892905,Department of Environmental Protection/Solid Waste,Open,01/07/2016,01/04/2016,01/07/2016,750.00,Abatement Order entered,03/15/2016,48-24-D-6,Maintain the premises by preventing the solid waste from overflowing from the approved containers onto the grounds
3Z3905323,ANIMAL SERVICES DIVISION,Open,02/26/2015,01/31/2015,02/26/2015,500.00,,,5-201-A-1,Cease violating the general prohibitions against cruelty to the animal
0Z36225252,Department of Housing and Community Affairs,Open,11/15/2019,11/05/2019,11/15/2019,500.00,Stet Docket,02/18/2020,26-9(a)(4),Failure to maintain supplied facility in satisfactory working condition.
2Z36221089,Department of Housing and Community Affairs,Open,08/10/2018,07/31/2018,08/10/2018,500.00,Abatement Order entered,10/30/2018,26-9(a)(13),"Failure to remove, repair, and/or register unused vehicle"
1Z36215866,Department of Housing and Community Affairs,Open,12/10/2015,12/04/2015,12/10/2015,500.00,Abatement Order entered,05/10/2016,26-9(a)(2),"Failure to maintain door, window, and/or hatchway in sound working condition."
1Z36213773,Department of Housing and Community Affairs,Open,11/21/2014,10/21/2014,11/21/2014,500.00,Abatement Order entered,02/24/2015,26-9(a)(13),"Failure to remove, repair, and/or register unused vehicle"
1Z36224259,Department of Housing and Community Affairs,Open,07/29/2019,07/16/2019,07/29/2019,500.00,Guilty,01/28/2020,26-9(a)(4),Failure to maintain supplied facility in satisfactory working condition.
3Z36227075,Department of Housing and Community Affairs,Open,03/23/2020,03/10/2020,03/23/2020,500.00,,,26-9(a)(1),Failure to maintain item/structure in good repair.
6Z36215864,Department of Housing and Community Affairs,Open,12/10/2015,12/04/2015,12/10/2015,500.00,Abatement Order entered,05/10/2016,26-9(c)(1),"Failure to maintain plumbing fixture in good sanitary working condition free from defects, leaks, and other obstructions."
6Z40952701,Department of Permitting Services,Open,08/02/2015,07/22/2015,11/04/2015,500.00,Abatement Order entered,10/20/2015,59-6-7-4(F),Posting signs in public right-of-way
3Z36212662,Department of Housing and Community Affairs,Open,03/21/2014,03/13/2014,03/21/2014,500.00,Show Cause Order Withdrawn,12/09/2014,26-9(a)(2),"Failure to maintain door, window, and/or hatchway in sound working condition."
1Z36214473,Department of Housing and Community Affairs,Open,04/07/2015,03/25/2015,04/07/2015,500.00,Abatement Order entered,06/23/2015,26-9(a)(2),"Failure to maintain door, window, and/or hatchway in sound working condition."
1Z39895927,ANIMAL SERVICES DIVISION,Open,02/26/2015,02/09/2015,02/26/2015,500.00,Abatement Order entered,04/14/2015,5-203-C,Prevent the animal from having unwanted contact with a person or another domesticated animal at all times.
5Z39882218,Department of Permitting Services,Open,03/18/2014,03/11/2014,03/18/2014,500.00,Abatement Order entered,05/20/2014,59-c-1.31,Parking vehicles on an RE residentially zoned property
4Z36216380,Department of Housing and Community Affairs,Open,04/29/2016,04/19/2016,04/29/2016,500.00,Abatement Order entered,06/28/2016,26-9(b)(3),"Failure to maintain exterior surfaces free of flaking, peeling or loose paint and free of water seepage and against decay."
5Z39905024,Animal Control and Humane Treatment,Open,06/12/2014,06/06/2014,06/12/2014,500.00,Guilty,09/09/2014,5-203-C,Prevent the animal from having unwanted contact with a person or another domesticated animal at all times.
0Z40990152,Animal Control and Humane Treatment,Open,05/31/2016,05/17/2016,05/31/2016,100.00,Abatement Order entered,08/09/2016,5-203-A-1,Prevent the animal other than an altered cat to be at large
0Z36226953,Department of Housing and Community Affairs,Open,03/23/2020,02/25/2020,03/23/2020,500.00,,,26-9(a)(8),"Accumulating garbage or rubbish outside of approved storage container, garage or building."
6Z39896142,Animal Control and Humane Treatment,Open,12/29/2015,11/27/2015,12/29/2015,100.00,Abatement Order entered,03/08/2016,5-203-A-1,Prevent the animal other than an altered cat to be at large
4Z39889742,Department of Environmental Protection,Open,06/09/2015,06/04/2015,06/09/2015,500.00,Abatement Order entered,09/15/2015,31-B-5-b,Cease creating a noise disturbance by allowing amplified music to be played for several hours
5Z36215856,Department of Housing and Community Affairs,Open,12/10/2015,12/04/2015,12/10/2015,500.00,Abatement Order entered,05/10/2016,26-9(a)(2),"Failure to maintain door, window, and/or hatchway in sound working condition."
5Z39896631,Animal Control and Humane Treatment,Open,07/31/2017,07/16/2017,07/31/2017,100.00,Stet Docket,10/10/2017,5-203-a-3,Prevent an animal from entering a private property without the property owners's permission
4Z36213720,Department of Housing and Community Affairs,Open,10/17/2014,10/14/2014,10/17/2014,500.00,Abatement Order entered,03/24/2015,26-9(a)(1),Failure to maintain item/structure in good repair.
2Z39895823,Animal Control and Humane Treatment,Open,05/05/2016,04/26/2016,05/05/2016,100.00,Abatement Order entered,07/12/2016,5-203-A-1,Prevent the animal other than an altered cat to be at large
6Z36215892,Department of Housing and Community Affairs,Open,12/10/2015,12/04/2015,12/10/2015,500.00,Abatement Order entered,05/10/2016,26-9(a)(13),"Failure to remove, repair, and/or register unused vehicle"
2Z39893366,Department of Environmental Protection/Solid Waste,Open,09/16/2019,09/11/2019,09/16/2019,750.00,Abatement Order entered,12/10/2019,48-10,Cease depositing solid waste on a public or private property without written permission from the owner
2Z36216441,Department of Housing and Community Affairs,Open,05/20/2016,05/02/2016,05/20/2016,500.00,Abatement Order entered,07/26/2016,26-9(a)(8),"Accumulating garbage or rubbish outside of approved storage container, garage or building."
3Z36224863,Department of Housing and Community Affairs,Open,10/11/2019,10/02/2019,10/11/2019,500.00,Dismiss without prejudice,02/25/2020,26-9(a)(1),Failure to maintain item/structure in good repair.
2Z36214096,Department of Housing and Community Affairs,Open,03/03/2015,01/29/2015,03/03/2015,500.00,Abatement Order entered,04/28/2015,26-9(a)(8),"Accumulating garbage or rubbish outside of approved storage container, garage or building."
1Z36221445,Department of Housing and Community Affairs,Open,09/21/2018,09/13/2018,09/21/2018,500.00,,01/29/2019,26-9(b)(3),"Failure to maintain exterior surfaces free of flaking, peeling or loose paint and free of water seepage and against decay."
4Z42123253,Animal Control and Humane Treatment,Open,03/03/2020,03/02/2020,03/03/2020,100.00,,,5-203-A-1,Prevent the animal other than an altered cat to be at large
2Z36220165,Department of Housing and Community Affairs,Open,04/20/2018,03/28/2018,04/20/2018,500.00,Abatement Order entered,06/26/2018,26-9(a)(8),"Accumulating garbage or rubbish outside of approved storage container, garage or building."
6Z39896114,Animal Control and Humane Treatment,Open,07/17/2015,07/07/2015,07/17/2015,100.00,Abatement Order entered,09/08/2015,5-203-A-1,Prevent the animal other than an altered cat to be at large
6Z42126020,Animal Control and Humane Treatment,Open,01/31/2019,01/05/2019,01/31/2019,100.00,,04/09/2019,5-203-A-1,Prevent the animal other than an altered cat to be at large
2Z42317382,False Alarm,Closed,04/21/2020,03/29/2020,04/22/2020,500.00,Paid and Satisfied,,3a-4C(2),requesting police dispatch to a burglar alarm activation without providing the required alarm user registration number.
2Z39904321,Animal Control and Humane Treatment,Open,05/10/2014,04/12/2014,05/10/2014,100.00,Guilty,07/08/2014,5-203-A-1,Prevent the animal other than an altered cat to be at large
6Z42211602,Animal Control and Humane Treatment,Open,04/30/2018,04/08/2019,04/30/2018,100.00,Continued,06/11/2019,5-203-a-9,Obtain and provide proof that an animal is licensed in Montgomery County
1Z39886470,Animal Control and Humane Treatment,Open,07/20/2014,07/09/2014,07/20/2014,100.00,Abatement Order entered,10/14/2014,5-203-A-1,Prevent the animal other than an altered cat to be at large
4Z42209003,Animal Control and Humane Treatment,Open,03/15/2019,02/06/2019,03/15/2019,100.00,Abatement Order entered,06/11/2019,5-203-A-1,Prevent the animal other than an altered cat to be at large
5Z39905143,Animal Control and Humane Treatment,Open,06/04/2014,05/21/2014,06/04/2014,100.00,Guilty,09/09/2014,5-201-A-1,Cease violating the general prohibitions against cruelty to the animal
4Z39905023,Animal Control and Humane Treatment,Open,06/12/2014,06/06/2014,06/12/2014,500.00,Guilty,09/09/2014,5-203-a-7,Prevent an animal from running at large on a Public school property
6Z40990305,Animal Control and Humane Treatment,Open,08/15/2016,08/03/2016,08/15/2016,100.00,Abatement Order entered,10/11/2016,5-203-A-6,Prevent the animal from creating or causing noise that is loud and persistent enough to disturb another person's quiet enjoyment.
4Z39891842,Department of Permitting Services,Open,11/30/2014,12/17/2014,11/30/2014,500.00,,,8-24-a,Comply with the NOV requiring permits and inspections for large additions to the home
2Z41707367,Department of Permitting Services,Open,04/03/2020,03/24/2020,04/03/2020,500.00,,,8-17-c,failure to obtain a final inspection approval for permit
4Z39905380,Animal Control and Humane Treatment,Open,07/20/2014,07/14/2014,07/20/2014,100.00,Default Judgment,10/14/2014,5-203-A-1,Prevent the animal other than an altered cat to be at large
1Z36215936,Department of Housing and Community Affairs,Open,12/28/2015,12/11/2015,12/28/2015,500.00,Abatement Order entered,03/29/2016,26-9(a)(13),"Failure to remove, repair, and/or register unused vehicle"
5Z36224060,Department of Housing and Community Affairs,Open,07/11/2019,06/27/2019,07/11/2019,500.00,Abatement Order entered,10/22/2019,26-9(b)(3),"Failure to maintain exterior surfaces free of flaking, peeling or loose paint and free of water seepage and against decay."
1Z36213416,Department of Housing and Community Affairs,Open,09/05/2014,08/19/2014,09/05/2014,500.00,Abatement Order entered,,26-9(a)(2),"Failure to maintain door, window, and/or hatchway in sound working condition."
1Z39906931,Office of Consumer Protection,Open,06/05/2014,08/21/2014,06/05/2014,500.00,Abatement Order entered,09/30/2014,38a-2-a-b,Obtain a license to perform appliance repair before doing any appliance repair work.
1Z40616731,Washington Metro. and Transit Auth. Police,Closed,05/15/2019,04/09/2019,04/08/2020,50.00,Default Judgment,07/09/2019,54-A-2-9,Cease entering or leaving a fare-paid area of a rail transport station without paying the fare or presenting a valid transfer
3Z36215875,Department of Housing and Community Affairs,Open,12/10/2015,12/04/2015,12/10/2015,500.00,Abatement Order entered,05/10/2016,26-9(a)(1),Failure to maintain item/structure in good repair.
6Z40953058,Department of Permitting Services,Open,02/24/2016,01/29/2016,02/24/2016,500.00,Abatement Order entered,04/19/2016,59-7-4-2(A)1,Allowing the operation of a commerical enterprise without a valid permit
4Z36213370,Department of Housing and Community Affairs,Closed,08/19/2014,08/12/2014,05/04/2020,500.00,Abatement Order Compliance,,26-9(c)(5),Failure to maintain floor covering in good repair and sanitary condition.
4Z36214805,Department of Housing and Community Affairs,Open,06/19/2015,06/17/2015,11/04/2015,500.00,Abatement Order Compliance,10/20/2015,26-8(b)(1),Failure to provide working smoke detector.
1Z36216447,Department of Housing and Community Affairs,Open,05/20/2016,05/02/2016,05/20/2016,500.00,Abatement Order entered,07/26/2016,26-6(a),Failure to maintain electrical service in good safe working condition.
1Z40860793,Washington Metro. and Transit Auth. Police,Closed,09/18/2019,09/06/2019,04/08/2020,50.00,Default Judgment,12/10/2019,54-A-2-9,Cease entering or leaving a fare-paid area of a rail transport station without paying the fare or presenting a valid transfer
4Z36210598,Department of Housing and Community Affairs,Open,02/01/2013,01/23/2013,02/01/2013,500.00,Show Cause Order Withdrawn,10/08/2013,26-9-a-13,"remove, repair and/or register the unused vehicle"
0Z39905579,Animal Control and Humane Treatment,Open,07/20/2014,06/07/2014,07/20/2014,100.00,Abatement Order entered,01/13/2015,5-203-a-3,Prevent an animal from entering a private property without the property owners's permission
5Z33918309,Department of Permitting Services,Open,09/28/2014,09/15/2014,09/28/2014,500.00,,12/16/2014,59-c-1.31,Parking vehicles on an RE residentially zoned property
4Z39905058,Animal Control and Humane Treatment,Open,05/03/2014,04/12/2014,05/03/2014,100.00,Abatement Order entered,07/08/2014,5-203-A-1,Prevent the animal other than an altered cat to be at large
0Z39904543,Animal Control and Humane Treatment,Open,08/24/2014,08/12/2014,08/24/2014,500.00,Guilty,12/09/2014,5-201-b,Provide shade and shelterfor an animal on a 90 degrees day.
1Z39905755,Animal Control and Humane Treatment,Open,08/17/2014,04/14/2014,08/17/2014,500.00,Abatement Order entered,10/14/2014,5-203-C,Prevent the animal from having unwanted contact with a person or another domesticated animal at all times.
1Z36212912,Department of Housing and Community Affairs,Open,05/16/2014,05/07/2014,05/16/2014,500.00,Abatement Order entered,08/26/2014,26-9(a)(8),"Accumulating garbage or rubbish outside of approved storage container, garage or building."
2Z36214782,Department of Housing and Community Affairs,Open,07/02/2015,06/16/2015,07/02/2015,500.00,Abatement Order entered,09/29/2015,26-9(b)(2),"Failure to maintain item in reasonable weather-tight, water-tight, and rodent proof manner."
1Z41706841,Department of Permitting Services,Open,08/05/2018,07/18/2018,08/05/2018,500.00,Abatement Order entered,11/20/2018,59-3-1-6,Allowing the use of a residentially zoned lot as a staging and commerical storage lot
3Z39904574,Animal Control and Humane Treatment,Open,04/06/2014,03/21/2014,04/06/2014,100.00,,,5-203-a-9,Obtain and provide proof that an animal is licensed in Montgomery County
2Z36225562,Department of Housing and Community Affairs,Open,11/15/2019,11/05/2019,11/15/2019,500.00,Stet Docket,02/18/2020,26-9(a)(4),Failure to maintain supplied facility in satisfactory working condition.
3Z36216127,Department of Housing and Community Affairs,Open,02/26/2016,02/16/2016,02/26/2016,500.00,Abatement Order entered,05/24/2016,26-9(a)(1),Failure to maintain item/structure in good repair.
0Z42317373,False Alarm,Closed,04/21/2020,03/29/2020,04/22/2020,500.00,Paid and Satisfied,,3a-4C(2),requesting police dispatch to a burglar alarm activation without providing the required alarm user registration number.
5Z36213413,Department of Housing and Community Affairs,Open,09/05/2014,08/19/2014,09/05/2014,500.00,Abatement Order entered,,26-9(b)(1),"Failure to maintain item in reasonable weather-tight, water-tight, and rodent proof condition, free from foreign matter and capable of affording privacy."
1Z36213927,Department of Housing and Community Affairs,Open,11/25/2014,11/21/2014,11/25/2014,500.00,Abatement Order entered,02/24/2015,26-6(c)(1)(A,Failure to provide cooking and baking facilities.
1Z36213689,Department of Housing and Community Affairs,Open,10/17/2014,10/13/2014,10/17/2014,500.00,Abatement Order entered,05/26/2015,26-9(a)(2),"Failure to maintain door, window, and/or hatchway in sound working condition."
1Z36225407,Department of Housing and Community Affairs,Open,11/15/2019,11/05/2019,11/15/2019,500.00,Stet Docket,02/18/2020,26-9(a)(4),Failure to maintain supplied facility in satisfactory working condition.
3Z41768002,Animal Control and Humane Treatment,Open,10/02/2019,09/29/2019,10/02/2019,100.00,Dismiss without prejudice,02/11/2020,5-203-a-3,Prevent an animal from entering a private property without the property owners's permission
6Z36215843,Department of Housing and Community Affairs,Open,12/10/2015,12/04/2015,12/10/2015,500.00,Abatement Order entered,05/10/2016,26-9(a)(8),"Accumulating garbage or rubbish outside of approved storage container, garage or building."
0Z36213100,Department of Housing and Community Affairs,Open,06/20/2014,06/11/2014,06/20/2014,500.00,Abatement Order entered,09/23/2014,26-9(a)(1),Failure to maintain item/structure in good repair.
5Z36215149,Department of Housing and Community Affairs,Open,10/12/2015,09/24/2015,10/12/2015,500.00,Abatement Order entered,03/22/2016,26-9(a)(2),"Failure to maintain door, window, and/or hatchway in sound working condition."
5Z36214561,Department of Housing and Community Affairs,Open,05/08/2015,05/05/2015,05/08/2015,500.00,Abatement Order entered,07/28/2015,26-9(a)(8),"Accumulating garbage or rubbish outside of approved storage container, garage or building."
1Z40990377,Animal Control and Humane Treatment,Open,09/15/2016,08/25/2016,09/15/2016,500.00,Abatement Order entered,11/15/2016,5-203-C,Prevent the animal from having unwanted contact with a person or another domesticated animal at all times.
4Z36215085,Department of Housing and Community Affairs,Open,10/01/2015,09/16/2015,10/01/2015,500.00,Abatement Order entered,11/24/2015,59-A-6.20(a),Failure to reduce single family dwellings to one on a residential lot
0Z39895926,ANIMAL SERVICES DIVISION,Open,02/26/2015,02/09/2015,02/26/2015,100.00,Abatement Order entered,04/14/2015,5-203-A-1,Prevent the animal other than an altered cat to be at large
2Z36218632,Department of Housing and Community Affairs,Open,08/04/2017,07/27/2017,08/04/2017,500.00,Abatement Order entered,11/28/2017,26-9(a)(4),Failure to maintain supplied facility in satisfactory working condition.
6Z36211664,Department of Housing and Community Affairs,Open,09/12/2013,08/29/2013,09/12/2013,500.00,Abatement Order entered,11/26/2013,26-9(a)(2),"Failure to maintain door, window, and/or hatchway in sound working condition."
3Z36213964,Department of Housing and Community Affairs,Open,12/29/2014,12/03/2014,12/29/2014,500.00,Abatement Order entered,03/24/2015,26-6(a),Failure to maintain electrical service in good safe working condition.
5Z39904996,Animal Control and Humane Treatment,Open,09/13/2014,09/01/2014,09/13/2014,100.00,Abatement Order entered,12/09/2014,5-203-A-1,Prevent the animal other than an altered cat to be at large
3Z39895663,Animal Control and Humane Treatment,Open,11/16/2014,10/21/2014,11/16/2014,500.00,Stet Docket,01/13/2015,5-203-C,Prevent the animal from having unwanted contact with a person or another domesticated animal at all times.
0Z36215893,Department of Housing and Community Affairs,Open,12/10/2015,12/04/2015,12/10/2015,500.00,Abatement Order entered,05/10/2016,26-9(a)(13),"Failure to remove, repair, and/or register unused vehicle"
4Z42209143,Animal Control and Humane Treatment,Open,10/02/2019,09/27/2019,10/02/2019,100.00,Abatement Order entered,01/14/2020,5-203-A-1,Prevent the animal other than an altered cat to be at large
6Z36227106,Department of Housing and Community Affairs,Closed,03/23/2020,03/11/2020,04/08/2020,500.00,Dismiss without prejudice,,26-9(a)(1),Failure to maintain item/structure in good repair.
4Z36213566,Department of Housing and Community Affairs,Open,09/27/2014,09/17/2014,09/27/2014,500.00,,06/28/2016,26-9(b)(5),"Failure to maintain grounds: free of erosion or gullying; grass or weeds over 12 inches high; and/or shrubbery, trees, vines, hedges, and other vegetation, including dead trees and branches."
2Z36213494,Department of Housing and Community Affairs,Open,09/19/2014,09/08/2014,09/19/2014,500.00,Abatement Order entered,,26-9(a)(8),"Accumulating garbage or rubbish outside of approved storage container, garage or building."
2Z39892316,Department of Permitting Services,Open,05/30/2015,05/22/2015,05/30/2015,1000.00,Abatement Order entered,09/15/2015,19-9-e,failure to comply with the stop work order
2Z36213067,Department of Housing and Community Affairs,Open,06/20/2014,06/11/2014,06/20/2014,500.00,Abatement Order entered,09/23/2014,26-9(a)(8),"Accumulating garbage or rubbish outside of approved storage container, garage or building."
0Z39905656,Animal Control and Humane Treatment,Open,03/31/2019,02/19/2019,03/31/2019,500.00,,05/14/2019,5-201-b,Provide shade and shelterfor an animal on a 90 degrees day.
0Z33965043,Police Department,Open,08/29/2014,08/22/2014,08/29/2014,500.00,Default Judgment,12/09/2014,47-5-a-2,Provide a current vendors license to sell merchandise to a resident of Montgomery County
6Z39895883,Animal Control and Humane Treatment,Open,01/14/2015,04/10/2014,01/14/2015,100.00,Abatement Order entered,03/10/2015,5-203-C,Prevent the animal from having unwanted contact with a person or another domesticated animal at all times.
0Z39887113,Animal Control and Humane Treatment,Open,05/10/2013,05/04/2013,05/10/2013,100.00,Abatement Order entered,06/11/2013,5-203-a-3,Prevent an animal from entering a private property without the property owners's permission
5Z36213700,Department of Housing and Community Affairs,Open,10/17/2014,10/14/2014,10/17/2014,500.00,Abatement Order entered,03/24/2015,26-9(a)(2),"Failure to maintain door, window, and/or hatchway in sound working condition."
4Z42126438,Animal Control and Humane Treatment,Open,06/30/2019,06/20/2019,06/30/2019,500.00,Abatement Order entered,09/10/2019,5-203-C,Prevent the animal from having unwanted contact with a person or another domesticated animal at all times.
4Z36227104,Department of Housing and Community Affairs,Closed,03/23/2020,03/11/2020,04/08/2020,500.00,Dismiss without prejudice,,26-9(a)(8),"Accumulating garbage or rubbish outside of approved storage container, garage or building."
0Z40990306,Animal Control and Humane Treatment,Open,09/06/2016,08/24/2016,09/06/2016,100.00,Guilty,12/13/2016,5-203-A-1,Prevent the animal other than an altered cat to be at large
1Z39896760,Animal Control and Humane Treatment,Open,11/15/2016,09/18/2016,11/15/2016,100.00,Abatement Order entered,12/13/2016,5-203-a-3,Prevent an animal from entering a private property without the property owners's permission
0Z36218924,Department of Housing and Community Affairs,Open,08/24/2017,08/21/2017,08/24/2017,500.00,Continued,01/28/2020,26-9(a)(4),Failure to maintain supplied facility in satisfactory working condition.
3Z39904560,Animal Control and Humane Treatment,Open,03/16/2014,01/24/2014,03/16/2014,500.00,Stet Docket,05/13/2014,5-203-C,Prevent the animal from having unwanted contact with a person or another domesticated animal at all times.
2Z40952704,Department of Permitting Services,Open,08/02/2015,07/22/2015,11/04/2015,500.00,Abatement Order entered,10/20/2015,59-6-7-4(F),Posting signs in public right-of-way
2Z36224904,Department of Housing and Community Affairs,Open,10/11/2019,10/07/2019,10/11/2019,500.00,Abatement Order entered,02/25/2020,26-9(a)(2),"Failure to maintain door, window, and/or hatchway in sound working condition."
0Z40615512,Washington Metro. and Transit Auth. Police,Closed,04/15/2019,03/06/2019,04/08/2020,50.00,Default Judgment,06/11/2019,54-A-2-9,Cease entering or leaving a fare-paid area of a rail transport station without paying the fare or presenting a valid transfer
1Z40990153,Animal Control and Humane Treatment,Open,05/31/2016,05/17/2016,05/31/2016,100.00,Abatement Order entered,08/09/2016,5-203-a-9,Obtain and provide proof that an animal is licensed in Montgomery County
5Z36216815,Department of Housing and Community Affairs,Open,09/01/2016,08/16/2016,09/01/2016,500.00,Abatement Order entered,11/29/2016,26-9(a)(1),Failure to maintain item/structure in good repair.
3Z39902285,Police Department,Open,12/30/2014,12/04/2014,12/30/2014,500.00,Guilty,03/10/2015,53-311-b,Cease picking up taxicab passengers in Montgomery county jurisdiction when the taxicab driver is licensed in a different jurisdiction
1Z36215873,Department of Housing and Community Affairs,Open,12/10/2015,12/04/2015,12/10/2015,500.00,Abatement Order entered,05/10/2016,26-9(a)(2),"Failure to maintain door, window, and/or hatchway in sound working condition."
2Z39905021,Animal Control and Humane Treatment,Open,06/12/2014,06/06/2014,06/12/2014,500.00,Guilty,09/09/2014,5-402-a,Vaccinate the animal and provide proof of vaccination to the MC Animal Services Division
0Z39896780,Animal Control and Humane Treatment,Open,04/21/2016,03/22/2016,04/21/2016,100.00,Guilty,06/14/2016,5-203-A-1,Prevent the animal other than an altered cat to be at large
4Z39905030,Animal Control and Humane Treatment,Open,07/10/2014,05/04/2014,07/10/2014,500.00,Abatement Order entered,10/14/2014,5-203-C,Prevent the animal from having unwanted contact with a person or another domesticated animal at all times.
3Z39892317,Department of Permitting Services,Open,05/30/2015,05/22/2015,05/30/2015,1000.00,Abatement Order entered,09/15/2015,19-15,SAFEGUARD TEH ADJOINING PROPERTY
6Z40861316,Washington Metro. and Transit Auth. Police,Closed,03/31/2019,03/02/2019,04/08/2020,50.00,Default Judgment,07/09/2019,54-A-2-9,Cease entering or leaving a fare-paid area of a rail transport station without paying the fare or presenting a valid transfer
4Z40953063,Department of Permitting Services,Open,04/26/2016,03/24/2016,04/26/2016,500.00,Abatement Order entered,07/19/2016,59-3-1-6,Allowing the use of a residentially zoned lot as a staging and commerical storage lot
6Z36212693,Department of Housing and Community Affairs,Open,04/04/2014,04/01/2014,04/04/2014,500.00,Abatement Order entered,07/22/2014,26-9(a)(8),"Accumulating garbage or rubbish outside of approved storage container, garage or building."
0Z36213380,Department of Housing and Community Affairs,Closed,08/19/2014,08/12/2014,05/04/2020,500.00,Abatement Order Compliance,,26-9(a)(1),Failure to maintain item/structure in good repair.
6Z42317309,False Alarm,Closed,03/23/2020,03/02/2020,04/22/2020,500.00,Paid and Satisfied,,3a-4c(4),Requesting police dispatch to a burglar alarm activation without providing either the required alarm user registration or alarm business license number.
1Z36221354,Department of Housing and Community Affairs,Open,09/07/2018,09/04/2018,09/07/2018,500.00,Abatement Order entered,11/27/2018,29-16(a),Operating a rental facility without first obtaining a rental facility license.
5Z36224900,Department of Housing and Community Affairs,Open,10/11/2019,10/07/2019,10/11/2019,500.00,,,26-9(b)(3),"Failure to maintain exterior surfaces free of flaking, peeling or loose paint and free of water seepage and against decay."
0Z42125797,Animal Control and Humane Treatment,Open,05/24/2018,05/09/2018,05/24/2018,100.00,Guilty,09/11/2018,5-203-A-1,Prevent the animal other than an altered cat to be at large
6Z36212294,Department of Housing and Community Affairs,Open,01/24/2014,01/14/2014,01/24/2014,500.00,Abatement Order entered,04/22/2014,26-9(a)(1),Failure to maintain item/structure in good repair.
5Z36215877,Department of Housing and Community Affairs,Open,12/10/2015,12/04/2015,12/10/2015,500.00,Abatement Order entered,05/10/2016,26-9(c)(5),Failure to maintain floor covering in good repair and sanitary condition.
1Z36224245,Department of Housing and Community Affairs,Open,07/29/2019,07/15/2019,07/29/2019,500.00,Default Judgment,01/28/2020,26-9(b)(1),"Failure to maintain item in reasonable weather-tight, water-tight, and rodent proof condition, free from foreign matter and capable of affording privacy."
4Z35038658,Health and Human Services,Open,08/19/2015,08/06/2015,11/04/2015,500.00,Abatement Order entered,10/20/2015,15-2,"Allowing food that had been detained on August 5, 2015 to be purchased by the public"
2Z42317389,False Alarm,Closed,04/21/2020,03/29/2020,04/28/2020,500.00,Paid and Satisfied,,3a-4C(5),Requesting police dispatch to a burglar alarm activation after having been notified that the alarm user was in a suspended police response status.
1Z39904565,Animal Control and Humane Treatment,Open,03/07/2014,11/19/2013,03/07/2014,100.00,Abatement Order entered,06/10/2014,5-203-a-3,Prevent an animal from entering a private property without the property owners's permission
2Z39904566,Animal Control and Humane Treatment,Open,03/07/2014,08/28/2013,03/07/2014,500.00,Abatement Order entered,06/10/2014,5-203-C,Prevent the animal from having unwanted contact with a person or another domesticated animal at all times.
4Z36211585,Department of Housing and Community Affairs,Open,09/12/2013,08/29/2013,09/12/2013,500.00,Abatement Order entered,11/26/2013,26-9(a)(2),"Failure to maintain door, window, and/or hatchway in sound working condition."
3Z39889482,Department of Environmental Protection,Closed,02/14/2020,01/17/2020,04/29/2020,500.00,Dismiss without prejudice,,48-21-B,Cease the collection of solid waste within Montgomery County before the hours of 7:00 am and less than 500 feet of a residential or occupied structure
1Z33918284,Department of Permitting Services,Open,03/30/2014,03/10/2014,03/30/2014,500.00,Abatement Order entered,06/17/2014,59-c-9.3,cease using the property for outdoor storage of vehicles which is not permitted in the zoned area
5Z39904793,Animal Control and Humane Treatment,Open,06/09/2015,05/30/2015,06/09/2015,500.00,Abatement Order entered,08/11/2015,5-203-C,Prevent the animal from having unwanted contact with a person or another domesticated animal at all times.
3Z39910293,Department of Environmental Protection,Open,07/07/2014,07/02/2014,09/29/2015,150.00,Default Judgment,10/21/2014,48-05-03-d,Cease delivering solid waste that is acceptable for recycling
2Z36215356,Department of Housing and Community Affairs,Open,10/23/2015,10/13/2015,10/23/2015,500.00,Abatement Order entered,03/29/2016,26-9(a)(4),Failure to maintain supplied facility in satisfactory working condition.
1Z36216076,Department of Housing and Community Affairs,Open,02/05/2016,01/20/2016,02/05/2016,500.00,Abatement Order entered,04/26/2016,26-9(a)(1),Failure to maintain item/structure in good repair.
6Z36218629,Department of Housing and Community Affairs,Open,08/04/2017,07/27/2017,08/04/2017,500.00,Abatement Order entered,11/28/2017,26-6(a),Failure to maintain electrical service in good safe working condition.
1Z39901597,Police Department,Open,07/03/2014,06/20/2014,07/03/2014,0.00,Default Judgment,10/14/2014,47-5-a-2,Provide a current vendors license to sell merchandise to a resident of Montgomery County
1Z36213206,Department of Housing and Community Affairs,Open,07/11/2014,07/02/2014,07/11/2014,500.00,Abatement Order entered,10/28/2014,26-9(a)(13),"Failure to remove, repair, and/or register unused vehicle"
4Z36216450,Department of Housing and Community Affairs,Open,05/20/2016,05/02/2016,05/20/2016,500.00,Abatement Order entered,07/26/2016,26-9(a)(4),Failure to maintain supplied facility in satisfactory working condition.
4Z36215855,Department of Housing and Community Affairs,Open,12/10/2015,12/04/2015,12/10/2015,500.00,Abatement Order entered,05/10/2016,26-9(a)(2),"Failure to maintain door, window, and/or hatchway in sound working condition."
1Z36213521,Department of Housing and Community Affairs,Open,09/19/2014,09/11/2014,09/19/2014,500.00,Abatement Order entered,,26-9(b)(1),"Failure to maintain item in reasonable weather-tight, water-tight, and rodent proof condition, free from foreign matter and capable of affording privacy."
5Z36213714,Department of Housing and Community Affairs,Open,10/17/2014,10/14/2014,10/17/2014,500.00,Abatement Order entered,03/24/2015,26-9(c)(3),"Failure to maintain wall, ceiling, floor, interior woodwork, door, and/or windows in sound condition and good repair free of flaking, peeling, or loose paint."
0Z36214563,Department of Housing and Community Affairs,Open,05/08/2015,05/05/2015,05/08/2015,500.00,Abatement Order entered,07/28/2015,26-9(b)(3),"Failure to maintain exterior surfaces free of flaking, peeling or loose paint and free of water seepage and against decay."
0Z39906930,Office of Consumer Protection,Open,05/28/2014,02/28/2014,05/28/2014,500.00,Abatement Order entered,09/30/2014,31A-4-b,"failure to renew certificate of registration which expired on May 12, 2010"
4Z39895251,Police Department,Open,07/03/2014,06/15/2014,07/03/2014,500.00,,,47-5-a-2,Provide a current vendors license to sell merchandise to a resident of Montgomery County
1Z39895787,Animal Control and Humane Treatment,Open,05/30/2015,05/21/2015,05/30/2015,500.00,Abatement Order entered,08/11/2015,5-203-C,Prevent the animal from having unwanted contact with a person or another domesticated animal at all times.
1Z36215845,Department of Housing and Community Affairs,Open,12/10/2015,12/04/2015,12/10/2015,500.00,Abatement Order entered,05/10/2016,26-9(a)(4),Failure to maintain supplied facility in satisfactory working condition.
3Z36213082,Department of Housing and Community Affairs,Open,06/20/2014,06/11/2014,06/20/2014,500.00,Abatement Order entered,09/23/2014,26-9(a)(1),Failure to maintain item/structure in good repair.
1Z36215894,Department of Housing and Community Affairs,Open,12/10/2015,12/04/2015,12/10/2015,500.00,Abatement Order entered,05/10/2016,26-9(a)(13),"Failure to remove, repair, and/or register unused vehicle"
3Z39905764,Animal Control and Humane Treatment,Open,05/10/2015,03/11/2015,05/10/2015,100.00,Abatement Order entered,07/14/2015,5-203-A-1,Prevent the animal other than an altered cat to be at large
5Z41707398,Department of Permitting Services,Open,01/31/2020,01/29/2020,01/31/2020,500.00,,,8-17-e,failure to obtain the final inspection for a mechanical permit
4Z36218634,Department of Housing and Community Affairs,Open,08/04/2017,07/27/2017,08/04/2017,500.00,Abatement Order entered,11/28/2017,26-9(a)(2),"Failure to maintain door, window, and/or hatchway in sound working condition."
6Z36220757,Department of Housing and Community Affairs,Open,06/22/2018,06/14/2018,06/22/2018,500.00,Abatement Order entered,05/28/2019,26-9(b)(2),"Failure to maintain item in reasonable weather-tight, water-tight, and rodent proof manner."
1Z36226478,Department of Housing and Community Affairs,Closed,12/30/2019,12/16/2019,04/29/2020,500.00,Dismiss without prejudice,,26-9(a)(1),Failure to maintain item/structure in good repair.
5Z39896295,Animal Control and Humane Treatment,Open,07/31/2018,07/12/2018,07/31/2018,500.00,Abatement Order entered,09/11/2018,5-203-C,Prevent the animal from having unwanted contact with a person or another domesticated animal at all times.
1Z36218631,Department of Housing and Community Affairs,Open,08/04/2017,07/27/2017,08/04/2017,500.00,Abatement Order entered,11/28/2017,26-9(c)(5),Failure to maintain floor covering in good repair and sanitary condition.
4Z36214609,Department of Housing and Community Affairs,Open,05/22/2015,05/12/2015,05/22/2015,500.00,Abatement Order entered,08/25/2015,26-9(b)(3),"Failure to maintain exterior surfaces free of flaking, peeling or loose paint and free of water seepage and against decay."
6Z39905676,Animal Control and Humane Treatment,Open,10/28/2014,10/16/2014,10/28/2014,500.00,Abatement Order entered,01/13/2015,5-201-A-10,"Abuse/neglect of pet animal by unnecessarily failing to provide nutrious food in a sufficient quantity, necessary vet care, proper drink, air space and shelter"
0Z40851251,Washington Metro. and Transit Auth. Police,Closed,09/10/2019,09/02/2019,04/08/2020,50.00,Default Judgment,11/12/2019,54-A-2-9,Cease entering or leaving a fare-paid area of a rail transport station without paying the fare or presenting a valid transfer
2Z42125848,Animal Control and Humane Treatment,Open,07/31/2018,07/12/2018,07/31/2018,100.00,Guilty,09/11/2018,5-203-A-1,Prevent the animal other than an altered cat to be at large
2Z36213648,Department of Housing and Community Affairs,Open,10/17/2014,10/09/2014,10/17/2014,500.00,Abatement Order entered,12/23/2014,26-9(b)(5),"Failure to maintain grounds: free of erosion or gullying; grass or weeds over 12 inches high; and/or shrubbery, trees, vines, hedges, and other vegetation, including dead trees and branches."
5Z36221925,Department of Housing and Community Affairs,Open,11/27/2018,10/31/2018,11/27/2018,500.00,Guilty,08/06/2019,26-9(a)(2),"Failure to maintain door, window, and/or hatchway in sound working condition."
0Z36218630,Department of Housing and Community Affairs,Open,08/04/2017,07/27/2017,08/04/2017,500.00,Abatement Order entered,11/28/2017,26-9(a)(1),Failure to maintain item/structure in good repair.
3Z36224380,Department of Housing and Community Affairs,Open,08/09/2019,08/01/2019,08/09/2019,500.00,Guilty,12/17/2019,26-9(a)(13),"Failure to remove, repair, and/or register unused vehicle"
3Z39911126,Department of Environmental Protection,Open,08/24/2014,08/20/2014,08/24/2014,100.00,,,48-03-c-3,failure to recycle the required materials (mixed paper in trash container; no recycling containers or recycling service)
2Z40860794,Washington Metro. and Transit Auth. Police,Open,10/16/2019,02/03/2019,10/16/2019,50.00,Default Judgment,01/14/2020,54-A-2-9,Cease entering or leaving a fare-paid area of a rail transport station without paying the fare or presenting a valid transfer
5Z36226706,Department of Housing and Community Affairs,Open,01/31/2020,01/27/2020,01/31/2020,500.00,,,26-9(a)(4),Failure to maintain supplied facility in satisfactory working condition.
1Z42317339,False Alarm,Closed,03/23/2020,03/02/2020,04/08/2020,500.00,Paid and Satisfied,,3a-4C(2),requesting police dispatch to a burglar alarm activation without providing the required alarm user registration number.
5Z36215870,Department of Housing and Community Affairs,Open,12/10/2015,12/04/2015,12/10/2015,500.00,Abatement Order entered,05/10/2016,26-9(c)(1),"Failure to maintain plumbing fixture in good sanitary working condition free from defects, leaks, and other obstructions."
0Z36215886,Department of Housing and Community Affairs,Open,12/10/2015,12/04/2015,12/10/2015,500.00,Abatement Order entered,05/10/2016,26-9(a)(13),"Failure to remove, repair, and/or register unused vehicle"
3Z39910216,Department of Environmental Protection,Open,06/05/2014,06/02/2014,06/05/2014,100.00,Default Judgment,09/30/2014,48-03-c-3,failure to recycle the required materials (mixed paper in trash container; no recycling containers or recycling service)
6Z36213085,Department of Housing and Community Affairs,Open,06/20/2014,06/11/2014,06/20/2014,500.00,Abatement Order entered,09/23/2014,26-9(c)(5),Failure to maintain floor covering in good repair and sanitary condition.
0Z35038605,Health and Human Services,Open,10/04/2014,09/26/2014,10/04/2014,500.00,,12/16/2014,10-15-03-20-,openings into the buildings not being protected against insects and rodents from entering the building; doors are not tight fitting or self closing
4Z40859403,Washington Metro. and Transit Auth. Police,Closed,09/04/2019,08/27/2019,04/08/2020,50.00,Default Judgment,11/12/2019,54-A-2-9,Cease entering or leaving a fare-paid area of a rail transport station without paying the fare or presenting a valid transfer
0Z40850880,Washington Metro. and Transit Auth. Police,Open,12/02/2019,11/15/2019,12/02/2019,50.00,,02/11/2020,54-A-2-9,Cease entering or leaving a fare-paid area of a rail transport station without paying the fare or presenting a valid transfer
1Z40852155,Washington Metro. and Transit Auth. Police,Closed,03/15/2019,02/12/2019,04/08/2020,50.00,Default Judgment,07/09/2019,54-A-2-9,Cease entering or leaving a fare-paid area of a rail transport station without paying the fare or presenting a valid transfer
2Z36214768,Department of Housing and Community Affairs,Open,06/19/2015,06/09/2015,06/19/2015,500.00,Abatement Order entered,10/27/2015,26-9(a)(2),"Failure to maintain door, window, and/or hatchway in sound working condition."
1Z36213717,Department of Housing and Community Affairs,Open,10/17/2014,10/14/2014,10/17/2014,500.00,Abatement Order entered,03/24/2015,26-9(c)(1),"Failure to maintain plumbing fixture in good sanitary working condition free from defects, leaks, and other obstructions."
2Z36226416,Department of Housing and Community Affairs,Open,12/19/2019,12/11/2019,12/19/2019,500.00,,,26-9(a)(1),Failure to maintain item/structure in good repair.
3Z36213075,Department of Housing and Community Affairs,Open,06/20/2014,06/11/2014,06/20/2014,500.00,Abatement Order entered,09/23/2014,26-9(a)(2),"Failure to maintain door, window, and/or hatchway in sound working condition."
0Z36225462,Department of Housing and Community Affairs,Open,11/15/2019,11/05/2019,11/15/2019,500.00,Stet Docket,02/18/2020,26-9(a)(4),Failure to maintain supplied facility in satisfactory working condition.
3Z36213488,Department of Housing and Community Affairs,Open,09/12/2014,09/04/2014,09/12/2014,500.00,Abatement Order entered,12/23/2014,26-9(b)(3),"Failure to maintain exterior surfaces free of flaking, peeling or loose paint and free of water seepage and against decay."
4Z36216408,Department of Housing and Community Affairs,Open,05/06/2016,04/27/2016,05/06/2016,500.00,Abatement Order entered,07/26/2016,26-8(a)(1),Failure to provide safe and unobstructed means of escape leading to safe and open space ground level.
2Z36214803,Department of Housing and Community Affairs,Open,06/19/2015,06/17/2015,11/04/2015,500.00,Abatement Order entered,10/20/2015,26-9(b)(5),"Failure to maintain grounds: free of erosion or gullying; grass or weeds over 12 inches high; and/or shrubbery, trees, vines, hedges, and other vegetation, including dead trees and branches."
6Z42209201,Animal Control and Humane Treatment,Open,09/25/2019,09/18/2019,09/25/2019,100.00,Dismiss without prejudice,12/10/2019,5-203-A-1,Prevent the animal other than an altered cat to be at large
5Z36211698,Department of Housing and Community Affairs,Open,09/12/2013,08/29/2013,09/12/2013,500.00,Abatement Order entered,11/26/2013,26-9(a)(2),"Failure to maintain door, window, and/or hatchway in sound working condition."
3Z36213705,Department of Housing and Community Affairs,Open,10/17/2014,10/14/2014,10/17/2014,500.00,Abatement Order entered,03/24/2015,26-9(c)(1),"Failure to maintain plumbing fixture in good sanitary working condition free from defects, leaks, and other obstructions."
3Z39904378,Animal Control and Humane Treatment,Open,08/29/2014,08/23/2014,08/29/2014,100.00,Default Judgment,12/09/2014,5-203-A-1,Prevent the animal other than an altered cat to be at large
5Z39904562,Animal Control and Humane Treatment,Open,03/07/2014,11/19/2013,03/07/2014,100.00,Abatement Order entered,06/10/2014,5-203-a-2,Refrain from allowing an animal to defecate on another person's property
2Z42317305,False Alarm,Closed,03/23/2020,03/02/2020,04/22/2020,500.00,Paid and Satisfied,,3a-4C(2),requesting police dispatch to a burglar alarm activation without providing the required alarm user registration number.
6Z39889737,Department of Environmental Protection,Open,07/08/2015,06/30/2015,07/08/2015,500.00,Continued,03/15/2016,19-50-c,Prevent vehicle fluids from draining onto the dirt and gravel from the vehicle equipment storage lot and then flowing into the waters of the State.
2Z36215874,Department of Housing and Community Affairs,Open,12/10/2015,12/04/2015,12/10/2015,500.00,Abatement Order entered,05/10/2016,26-9(a)(4),Failure to maintain supplied facility in satisfactory working condition.
3Z36225087,Department of Housing and Community Affairs,Open,11/15/2019,10/29/2019,11/15/2019,500.00,,03/24/2020,26-9(b)(5),"Failure to maintain grounds: free of erosion or gullying; grass or weeds over 12 inches high; and/or shrubbery, trees, vines, hedges, and other vegetation, including dead trees and branches."
0Z40860253,Washington Metro. and Transit Auth. Police,Closed,05/15/2019,04/05/2019,04/08/2020,50.00,Default Judgment,07/09/2019,54-A-2-9,Cease entering or leaving a fare-paid area of a rail transport station without paying the fare or presenting a valid transfer
6Z36215850,Department of Housing and Community Affairs,Open,12/10/2015,12/04/2015,12/10/2015,500.00,Abatement Order entered,05/10/2016,26-9(c)(5),Failure to maintain floor covering in good repair and sanitary condition.
2Z39905322,ANIMAL SERVICES DIVISION,Open,02/26/2015,01/31/2015,02/26/2015,500.00,Stet Docket,04/14/2015,5-201-b,Provide shade and shelterfor an animal on a 90 degrees day.
0Z36215872,Department of Housing and Community Affairs,Open,12/10/2015,12/04/2015,12/10/2015,500.00,Abatement Order entered,05/10/2016,26-9(c)(3),"Failure to maintain wall, ceiling, floor, interior woodwork, door, and/or windows in sound condition and good repair free of flaking, peeling, or loose paint."
3Z36227054,Department of Housing and Community Affairs,Open,03/23/2020,03/06/2020,03/23/2020,500.00,,,26-9(a)(13),"Failure to remove, repair, and/or register unused vehicle"
2Z36216133,Department of Housing and Community Affairs,Open,02/26/2016,02/17/2016,02/26/2016,500.00,Abatement Order entered,05/24/2016,26-9(a)(13),"Failure to remove, repair, and/or register unused vehicle"
1Z39904495,Animal Control and Humane Treatment,Open,08/08/2014,08/04/2014,08/08/2014,100.00,Abatement Order entered,10/14/2014,5-203-A-1,Prevent the animal other than an altered cat to be at large
3Z41707375,Department of Permitting Services,Closed,04/21/2020,04/16/2020,04/29/2020,500.00,Dismiss without prejudice,,8-4,Comply with the state and local code requirements for the plumbing work associated with renovations and additions done to the premises without the required permits.
4Z36213706,Department of Housing and Community Affairs,Open,10/17/2014,10/14/2014,10/17/2014,500.00,Abatement Order entered,03/24/2015,26-9(c)(1),"Failure to maintain plumbing fixture in good sanitary working condition free from defects, leaks, and other obstructions."
6Z39905403,Animal Control and Humane Treatment,Open,05/28/2014,04/28/2014,05/28/2014,100.00,Guilty,08/12/2014,5-203-A-1,Prevent the animal other than an altered cat to be at large
4Z36214056,Department of Housing and Community Affairs,Open,03/03/2015,01/15/2015,03/03/2015,500.00,,03/31/2015,26-9(b)(3),"Failure to maintain exterior surfaces free of flaking, peeling or loose paint and free of water seepage and against decay."
6Z36226595,Department of Housing and Community Affairs,Open,01/16/2020,01/07/2020,01/16/2020,500.00,,,26-9(a)(1),Failure to maintain item/structure in good repair.
2Z40994529,Animal Control and Humane Treatment,Open,05/05/2016,04/26/2016,05/05/2016,500.00,Default Judgment,07/12/2016,5-203-a-9,Obtain and provide proof that an animal is licensed in Montgomery County
0Z40851958,Washington Metro. and Transit Auth. Police,Open,12/20/2019,12/02/2019,12/20/2019,50.00,,02/11/2020,54-A-2-9,Cease entering or leaving a fare-paid area of a rail transport station without paying the fare or presenting a valid transfer
5Z34014083,Health and Human Services,Open,04/30/2019,04/30/2019,04/30/2019,500.00,Abatement Order entered,08/13/2019,15-8-A,Cease the operation of a food service facility or an iterienant food service facility without a valid license from the Health & Human Services director
0Z39896759,Animal Control and Humane Treatment,Open,11/15/2016,09/18/2016,11/15/2016,100.00,Abatement Order entered,12/13/2016,5-203-A-1,Prevent the animal other than an altered cat to be at large
3Z33918307,Department of Permitting Services,Open,10/12/2014,09/15/2014,10/12/2014,500.00,,12/16/2014,59-c-1,cease the construction of an accessory structure that is not set back the minimum of 5 feet from the rear and side lot lines.
4Z40859928,Washington Metro. and Transit Auth. Police,Open,11/25/2019,11/01/2019,11/25/2019,50.00,,02/11/2020,54-A-2-9,Cease entering or leaving a fare-paid area of a rail transport station without paying the fare or presenting a valid transfer
3Z36222350,Department of Housing and Community Affairs,Open,01/11/2019,01/03/2019,01/11/2019,500.00,,,26-9(c)(5),Failure to maintain floor covering in good repair and sanitary condition.
2Z42209127,Animal Control and Humane Treatment,Open,08/19/2019,08/21/2019,08/19/2019,500.00,Abatement Order entered,01/14/2020,5-203-C,Prevent the animal from having unwanted contact with a person or another domesticated animal at all times.
6z40614174,Washington Metro. and Transit Auth. Police,Closed,03/15/2019,02/18/2019,04/08/2020,50.00,Default Judgment,07/09/2019,54-A-2-9,Cease entering or leaving a fare-paid area of a rail transport station without paying the fare or presenting a valid transfer
5Z39911030,Department of Environmental Protection/Solid Waste,Open,11/17/2016,11/16/2016,11/17/2016,500.00,Abatement Order entered,01/17/2017,48-21-B,Cease the collection of solid waste within Montgomery County before the hours of 7:00 am and less than 500 feet of a residential or occupied structure
3Z40851989,Washington Metro. and Transit Auth. Police,Closed,02/18/2020,02/13/2020,04/22/2020,50.00,Paid and Satisfied,,54-A-2-9,Cease entering or leaving a fare-paid area of a rail transport station without paying the fare or presenting a valid transfer
3Z36226508,Department of Housing and Community Affairs,Open,12/30/2019,12/18/2019,12/30/2019,500.00,,,26-9(a)(1),Failure to maintain item/structure in good repair.
4Z40614641,Washington Metro. and Transit Auth. Police,Open,02/12/2020,02/05/2020,02/12/2020,50.00,,,54-A-2-9,Cease entering or leaving a fare-paid area of a rail transport station without paying the fare or presenting a valid transfer
1Z42209021,Animal Control and Humane Treatment,Open,10/08/2019,10/02/2019,10/08/2019,500.00,Default Judgment,01/14/2020,5-301-b,violation of an order issued by the Gaithersburg City Animal Control to keep the animal muzzled
0Z36221850,Department of Housing and Community Affairs,Open,11/02/2018,10/24/2018,11/02/2018,500.00,Abatement Order entered,02/26/2019,26-9(a)(2),"Failure to maintain door, window, and/or hatchway in sound working condition."
0Z36223936,Department of Housing and Community Affairs,Open,06/28/2019,06/20/2019,06/28/2019,500.00,Abatement Order entered,10/15/2019,26-10(e),"Failure to maintain entry apron, driveway, sidewalk, and/or parking lot in good serviceable and safe condition."
0Z36221262,Department of Housing and Community Affairs,Open,08/31/2108,08/23/2018,08/31/2108,500.00,Abatement Order entered,11/27/2018,26-9(b)(5),"Failure to maintain grounds: free of erosion or gullying; grass or weeds over 12 inches high; and/or shrubbery, trees, vines, hedges, and other vegetation, including dead trees and branches."
0Z36225518,Department of Housing and Community Affairs,Open,11/15/2019,11/05/2019,11/15/2019,500.00,Stet Docket,02/18/2020,26-9(a)(4),Failure to maintain supplied facility in satisfactory working condition.
5Z36227014,Department of Housing and Community Affairs,Open,03/23/2020,03/03/2020,03/23/2020,500.00,,,26-9(a)(4),Failure to maintain supplied facility in satisfactory working condition.
3Z36226802,Department of Housing and Community Affairs,Open,01/21/2020,02/06/2020,01/21/2020,500.00,,,26-9(a)(1),Failure to maintain item/structure in good repair.
0Z36225693,Department of Housing and Community Affairs,Open,12/05/2019,11/22/2019,12/05/2019,500.00,,03/31/2020,26-9(a)(12),Failure to eliminate public nuisance.
2Z36213382,Department of Housing and Community Affairs,Closed,08/19/2014,08/12/2014,05/04/2020,500.00,Abatement Order Compliance,,26-9(a)(1),Failure to maintain item/structure in good repair.
2Z36227011,Department of Housing and Community Affairs,Open,03/23/2020,03/03/2020,03/23/2020,500.00,,,26-9(a)(6),Failure to maintain premises in safe and sanitary condition.
3Z36225647,Department of Housing and Community Affairs,Open,12/05/2019,11/19/2019,12/05/2019,500.00,,03/31/2020,26-9(a)(1),Failure to maintain item/structure in good repair.
6Z40854372,Washington Metro. and Transit Auth. Police,Closed,07/17/2019,07/02/2019,04/08/2020,50.00,Default Judgment,09/10/2019,54-A-2-9,Cease entering or leaving a fare-paid area of a rail transport station without paying the fare or presenting a valid transfer
5Z36224711,Department of Housing and Community Affairs,Open,09/30/2019,09/19/2019,09/30/2019,500.00,Abatement Order entered,01/28/2020,26-9(a)(8),"Accumulating garbage or rubbish outside of approved storage container, garage or building."
4Z36224906,Department of Housing and Community Affairs,Open,10/23/2019,10/08/2019,10/23/2019,500.00,Continued,02/25/2020,26-9(b)(5),"Failure to maintain grounds: free of erosion or gullying; grass or weeds over 12 inches high; and/or shrubbery, trees, vines, hedges, and other vegetation, including dead trees and branches."
4Z41768038,Animal Control and Humane Treatment,Open,04/16/2020,04/07/2020,04/16/2020,500.00,,,5-203-C,Prevent the animal from having unwanted contact with a person or another domesticated animal at all times.
5Z42209214,Animal Control and Humane Treatment,Open,12/30/2019,12/13/2019,12/30/2019,100.00,,03/10/2020,5-203-a-3,Prevent an animal from entering a private property without the property owners's permission
6Z42210181,Animal Control and Humane Treatment,Open,04/20/2020,04/13/2020,04/20/2020,500.00,,,5-402-a,Vaccinate the animal and provide proof of vaccination to the MC Animal Services Division
4Z36226978,Department of Housing and Community Affairs,Open,03/03/2020,02/26/2020,03/03/2020,500.00,,,26-6(a),Failure to maintain electrical service in good safe working condition.
2Z36225492,Department of Housing and Community Affairs,Open,11/15/2019,11/05/2019,11/15/2019,500.00,Stet Docket,02/18/2020,26-9(a)(4),Failure to maintain supplied facility in satisfactory working condition.
3Z41767855,Animal Control and Humane Treatment,Open,04/08/2020,04/06/2020,04/08/2020,100.00,,,5-203-a-3,Prevent an animal from entering a private property without the property owners's permission
3Z42126262,Animal Control and Humane Treatment,Open,11/15/2018,09/05/2018,11/15/2018,500.00,Abatement Order entered,04/09/2019,5-402-C,"An owner must vaccinate a cat, dog, or ferret older than 4 months of age against rabies and provide proof of the most recent vaccination to an animal control officer within 24 hours."
1Z36226891,Department of Housing and Community Affairs,Open,01/21/2020,02/14/2020,01/21/2020,500.00,,,26-9(a)(2),"Failure to maintain door, window, and/or hatchway in sound working condition."
3Z42209121,Animal Control and Humane Treatment,Open,10/28/2019,10/22/2019,10/28/2019,100.00,Default Judgment,02/11/2020,5-301-e,interference with the enforcement of an AC law
1Z36226324,Department of Housing and Community Affairs,Open,12/19/2019,12/06/2019,12/19/2019,500.00,,03/31/2020,26-6(a),Failure to maintain electrical service in good safe working condition.
3Z36220943,Department of Housing and Community Affairs,Open,07/18/2018,07/11/2018,07/18/2018,500.00,Abatement Order entered,09/25/2018,26-9(c)(5),Failure to maintain floor covering in good repair and sanitary condition.
4Z42211677,Animal Control and Humane Treatment,Open,07/12/2019,07/16/2019,07/12/2019,100.00,,10/08/2019,5-203-A-1,Prevent the animal other than an altered cat to be at large
0Z36224608,Department of Housing and Community Affairs,Open,09/17/2019,09/09/2019,09/17/2019,500.00,Guilty,12/17/2019,26-9(b)(3),"Failure to maintain exterior surfaces free of flaking, peeling or loose paint and free of water seepage and against decay."
1Z36226513,Department of Housing and Community Affairs,Open,12/30/2019,12/18/2019,12/30/2019,500.00,,,26-9(a)(4),Failure to maintain supplied facility in satisfactory working condition.
2Z39893219,Department of Environmental Protection/Solid Waste,Open,11/17/2016,10/27/2016,11/17/2016,500.00,Guilty,01/17/2017,48-24-D-6,Maintain the premises by preventing the solid waste from overflowing from the approved containers onto the grounds
2Z36223938,Department of Housing and Community Affairs,Open,06/28/2019,06/20/2019,06/28/2019,500.00,Abatement Order entered,10/15/2019,26-10(e),"Failure to maintain entry apron, driveway, sidewalk, and/or parking lot in good serviceable and safe condition."
6Z36226756,Department of Housing and Community Affairs,Open,02/07/2020,02/03/2020,02/07/2020,500.00,,,26-9(b)(3),"Failure to maintain exterior surfaces free of flaking, peeling or loose paint and free of water seepage and against decay."
1Z40851231,Washington Metro. and Transit Auth. Police,Closed,05/25/2019,05/14/2019,04/08/2020,50.00,Default Judgment,08/13/2019,54-A-2-9,Cease entering or leaving a fare-paid area of a rail transport station without paying the fare or presenting a valid transfer
3Z40859409,Washington Metro. and Transit Auth. Police,Closed,01/15/2019,12/29/2018,04/08/2020,50.00,Default Judgment,03/12/2019,54-A-2-9,Cease entering or leaving a fare-paid area of a rail transport station without paying the fare or presenting a valid transfer
2Z42209169,Animal Control and Humane Treatment,Open,02/13/2020,01/31/2020,02/13/2020,500.00,,,5-203-a-10,Neglect of a brown male Cocker Spaniel type dog resulting in it being caused to endure unneccessary pain and suffering
0z39889808,Department of Environmental Protection,Open,11/16/2016,11/03/2016,11/16/2016,,Abatement Order entered,01/17/2017,19-50-c,Prevent vehicle fluids from draining onto the dirt and gravel from the vehicle equipment storage lot and then flowing into the waters of the State.
1Z42105267,Animal Control and Humane Treatment,Closed,12/31/2019,12/21/2019,04/20/2020,1000.00,Paid and Satisfied,03/10/2020,5-201-A-13,Refrain from leaving an animal in a vehicle under certain circumstances
6Z36213372,Department of Housing and Community Affairs,Closed,08/19/2014,08/12/2014,05/04/2020,500.00,Abatement Order Compliance,,26-9(c)(1),"Failure to maintain plumbing fixture in good sanitary working condition free from defects, leaks, and other obstructions."
1Z39896228,Animal Control and Humane Treatment,Open,08/30/2017,08/06/2017,08/30/2017,500.00,Stet Docket,11/14/2017,5-203-C,Prevent the animal from having unwanted contact with a person or another domesticated animal at all times.
1Z46591952,Washington Metro. and Transit Auth. Police,Open,03/27/2020,03/15/2020,03/27/2020,50.00,,,54-A-2-9,Cease entering or leaving a fare-paid area of a rail transport station without paying the fare or presenting a valid transfer
6Z42317344,False Alarm,Open,04/21/2020,03/29/2020,04/21/2020,500.00,,,3a-4C(2),requesting police dispatch to a burglar alarm activation without providing the required alarm user registration number.
2Z36226353,Department of Housing and Community Affairs,Open,12/19/2019,12/06/2019,12/19/2019,500.00,,03/31/2020,26-9(a)(1),Failure to maintain item/structure in good repair.
4Z40861321,Washington Metro. and Transit Auth. Police,Closed,08/16/2019,08/07/2019,04/08/2020,50.00,Default Judgment,11/12/2019,54-A-2-9,Cease entering or leaving a fare-paid area of a rail transport station without paying the fare or presenting a valid transfer
5Z36218635,Department of Housing and Community Affairs,Open,08/04/2017,07/27/2017,08/04/2017,500.00,Abatement Order entered,11/28/2017,26-9(a)(2),"Failure to maintain door, window, and/or hatchway in sound working condition."
0Z40854422,Washington Metro. and Transit Auth. Police,Closed,08/15/2019,07/22/2019,04/08/2020,50.00,Default Judgment,10/08/2019,54-A-2-9,Cease entering or leaving a fare-paid area of a rail transport station without paying the fare or presenting a valid transfer
6Z36218636,Department of Housing and Community Affairs,Open,08/04/2017,07/27/2017,08/04/2017,500.00,,11/28/2017,26-9(a)(2),"Failure to maintain door, window, and/or hatchway in sound working condition."
4Z36225494,Department of Housing and Community Affairs,Open,11/15/2019,11/05/2019,11/15/2019,500.00,Stet Docket,02/18/2020,26-9(a)(4),Failure to maintain supplied facility in satisfactory working condition.
4Z36218501,Department of Housing and Community Affairs,Open,07/06/2017,06/30/2017,11/18/2017,500.00,Abatement Order entered,10/31/2017,26-9(a)(13),"Failure to remove, repair, and/or register unused vehicle"
1Z42105155,Animal Control and Humane Treatment,Open,02/04/2020,01/31/2020,02/04/2020,100.00,,,5-203-a-2,Refrain from allowing an animal to defecate on another person's property
4Z36213356,Department of Housing and Community Affairs,Closed,08/19/2014,08/12/2014,05/04/2020,500.00,Abatement Order Compliance,,26-9(a)(1),Failure to maintain item/structure in good repair.
6Z39896226,Animal Control and Humane Treatment,Open,08/30/2017,08/06/2017,08/30/2017,100.00,Stet Docket,11/14/2017,5-203-A-1,Prevent the animal other than an altered cat to be at large
1Z36225246,Department of Housing and Community Affairs,Open,11/15/2019,11/05/2019,11/15/2019,500.00,Stet Docket,02/18/2020,26-9(a)(4),Failure to maintain supplied facility in satisfactory working condition.
3Z40861299,Washington Metro. and Transit Auth. Police,Closed,11/15/2018,10/08/2018,04/08/2020,50.00,Default Judgment,01/08/2019,54-A-2-9,Cease entering or leaving a fare-paid area of a rail transport station without paying the fare or presenting a valid transfer
1Z42317332,False Alarm,Open,03/23/2020,03/02/2020,03/23/2020,500.00,Paid and Satisfied,,3a-4C(5),Requesting police dispatch to a burglar alarm activation after having been notified that the alarm user was in a suspended police response status.
5Z42317329,False Alarm,Open,03/23/2020,03/02/2020,03/23/2020,500.00,Paid and Satisfied,,3a-4C(2),requesting police dispatch to a burglar alarm activation without providing the required alarm user registration number.
2Z42210177,Animal Control and Humane Treatment,Open,04/17/2020,04/13/2020,04/17/2020,500.00,,,5-301-g,A person must not conceal or falsely deny ownership of any animal to any person authorized to enforce an animal control law.
4Z36218823,Department of Housing and Community Affairs,Open,08/18/2017,08/14/2017,11/18/2017,500.00,Abatement Order entered,10/31/2017,26-9(a)(1),Failure to maintain item/structure in good repair.
3Z36218633,Department of Housing and Community Affairs,Open,08/04/2017,07/27/2017,08/04/2017,500.00,Abatement Order entered,11/28/2017,26-9(c)(1),"Failure to maintain plumbing fixture in good sanitary working condition free from defects, leaks, and other obstructions."
1Z41767839,Animal Control and Humane Treatment,Open,04/08/2020,03/28/2020,04/08/2020,100.00,,,5-203-a-2,Refrain from allowing an animal to defecate on another person's property
5Z36213378,Department of Housing and Community Affairs,Closed,08/19/2014,08/12/2014,05/04/2020,500.00,Abatement Order Compliance,,26-9(a)(1),Failure to maintain item/structure in good repair.
2Z42211661,Animal Control and Humane Treatment,Open,07/15/2019,07/10/2019,07/15/2019,500.00,,10/08/2019,5-402-C,"An owner must vaccinate a cat, dog, or ferret older than 4 months of age against rabies and provide proof of the most recent vaccination to an animal control officer within 24 hours."
0Z39889563,Department of Environmental Protection,Open,07/04/2019,06/25/2019,07/04/2019,750.00,Continued,01/14/2020,31B-5-B,Causing or permitting a noise disturbance
4Z36226985,Department of Housing and Community Affairs,Open,03/23/2020,02/27/2020,03/23/2020,500.00,,,26-9(a)(1),Failure to maintain item/structure in good repair.
2Z36226262,Department of Housing and Community Affairs,Open,12/19/2019,12/06/2019,12/19/2019,500.00,,03/31/2020,26-9(a)(1),Failure to maintain item/structure in good repair.
2Z36224862,Department of Housing and Community Affairs,Open,10/11/2019,10/02/2019,10/11/2019,500.00,Dismiss without prejudice,02/25/2020,26-9(b)(5),"Failure to maintain grounds: free of erosion or gullying; grass or weeds over 12 inches high; and/or shrubbery, trees, vines, hedges, and other vegetation, including dead trees and branches."
0Z42316848,False Alarm,Open,07/29/2019,06/24/2019,07/29/2019,500.00,,10/15/2019,3a-4C(5),Requesting police dispatch to a burglar alarm activation after having been notified that the alarm user was in a suspended police response status.
3Z40851513,Washington Metro. and Transit Auth. Police,Closed,08/16/2019,08/04/2019,04/08/2020,50.00,Default Judgment,11/12/2019,54-A-2-9,Cease entering or leaving a fare-paid area of a rail transport station without paying the fare or presenting a valid transfer
2Z36225310,Department of Housing and Community Affairs,Open,11/15/2019,11/05/2019,11/15/2019,500.00,Stet Docket,02/18/2020,26-9(a)(4),Failure to maintain supplied facility in satisfactory working condition.
4Z42126171,Animal Control and Humane Treatment,Open,06/24/2019,06/12/2019,06/24/2019,100.00,,,5-203-a-5,"Prevent an animal from causing unsanitary, dangerous, or offensive conditions because of the size or number of the animals in a single location"
6Z35076488,Washington Metro. and Transit Auth. Police,Closed,08/23/2019,05/28/2019,04/08/2020,50.00,Default Judgment,09/10/2019,54-A-2-9,Cease entering or leaving a fare-paid area of a rail transport station without paying the fare or presenting a valid transfer
0Z40952968,Department of Permitting Services,Open,05/25/2019,05/21/2019,05/25/2019,1000.00,Abatement Order entered,08/20/2019,19-2-a,Cease engaging into any land disturbing activity without first the proper permit from DPS.
6Z42209089,Animal Control and Humane Treatment,Open,05/01/2019,04/16/2019,05/01/2019,500.00,Default Judgment,07/09/2019,5-402-C,"An owner must vaccinate a cat, dog, or ferret older than 4 months of age against rabies and provide proof of the most recent vaccination to an animal control officer within 24 hours."
5Z36213343,Department of Housing and Community Affairs,Closed,08/19/2014,08/12/2014,05/04/2020,500.00,Abatement Order entered,,26-9(a)(2),"Failure to maintain door, window, and/or hatchway in sound working condition."
3Z42317355,False Alarm,Closed,04/21/2020,03/29/2020,04/28/2020,500.00,Paid and Satisfied,,3a-4C(2),requesting police dispatch to a burglar alarm activation without providing the required alarm user registration number.
2Z42211668,Animal Control and Humane Treatment,Open,08/19/2019,08/04/2019,08/19/2019,100.00,,11/12/2019,5-203-a-9,Obtain and provide proof that an animal is licensed in Montgomery County
4Z41768003,Animal Control and Humane Treatment,Open,11/06/2019,10/21/2019,11/06/2019,100.00,Abatement Order entered,02/11/2020,5-203-A-1,Prevent the animal other than an altered cat to be at large
4Z40855224,Washington Metro. and Transit Auth. Police,Open,11/06/2019,10/25/2019,11/06/2019,50.00,,02/11/2020,54-A-2-9,Cease entering or leaving a fare-paid area of a rail transport station without paying the fare or presenting a valid transfer
4Z36216786,Department of Housing and Community Affairs,Open,08/09/2016,08/01/2016,08/09/2016,500.00,Abatement Order entered,01/24/2017,26-9(a)(13),"Failure to remove, repair, and/or register unused vehicle"
2Z36217008,Department of Housing and Community Affairs,Open,10/10/2016,09/29/2016,10/10/2016,500.00,Abatement Order entered,01/24/2017,26-9(a)(1),Failure to maintain item/structure in good repair.
3Z40851261,Washington Metro. and Transit Auth. Police,Closed,09/18/2019,09/06/2019,04/08/2020,50.00,Default Judgment,12/10/2019,54-A-2-9,Cease entering or leaving a fare-paid area of a rail transport station without paying the fare or presenting a valid transfer
4Z39896840,Animal Control and Humane Treatment,Open,12/31/2018,12/24/2018,12/31/2018,100.00,Default Judgment,09/10/2019,5-203-A-1,Prevent the animal other than an altered cat to be at large
1Z36217007,Department of Housing and Community Affairs,Open,10/10/2016,09/29/2016,10/10/2016,500.00,Abatement Order entered,01/24/2017,26-9(b)(2),"Failure to maintain item in reasonable weather-tight, water-tight, and rodent proof manner."
2Z42317375,False Alarm,Closed,04/21/2020,03/29/2020,04/22/2020,500.00,Paid and Satisfied,,3a-4C(5),Requesting police dispatch to a burglar alarm activation after having been notified that the alarm user was in a suspended police response status.
2Z36225604,Department of Housing and Community Affairs,Open,12/02/2019,11/12/2019,12/02/2019,500.00,,03/24/2020,26-9(a)(13),"Failure to remove, repair, and/or register unused vehicle"
3Z36223946,Department of Housing and Community Affairs,Open,07/19/2019,06/24/2019,07/19/2019,500.00,Dismiss without prejudice,11/19/2019,26-9(b)(3),"Failure to maintain exterior surfaces free of flaking, peeling or loose paint and free of water seepage and against decay."
4Z36217283,Department of Housing and Community Affairs,Open,11/04/2016,10/27/2016,11/04/2016,500.00,Abatement Order entered,01/31/2017,26-9(a)(8),"Accumulating garbage or rubbish outside of approved storage container, garage or building."
0z39896227,Animal Control and Humane Treatment,Open,08/30/2017,08/06/2017,08/30/2017,100.00,Stet Docket,11/14/2017,5-203-a-3,Prevent an animal from entering a private property without the property owners's permission
3Z36226361,Department of Housing and Community Affairs,Open,12/19/2019,12/06/2019,12/19/2019,500.00,,03/31/2020,26-8(c),Failure to provide fire rated door which self closes and latches.
2Z42317333,False Alarm,Open,03/23/2020,03/02/2020,04/07/2020,500.00,Paid and Satisfied,,3a-4C(5),Requesting police dispatch to a burglar alarm activation after having been notified that the alarm user was in a suspended police response status.
1Z39909556,Department of Environmental Protection/Solid Waste,Open,01/10/2020,12/21/2019,01/10/2020,500.00,,,48-19-A,Obtain a valid collectors license before collecting and transporting solid waste within the county.
3Z40616404,Washington Metro. and Transit Auth. Police,Open,03/27/2020,03/15/2020,03/27/2020,50.00,,,54-A-2-9,Cease entering or leaving a fare-paid area of a rail transport station without paying the fare or presenting a valid transfer
5z39889484,Department of Environmental Protection,Open,02/14/2020,01/17/2020,02/14/2020,250.00,,,31-B-5-b,Cease creating a noise disturbance by allowing amplified music to be played for several hours
3Z36221853,Department of Housing and Community Affairs,Open,11/02/2018,10/24/2018,11/02/2018,500.00,Abatement Order entered,02/26/2019,26-9(a)(1),Failure to maintain item/structure in good repair.
4Z36223499,Department of Housing and Community Affairs,Open,05/22/2019,05/15/2019,05/22/2019,500.00,Guilty,08/27/2019,26-9(c)(1),"Failure to maintain plumbing fixture in good sanitary working condition free from defects, leaks, and other obstructions."
6z42125943,Animal Control and Humane Treatment,Open,11/15/2018,10/24/2018,11/15/2018,500.00,Abatement Order entered,01/08/2019,5-203-C,Prevent the animal from having unwanted contact with a person or another domesticated animal at all times.
4Z42126277,Animal Control and Humane Treatment,Open,02/01/2018,12/22/2017,02/01/2018,500.00,Default Judgment,04/18/2018,5-402-C,Possessing unvaccinated dog
5Z36220175,Department of Housing and Community Affairs,Open,04/06/2018,04/03/2018,04/06/2018,500.00,Defendant found in contempt,01/14/2020,26-14(a),"Failure to demolish, remove or repair a condemned structure"
5Z40990066,Animal Control and Humane Treatment,Open,04/24/2018,03/07/2018,04/24/2018,500.00,Abatement Order entered,07/10/2018,5-203-C,Prevent the animal from having unwanted contact with a person or another domesticated animal at all times.
2Z36225618,Department of Housing and Community Affairs,Open,11/22/2019,11/12/2019,11/22/2019,500.00,,03/24/2020,26-9(b)(3),"Failure to maintain exterior surfaces free of flaking, peeling or loose paint and free of water seepage and against decay."
5Z36221722,Department of Housing and Community Affairs,Open,10/12/2018,10/09/2018,10/12/2018,500.00,Abatement Order entered,12/18/2018,26-9(a)(12),Failure to eliminate public nuisance.
2Z41767889,Animal Control and Humane Treatment,Open,01/03/2020,01/01/2020,01/03/2020,500.00,,03/10/2020,5-203-C,Prevent the animal from having unwanted contact with a person or another domesticated animal at all times.
2Z40854585,Washington Metro. and Transit Auth. Police,Closed,09/10/2019,09/02/2019,04/08/2020,50.00,Default Judgment,11/12/2019,54-a-2-1,Cease smoking on the metro platform
1Z40860240,Washington Metro. and Transit Auth. Police,Closed,03/15/2019,02/08/2019,04/08/2020,50.00,Default Judgment,06/11/2019,54-A-2-9,Cease entering or leaving a fare-paid area of a rail transport station without paying the fare or presenting a valid transfer
5Z40990395,Animal Control and Humane Treatment,Open,09/30/2017,08/09/2017,09/30/2017,500.00,Abatement Order entered,12/12/2017,5-201-a-10,"Abuse/neglect of pet animal by unnecessarily failing to provide nutrious food in a sufficient quantity, necessary vet care, proper drink, air space and shelter"
4Z40854153,Washington Metro. and Transit Auth. Police,Closed,11/30/2018,11/07/2018,04/08/2020,50.00,Default Judgment,03/12/2019,54-A-2-9,Cease entering or leaving a fare-paid area of a rail transport station without paying the fare or presenting a valid transfer
3Z36226935,Department of Housing and Community Affairs,Open,03/03/2020,02/20/2020,03/03/2020,500.00,,,26-9(a)(8),"Accumulating garbage or rubbish outside of approved storage container, garage or building."
2Z36225499,Department of Housing and Community Affairs,Open,11/15/2019,11/05/2019,11/15/2019,500.00,Stet Docket,02/18/2020,26-9(a)(4),Failure to maintain supplied facility in satisfactory working condition.
3Z36224415,Department of Housing and Community Affairs,Open,08/14/2019,08/07/2019,08/14/2019,500.00,Guilty,12/17/2019,26-6(a),Failure to maintain electrical service in good safe working condition.
6Z42126482,Animal Control and Humane Treatment,Open,07/16/2018,06/01/2018,06/30/2018,100.00,Abatement Order entered,09/11/2018,5-203-A-1,Prevent the animal other than an altered cat to be at large
0Z36226813,Department of Housing and Community Affairs,Open,02/14/2020,02/10/2020,02/14/2020,500.00,,,48-24(a),Failure to remove solid waste (abandoned/non-functional vehicle).
4Z39896567,Animal Control and Humane Treatment,Open,08/30/2017,08/23/2017,08/30/2017,100.00,Abatement Order entered,12/12/2017,5-203-a-10,Neglect of a brown male Cocker Spaniel type dog resulting in it being caused to endure unneccessary pain and suffering
2Z36217057,Department of Housing and Community Affairs,Open,10/18/2016,10/06/2016,10/18/2016,500.00,Abatement Order entered,01/31/2017,29-16(a),Operating a rental facility without first obtaining a rental facility license.
1Z40855074,Washington Metro. and Transit Auth. Police,Closed,11/15/2018,10/27/2018,04/08/2020,,Default Judgment,03/12/2019,54-A-2-9,Cease entering or leaving a fare-paid area of a rail transport station without paying the fare or presenting a valid transfer
5Z36227035,Department of Housing and Community Affairs,Open,03/23/2020,03/03/2020,03/23/2020,500.00,,,26-9(a)(4),Failure to maintain supplied facility in satisfactory working condition.
5Z40854154,Washington Metro. and Transit Auth. Police,Closed,12/15/2018,11/29/2018,04/08/2020,50.00,Default Judgment,03/12/2019,54-A-2-9,Cease entering or leaving a fare-paid area of a rail transport station without paying the fare or presenting a valid transfer
2Z41707360,Department of Permitting Services,Closed,04/15/2020,04/06/2020,04/23/2020,750.00,Dismiss without prejudice,,8-17-e,failure to obtain the final inspection for a mechanical permit
1Z36221347,Department of Housing and Community Affairs,Open,09/21/2018,08/31/2018,09/21/2018,500.00,Default Judgment,01/29/2019,26-9(b)(5),"Failure to maintain grounds: free of erosion or gullying; grass or weeds over 12 inches high; and/or shrubbery, trees, vines, hedges, and other vegetation, including dead trees and branches."
2Z42317340,False Alarm,Open,03/23/2020,03/02/2020,03/23/2020,500.00,,,3a-4C(2),requesting police dispatch to a burglar alarm activation without providing the required alarm user registration number.
4Z36225242,Department of Housing and Community Affairs,Open,11/15/2019,11/05/2019,11/15/2019,500.00,Stet Docket,02/18/2020,26-9(a)(4),Failure to maintain supplied facility in satisfactory working condition.
0Z36225021,Department of Housing and Community Affairs,Open,11/01/2019,10/21/2019,11/01/2019,500.00,,03/24/2020,26-9(a)(1),Failure to maintain item/structure in good repair.
4z39896812,Animal Control and Humane Treatment,Open,11/15/2016,09/25/2016,11/15/2016,500.00,Abatement Order entered,01/10/2017,5-203-C,Prevent the animal from having unwanted contact with a person or another domesticated animal at all times.
5Z42209102,Animal Control and Humane Treatment,Open,07/22/2019,06/23/2019,07/22/2019,500.00,,10/08/2019,5-402-C,"An owner must vaccinate a cat, dog, or ferret older than 4 months of age against rabies and provide proof of the most recent vaccination to an animal control officer within 24 hours."
0Z36225091,Department of Housing and Community Affairs,Open,11/11/2019,10/30/2019,11/11/2019,500.00,,03/24/2020,26-9(a)(13),"Failure to remove, repair, and/or register unused vehicle"
1Z42317388,False Alarm,Closed,04/21/2020,03/29/2020,04/22/2020,500.00,Paid and Satisfied,,3a-4c(4),Requesting police dispatch to a burglar alarm activation without providing either the required alarm user registration or alarm business license number.
6Z36225237,Department of Housing and Community Affairs,Open,11/15/2019,11/05/2019,11/15/2019,500.00,Stet Docket,02/18/2020,26-9(a)(4),Failure to maintain supplied facility in satisfactory working condition.
0Z36226582,Department of Housing and Community Affairs,Open,01/16/2020,01/07/2020,01/16/2020,500.00,,,26-9(a)(2),"Failure to maintain door, window, and/or hatchway in sound working condition."
1Z40860233,Washington Metro. and Transit Auth. Police,Closed,01/15/2019,12/07/2018,04/08/2020,50.00,Default Judgment,03/12/2019,54-A-2-9,Cease entering or leaving a fare-paid area of a rail transport station without paying the fare or presenting a valid transfer
5Z41767885,Animal Control and Humane Treatment,Open,12/31/2019,11/26/2019,12/31/2019,500.00,,03/10/2020,5-203-C,Prevent the animal from having unwanted contact with a person or another domesticated animal at all times.
1Z34050017,Department of Housing and Community Affairs,Open,03/29/2019,02/22/2019,03/29/2019,500.00,,,10B-13-j,"Violation of a Decision & Order of the Commission on Common Ownership Communities of October 24, 2007, to submit Architectural Change Requests for new deck & security door and to comply with decision on the request"
5Z36222688,Department of Housing and Community Affairs,Open,03/08/2019,02/26/2019,03/08/2019,500.00,,,26-9(a)(1),Failure to maintain item/structure in good repair.
1Z40854584,Washington Metro. and Transit Auth. Police,Closed,09/04/2019,08/26/2019,04/08/2020,0.00,Default Judgment,11/12/2019,54-A-2-9,Cease entering or leaving a fare-paid area of a rail transport station without paying the fare or presenting a valid transfer
4Z36219446,Department of Housing and Community Affairs,Open,12/08/2017,11/28/2017,09/20/2018,500.00,Show Cause Order,10/08/2019,26-9(a)(1),Failure to maintain item/structure in good repair.
5Z41767899,Animal Control and Humane Treatment,Open,01/28/2020,01/25/2020,01/28/2020,100.00,,,5-203-a-9,Obtain and provide proof that an animal is licensed in Montgomery County
6Z36225685,Department of Housing and Community Affairs,Open,12/05/2019,11/21/2019,12/05/2019,500.00,,03/31/2020,26-9(a)(4),Failure to maintain supplied facility in satisfactory working condition.
2Z40861319,Washington Metro. and Transit Auth. Police,Closed,08/16/2019,08/03/2019,04/08/2020,50.00,Default Judgment,11/12/2019,54-A-2-9,Cease entering or leaving a fare-paid area of a rail transport station without paying the fare or presenting a valid transfer
1Z36225568,Department of Housing and Community Affairs,Open,11/15/2019,11/05/2019,11/15/2019,500.00,Stet Docket,02/18/2020,26-9(a)(4),Failure to maintain supplied facility in satisfactory working condition.
3Z35095644,Washington Metro. and Transit Auth. Police,Open,01/10/2017,11/24/2016,01/10/2017,100.00,,,5-601,Possession of marijuana less than 10 grams
6Z40855233,Washington Metro. and Transit Auth. Police,Closed,04/30/2019,04/03/2019,04/08/2020,50.00,Default Judgment,06/11/2019,54-A-2-9,Cease entering or leaving a fare-paid area of a rail transport station without paying the fare or presenting a valid transfer
5Z41706936,Department of Permitting Services,Open,01/15/2020,01/02/2020,01/15/2020,1000.00,,,19-2-a,Cease engaging into any land disturbing activity without first the proper permit from DPS.
1Z39896165,Animal Control and Humane Treatment,Open,09/30/2017,09/17/2017,09/30/2017,100.00,Default Judgment,12/12/2017,5-203-a-9,Obtain and provide proof that an animal is licensed in Montgomery County
4Z36217192,Department of Housing and Community Affairs,Open,11/04/2016,10/14/2016,11/04/2016,500.00,Abatement Order entered,01/31/2017,26-9(c)(3),"Failure to maintain wall, ceiling, floor, interior woodwork, door, and/or windows in sound condition and good repair free of flaking, peeling, or loose paint."
0Z36224993,Department of Housing and Community Affairs,Open,10/23/2019,10/17/2019,10/23/2019,500.00,,02/25/2020,26-9(a)(13),"Failure to remove, repair, and/or register unused vehicle"
5Z36223752,Department of Housing and Community Affairs,Open,06/14/2019,05/31/2019,06/14/2019,500.00,Abatement Order entered,10/22/2019,26-9(b)(5),"Failure to maintain grounds: free of erosion or gullying; grass or weeds over 12 inches high; and/or shrubbery, trees, vines, hedges, and other vegetation, including dead trees and branches."
0Z40859315,Washington Metro. and Transit Auth. Police,Closed,09/25/2019,09/16/2019,04/08/2020,50.00,Default Judgment,12/10/2019,54-A-2-9,Cease entering or leaving a fare-paid area of a rail transport station without paying the fare or presenting a valid transfer
0Z36222529,Department of Housing and Community Affairs,Closed,02/06/2019,01/28/2019,04/07/2020,500.00,Satisfaction,04/23/2019,26-9(b)(3),"Failure to maintain exterior surfaces free of flaking, peeling or loose paint and free of water seepage and against decay."
3Z39911735,Department of Environmental Protection/Solid Waste,Open,08/30/2017,07/25/2017,08/30/2017,500.00,Continued,11/21/2014,48-19(A)-2-B,Transporting solid waste in the County without a suitable cover
5Z36227105,Department of Housing and Community Affairs,Closed,03/23/2020,03/11/2020,04/08/2020,500.00,Dismiss without prejudice,,26-9(b)(3),"Failure to maintain exterior surfaces free of flaking, peeling or loose paint and free of water seepage and against decay."
4Z36224514,Department of Housing and Community Affairs,Open,09/06/2019,08/26/2019,09/06/2019,500.00,Abatement Order entered,01/28/2020,26-9(a)(1),Failure to maintain item/structure in good repair.
6Z40860441,Washington Metro. and Transit Auth. Police,Closed,08/15/2019,08/05/2019,04/08/2020,50.00,Default Judgment,11/12/2019,54-A-2-9,Cease entering or leaving a fare-paid area of a rail transport station without paying the fare or presenting a valid transfer
6Z40855576,Washington Metro. and Transit Auth. Police,Open,11/01/2017,09/16/2017,11/01/2017,50.00,,,5-601,Possession of marijuana less than 10 grams
1Z36219723,Department of Housing and Community Affairs,Closed,01/29/2018,01/16/2018,05/04/2020,500.00,Dismiss without prejudice,,26-9(a)(9),"Failure to exterminate insects, rodents, or other vermin."
5Z40614999,Washington Metro. and Transit Auth. Police,Open,03/27/2020,03/11/2020,03/27/2020,50.00,,,54-A-2-9,Cease entering or leaving a fare-paid area of a rail transport station without paying the fare or presenting a valid transfer
3Z42209247,Animal Control and Humane Treatment,Open,04/16/2020,04/07/2020,04/16/2020,100.00,,,5-203-A-1,Prevent the animal other than an altered cat to be at large
0Z40861317,Washington Metro. and Transit Auth. Police,Closed,05/15/2019,04/06/2019,04/08/2020,50.00,Default Judgment,07/09/2019,54-A-2-9,Cease entering or leaving a fare-paid area of a rail transport station without paying the fare or presenting a valid transfer
6Z36217215,Department of Housing and Community Affairs,Open,10/28/2016,10/18/2016,10/28/2016,500.00,,02/28/2017,26-9(a)(13),"Failure to remove, repair, and/or register unused vehicle"
4Z36226306,Department of Housing and Community Affairs,Open,12/19/2019,12/06/2019,12/19/2019,500.00,,03/31/2020,26-9(a)(1),Failure to maintain item/structure in good repair.
5Z36227091,Department of Housing and Community Affairs,Open,03/23/2020,03/11/2020,03/23/2020,500.00,,,26-9(b)(5),"Failure to maintain grounds: free of erosion or gullying; grass or weeds over 12 inches high; and/or shrubbery, trees, vines, hedges, and other vegetation, including dead trees and branches."
1Z36221207,Department of Housing and Community Affairs,Open,08/24/2018,08/16/2018,08/24/2018,500.00,Abatement Order entered,11/27/2018,26-9(a)(1),Failure to maintain item/structure in good repair.
5Z36213364,Department of Housing and Community Affairs,Closed,08/19/2014,08/12/2014,05/04/2020,500.00,Abatement Order entered,11/25/2014,26-9(b)(3),"Failure to maintain exterior surfaces free of flaking, peeling or loose paint and free of water seepage and against decay."
1Z40860779,Washington Metro. and Transit Auth. Police,Closed,08/15/2019,07/18/2019,04/08/2020,50.00,Default Judgment,10/08/2019,54-A-2-9,Cease entering or leaving a fare-paid area of a rail transport station without paying the fare or presenting a valid transfer
6Z36213344,Department of Housing and Community Affairs,Closed,08/19/2014,08/12/2014,05/04/2020,500.00,Abatement Order Compliance,,26-9(a)(4),Failure to maintain supplied facility in satisfactory working condition.
0Z39891173,Department of Permitting Services,Open,07/31/2017,06/28/2017,07/31/2017,1000.00,Stet Docket,11/21/2017,19-2-a,Cease engaging into any land disturbing activity without first the proper permit from DPS.
5Z42317308,False Alarm,Closed,03/23/2020,04/29/2020,04/28/2020,500.00,Paid and Satisfied,,3a-4C(2),requesting police dispatch to a burglar alarm activation without providing the required alarm user registration number.
1Z36213367,Department of Housing and Community Affairs,Closed,08/19/2014,08/12/2014,05/04/2020,500.00,Abatement Order Compliance,,26-9(a)(1),Failure to maintain item/structure in good repair.
4Z36223170,Department of Housing and Community Affairs,Open,04/19/2019,04/10/2019,04/19/2019,500.00,Abatement Order entered,01/21/2020,26-9(a)(2),"Failure to maintain door, window, and/or hatchway in sound working condition."
4Z36226782,Department of Housing and Community Affairs,Open,02/07/2020,02/03/2020,02/07/2020,500.00,,,26-9(a)(4),Failure to maintain supplied facility in satisfactory working condition.
4Z36217262,Department of Housing and Community Affairs,Open,11/04/2016,10/24/2016,11/04/2016,500.00,Abatement Order entered,01/31/2017,26-9(a)(8),"Accumulating garbage or rubbish outside of approved storage container, garage or building."
4Z39892010,Department of Permitting Services,Open,03/01/2019,02/20/2019,03/01/2019,750.00,Abatement Order entered,04/16/2019,8-4,Comply with the state and local code requirements for the plumbing work associated with renovations and additions done to the premises without the required permits.
6Z36220435,Department of Housing and Community Affairs,Open,05/23/2018,05/15/2018,05/23/2018,500.00,Abatement Order entered,09/25/2018,26-9(a)(12),Failure to eliminate public nuisance.
0Z36224139,Department of Housing and Community Affairs,Open,07/19/2019,07/02/2019,07/19/2019,500.00,Guilty,10/29/2019,26-9(b)(1),"Failure to maintain item in reasonable weather-tight, water-tight, and rodent proof condition, free from foreign matter and capable of affording privacy."
6Z40990396,Animal Control and Humane Treatment,Open,09/30/2017,08/09/2017,09/30/2017,500.00,Abatement Order entered,12/12/2017,5-203-a-5,"Prevent an animal from causing unsanitary, dangerous, or offensive conditions because of the size or number of the animals in a single location"
5Z39896568,Animal Control and Humane Treatment,Open,08/30/2017,08/23/2017,08/30/2017,500.00,Abatement Order entered,12/12/2017,5-203-C,Prevent the animal from having unwanted contact with a person or another domesticated animal at all times.
1Z36216930,Department of Housing and Community Affairs,Open,10/10/2016,09/15/2016,10/10/2016,500.00,Abatement Order entered,01/24/2017,26-9(a)(1),Failure to maintain item/structure in good repair.
4Z36225515,Department of Housing and Community Affairs,Open,11/15/2019,11/05/2019,11/15/2019,500.00,Stet Docket,02/18/2020,26-9(a)(4),Failure to maintain supplied facility in satisfactory working condition.
5Z36220686,Department of Housing and Community Affairs,Open,06/08/2018,05/31/2018,06/08/2018,500.00,Abatement Order entered,09/25/2018,26-9(a)(8),"Accumulating garbage or rubbish outside of approved storage container, garage or building."
3z42125919,Animal Control and Humane Treatment,Open,03/15/2019,02/11/2019,03/15/2019,100.00,Guilty,05/14/2019,5-203-A-1,Prevent the animal other than an altered cat to be at large
4Z41706857,Department of Permitting Services,Open,11/01/2017,10/18/2017,11/01/2017,1000.00,,,19-5-b,"Install interim erosion & sediment control measure to protect stream channels, other properties or the general public from damage that will remain in effect until modifications or revisions to the plan are approved or implemented by the DPS."
5z40953162,Department of Permitting Services,Open,10/19/2016,09/01/2016,10/19/2016,500.00,Abatement Order entered,01/17/2017,59-7-4-2(A)1,Allowing the operation of a commerical enterprise without a valid permit
4Z36224297,Department of Housing and Community Affairs,Open,07/31/2019,07/22/2019,07/31/2019,500.00,,10/29/2019,26-9(a)(8),"Accumulating garbage or rubbish outside of approved storage container, garage or building."
5Z36227021,Department of Housing and Community Affairs,Open,03/24/2020,03/03/2020,03/24/2020,500.00,,,26-9(a)(8),"Accumulating garbage or rubbish outside of approved storage container, garage or building."
0Z40859357,Washington Metro. and Transit Auth. Police,Closed,05/01/2019,03/09/2019,04/08/2020,100.00,Default Judgment,07/09/2019,54-A-2-9,Cease entering or leaving a fare-paid area of a rail transport station without paying the fare or presenting a valid transfer
1Z42317367,False Alarm,Closed,04/21/2020,03/29/2020,04/22/2020,500.00,Paid and Satisfied,,3a-4C(2),requesting police dispatch to a burglar alarm activation without providing the required alarm user registration number.
0Z40853862,Washington Metro. and Transit Auth. Police,Closed,08/27/2019,08/16/2019,04/08/2020,50.00,Default Judgment,11/12/2019,54-A-2-9,Cease entering or leaving a fare-paid area of a rail transport station without paying the fare or presenting a valid transfer
6Z36225216,Department of Housing and Community Affairs,Open,11/15/2019,11/05/2019,11/15/2019,500.00,Stet Docket,02/18/2020,26-9(a)(4),Failure to maintain supplied facility in satisfactory working condition.
3Z36226956,Department of Housing and Community Affairs,Open,03/03/2020,02/25/2020,03/03/2020,500.00,,,26-9(b)(3),"Failure to maintain exterior surfaces free of flaking, peeling or loose paint and free of water seepage and against decay."
1Z42317381,False Alarm,Closed,04/21/2020,03/29/2020,04/22/2020,500.00,Paid and Satisfied,,3a-4C(5),Requesting police dispatch to a burglar alarm activation after having been notified that the alarm user was in a suspended police response status.
6Z36219644,Department of Housing and Community Affairs,Open,01/12/2018,01/04/2018,01/12/2018,500.00,Show Cause Order,10/08/2019,26-9(c)(1),"Failure to maintain plumbing fixture in good sanitary working condition free from defects, leaks, and other obstructions."
1Z36225106,Department of Housing and Community Affairs,Open,11/11/2019,10/30/2019,11/11/2019,500.00,,03/24/2020,26-8(a)(1),Failure to provide safe and unobstructed means of escape leading to safe and open space ground level.
5Z36221211,Department of Housing and Community Affairs,Open,08/24/2018,08/16/2018,08/24/2018,500.00,Abatement Order entered,11/27/2018,26-9(a)(1),Failure to maintain item/structure in good repair.
6z39893286,Department of Environmental Protection/Solid Waste,Open,11/01/2017,09/15/2017,11/01/2017,500.00,Default Judgment,12/19/2017,48-11,Deposited solid waste upon the property of another without written consent
1Z40851518,Washington Metro. and Transit Auth. Police,Closed,09/25/2019,09/14/2019,04/08/2020,50.00,Default Judgment,12/10/2019,54-A-2-9,Cease entering or leaving a fare-paid area of a rail transport station without paying the fare or presenting a valid transfer
4Z36225487,Department of Housing and Community Affairs,Open,11/15/2019,11/05/2019,11/15/2019,500.00,Stet Docket,02/18/2020,26-9(a)(4),Failure to maintain supplied facility in satisfactory working condition.
6Z40855681,Washington Metro. and Transit Auth. Police,Open,11/01/2017,09/18/2017,11/01/2017,50.00,,,5-601,Possession of marijuana less than 10 grams
0Z40990397,Animal Control and Humane Treatment,Open,09/30/2017,08/25/2017,09/30/2017,100.00,Default Judgment,12/12/2017,5-203-A-1,Prevent the animal other than an altered cat to be at large
4Z40854195,Washington Metro. and Transit Auth. Police,Closed,12/31/2018,12/22/2018,04/08/2020,50.00,Default Judgment,03/12/2019,54-A-2-9,Cease entering or leaving a fare-paid area of a rail transport station without paying the fare or presenting a valid transfer
0Z36223845,Department of Housing and Community Affairs,Open,07/11/2019,06/10/2019,07/11/2019,500.00,Guilty,10/29/2019,26-9(a)(8),"Accumulating garbage or rubbish outside of approved storage container, garage or building."
6Z40614902,Washington Metro. and Transit Auth. Police,Closed,01/31/2019,01/10/2019,04/08/2020,50.00,Default Judgment,04/09/2019,54-A-2-9,Cease entering or leaving a fare-paid area of a rail transport station without paying the fare or presenting a valid transfer
6Z42317302,False Alarm,Open,03/23/2020,03/02/2020,03/23/2020,500.00,Paid and Satisfied,,3a-4C(2),requesting police dispatch to a burglar alarm activation without providing the required alarm user registration number.
1Z41707135,Department of Permitting Services,Open,09/06/2019,08/28/2019,09/06/2019,500.00,Continued,02/11/2020,8-26-C,Cease the construction work that does not conform to the approved plans under the permit that was issued for the property
4z39895517,Animal Control and Humane Treatment,Open,11/18/2016,11/04/2016,11/18/2016,500.00,Abatement Order entered,02/14/2017,5-203-a-5,"Prevent an animal from causing unsanitary, dangerous, or offensive conditions because of the size or number of the animals in a single location"
5Z36224459,Department of Housing and Community Affairs,Open,08/23/2019,08/15/2019,08/23/2019,500.00,,12/17/2019,26-9(a)(4),Failure to maintain supplied facility in satisfactory working condition.
6z39896569,Animal Control and Humane Treatment,Open,08/30/2017,08/23/2017,08/30/2017,100.00,Abatement Order entered,12/12/2017,5-203-a-3,Prevent an animal from entering a private property without the property owners's permission
0Z36221360,Department of Housing and Community Affairs,Open,09/14/2018,09/04/2018,09/14/2018,500.00,Abatement Order entered,11/27/2018,26-9(a)(13),"Failure to remove, repair, and/or register unused vehicle"
4Z36225410,Department of Housing and Community Affairs,Open,11/15/2019,11/05/2019,11/15/2019,500.00,Stet Docket,02/18/2020,26-9(a)(4),Failure to maintain supplied facility in satisfactory working condition.
3Z36217247,Department of Housing and Community Affairs,Open,10/28/2016,10/20/2016,10/28/2016,500.00,Abatement Order entered,02/28/2017,26-9(c)(5),Failure to maintain floor covering in good repair and sanitary condition.
6Z36217355,Department of Housing and Community Affairs,Open,11/23/2016,11/14/2016,11/23/2016,500.00,Abatement Order entered,02/28/2017,26-9(b)(1),"Failure to maintain item in reasonable weather-tight, water-tight, and rodent proof condition, free from foreign matter and capable of affording privacy."
0Z39896640,Animal Control and Humane Treatment,Open,08/29/2017,08/08/2017,08/29/2017,100.00,Abatement Order entered,12/12/2017,5-203-A-1,Prevent the animal other than an altered cat to be at large
2Z40616732,Washington Metro. and Transit Auth. Police,Closed,04/25/2019,03/26/2019,04/08/2020,50.00,Default Judgment,06/11/2019,54-A-2-9,Cease entering or leaving a fare-paid area of a rail transport station without paying the fare or presenting a valid transfer
1Z36217021,Department of Housing and Community Affairs,Open,10/13/2016,09/30/2016,10/13/2016,500.00,Abatement Order entered,02/28/2017,26-9(a)(13),"Failure to remove, repair, and/or register unused vehicle"
4Z36213517,Department of Housing and Community Affairs,Closed,09/19/2014,09/11/2014,05/04/2020,500.00,Abatement Order Compliance,11/25/2014,26-9(a)(4),Failure to maintain supplied facility in satisfactory working condition.
2Z36217232,Department of Housing and Community Affairs,Open,10/28/2016,10/20/2016,10/28/2016,500.00,Abatement Order entered,02/28/2017,26-9(a)(4),Failure to maintain supplied facility in satisfactory working condition.
1Z40853926,Washington Metro. and Transit Auth. Police,Closed,05/15/2019,,04/08/2020,50.00,Default Judgment,07/09/2019,54-A-2-9,Cease entering or leaving a fare-paid area of a rail transport station without paying the fare or presenting a valid transfer
1Z36217231,Department of Housing and Community Affairs,Open,10/28/2016,10/20/2016,10/28/2016,500.00,Abatement Order entered,02/28/2017,26-9(a)(2),"Failure to maintain door, window, and/or hatchway in sound working condition."
0Z36221598,Department of Housing and Community Affairs,Open,10/12/2018,10/02/2018,10/12/2018,500.00,Abatement Order entered,03/26/2019,26-9(a)(1),Failure to maintain item/structure in good repair.
1Z36227150,Department of Housing and Community Affairs,Open,03/24/2020,03/18/2020,03/24/2020,500.00,,,26-9(a)(1),Failure to maintain item/structure in good repair.
0Z36217356,Department of Housing and Community Affairs,Open,11/23/2016,11/14/2016,11/23/2016,500.00,Abatement Order entered,02/28/2017,26-8(e),Failure to supply/ install/ maintain required locks.
3Z40860788,Washington Metro. and Transit Auth. Police,Closed,09/04/2019,08/23/2019,04/08/2020,50.00,Default Judgment,11/12/2019,54-A-2-9,Cease entering or leaving a fare-paid area of a rail transport station without paying the fare or presenting a valid transfer
2Z42317165,False Alarm,Open,01/24/2020,12/19/2019,01/24/2020,500.00,,,3a-4C(2),requesting police dispatch to a burglar alarm activation without providing the required alarm user registration number.
6Z36210516,Department of Housing and Community Affairs,Open,01/04/2013,12/20/2012,09/12/2019,500.00,Default Judgment,04/23/2013,26-9-a-13,"remove, repair and/or register the unused vehicle"
5Z42317301,False Alarm,Open,03/23/2020,03/02/2020,03/23/2020,500.00,Paid and Satisfied,,3a-4C(2),requesting police dispatch to a burglar alarm activation without providing the required alarm user registration number.
1Z42210183,Animal Control and Humane Treatment,Open,04/24/2020,04/22/2020,04/24/2020,100.00,,,5-203-A-1,Prevent the animal other than an altered cat to be at large
2Z40953019,Department of Permitting Services,Open,12/01/2016,10/31/2016,12/01/2016,1000.00,Abatement Order entered,02/21/2017,19-13-A,"Maintain in a good & effective condition and promptly repair or restore all grade surfaces, walls, drains, dams, and structures, plantings, vegetation, erosion and sediment control measures and other devices."
1Z36217245,Department of Housing and Community Affairs,Open,10/28/2016,10/20/2016,10/28/2016,500.00,Abatement Order entered,02/28/2017,26-9(b)(3),"Failure to maintain exterior surfaces free of flaking, peeling or loose paint and free of water seepage and against decay."
5Z40860216,Washington Metro. and Transit Auth. Police,Closed,08/28/2019,08/09/2019,04/08/2020,50.00,Default Judgment,11/12/2019,54-A-2-9,Cease entering or leaving a fare-paid area of a rail transport station without paying the fare or presenting a valid transfer
2Z36217239,Department of Housing and Community Affairs,Open,10/28/2016,10/20/2016,10/28/2016,500.00,Abatement Order entered,02/28/2017,26-6(a),Failure to maintain electrical service in good safe working condition.
0Z36217370,Department of Housing and Community Affairs,Open,11/23/2016,11/14/2016,11/23/2016,500.00,Abatement Order entered,02/28/2017,26-9(c)(1),"Failure to maintain plumbing fixture in good sanitary working condition free from defects, leaks, and other obstructions."
3z408,Washington Metro. and Transit Auth. Police,Open,01/04/2018,10/23/2017,01/04/2018,100.00,,,53-302,Failed to display taxicab identification promiently inside of the taxicab
5Z36217368,Department of Housing and Community Affairs,Open,11/23/2016,11/14/2016,11/23/2016,500.00,Abatement Order entered,02/28/2017,26-9(c)(5),Failure to maintain floor covering in good repair and sanitary condition.
1Z42125903,Animal Control and Humane Treatment,Open,06/30/2018,05/23/2018,06/30/2018,100.00,Abatement Order entered,09/11/2018,5-203-A-1,Prevent the animal other than an altered cat to be at large
2Z40860213,Washington Metro. and Transit Auth. Police,Closed,07/08/2019,06/21/2019,04/08/2020,50.00,Default Judgment,10/08/2019,54-A-2-9,Cease entering or leaving a fare-paid area of a rail transport station without paying the fare or presenting a valid transfer
4Z36223002,Department of Housing and Community Affairs,Open,03/29/2019,03/20/2019,03/29/2019,500.00,,,26-9(a)(1),Failure to maintain item/structure in good repair.
3Z36224660,Department of Housing and Community Affairs,Open,09/20/2019,09/17/2019,09/20/2019,500.00,,,26-9(a)(8),"Accumulating garbage or rubbish outside of approved storage container, garage or building."
6Z36222472,Department of Housing and Community Affairs,Open,02/06/2019,01/18/2019,02/06/2019,500.00,Abatement Order entered,04/23/2019,29-5(c),Failure to provide access for inspection.
1Z42317290,False Alarm,Closed,03/23/2020,03/02/2020,04/08/2020,500.00,Paid and Satisfied,,3a-4C(2),requesting police dispatch to a burglar alarm activation without providing the required alarm user registration number.
5Z42211510,Animal Control and Humane Treatment,Open,05/25/2019,05/17/2019,05/25/2019,100.00,Abatement Order entered,08/13/2019,5-203-A-1,Prevent the animal other than an altered cat to be at large
6Z36217362,Department of Housing and Community Affairs,Open,11/23/2016,11/14/2016,11/23/2016,500.00,Abatement Order entered,02/28/2017,26-6(a),Failure to maintain electrical service in good safe working condition.
2Z36220690,Department of Housing and Community Affairs,Open,06/08/2018,05/31/2018,06/08/2018,500.00,Abatement Order entered,09/25/2018,26-9(a)(1),Failure to maintain item/structure in good repair.
6Z41707301,Department of Permitting Services,Open,11/01/2017,08/31/2017,11/01/2017,500.00,Abatement Order entered,12/19/2017,8-24-a,Comply with the NOV requiring permits and inspections for large additions to the home
6Z36217243,Department of Housing and Community Affairs,Open,10/28/2016,10/20/2016,10/28/2016,500.00,Abatement Order entered,02/28/2017,26-9(a)(2),"Failure to maintain door, window, and/or hatchway in sound working condition."
5Z40860293,Washington Metro. and Transit Auth. Police,Closed,11/30/2018,11/01/2018,04/08/2020,50.00,Default Judgment,03/12/2019,54-A-2-9,Cease entering or leaving a fare-paid area of a rail transport station without paying the fare or presenting a valid transfer
0Z40616898,Washington Metro. and Transit Auth. Police,Closed,03/15/2019,02/24/2019,04/08/2020,50.00,Default Judgment,06/11/2019,54-A-2-9,Cease entering or leaving a fare-paid area of a rail transport station without paying the fare or presenting a valid transfer
2Z40859485,Washington Metro. and Transit Auth. Police,Closed,01/15/2019,12/28/2019,04/08/2020,50.00,Default Judgment,03/12/2019,54-A-2-9,Cease entering or leaving a fare-paid area of a rail transport station without paying the fare or presenting a valid transfer
0Z41111028,Office of Consumer Protection,Open,04/08/2020,04/06/2020,04/08/2020,500.00,,,11-4-N-O,operating a deceptive trade practice and misrepresenting to a consumer that he has a working body shop in a legal location when in fact there is no body shop.
6Z41707742,Department of Permitting Services,Open,01/21/2020,02/10/2020,01/21/2020,500.00,,,59-3-1-6,Allowing the use of a residentially zoned lot as a staging and commerical storage lot
4Z36225683,Department of Housing and Community Affairs,Open,12/05/2019,11/21/2019,12/05/2019,500.00,,03/31/2020,26-9(a)(1),Failure to maintain item/structure in good repair.
5Z40859411,Washington Metro. and Transit Auth. Police,Closed,01/25/2019,12/27/2018,04/08/2020,50.00,Default Judgment,03/12/2019,54-A-2-9,Cease entering or leaving a fare-paid area of a rail transport station without paying the fare or presenting a valid transfer
2Z42317354,False Alarm,Closed,04/21/2020,03/29/2020,04/22/2020,500.00,Paid and Satisfied,,3a-4C(2),requesting police dispatch to a burglar alarm activation without providing the required alarm user registration number.
1Z36217364,Department of Housing and Community Affairs,Open,11/23/2016,11/14/2016,11/23/2016,500.00,Abatement Order entered,02/28/2017,26-9(a)(2),"Failure to maintain door, window, and/or hatchway in sound working condition."
5Z36217235,Department of Housing and Community Affairs,Open,10/28/2016,10/20/2016,10/28/2016,500.00,Abatement Order entered,02/28/2017,26-6(a),Failure to maintain electrical service in good safe working condition.
4Z36226936,Department of Housing and Community Affairs,Open,03/03/2020,02/20/2020,03/03/2020,500.00,,,26-9(a)(13),"Failure to remove, repair, and/or register unused vehicle"
6Z42125999,Animal Control and Humane Treatment,Open,09/25/2018,09/21/2018,09/25/2018,100.00,Guilty,11/13/2018,5-203-A-1,Prevent the animal other than an altered cat to be at large
1Z36217252,Department of Housing and Community Affairs,Open,10/28/2016,10/20/2016,10/28/2016,500.00,Abatement Order entered,02/28/2017,26-9(b)(3),"Failure to maintain exterior surfaces free of flaking, peeling or loose paint and free of water seepage and against decay."
3Z40855678,Washington Metro. and Transit Auth. Police,Open,11/01/2017,07/23/2017,11/01/2017,50.00,,,5-601,Possession of marijuana less than 10 grams
2Z36224764,Department of Housing and Community Affairs,Open,10/11/2019,09/24/2019,10/11/2019,500.00,Continued,01/28/2020,26-9(b)(5),"Failure to maintain grounds: free of erosion or gullying; grass or weeds over 12 inches high; and/or shrubbery, trees, vines, hedges, and other vegetation, including dead trees and branches."
0Z36226421,Department of Housing and Community Affairs,Open,12/30/2019,12/11/2019,12/30/2019,500.00,,,26-9(a)(2),"Failure to maintain door, window, and/or hatchway in sound working condition."
6Z42209250,Animal Control and Humane Treatment,Open,04/20/2020,04/13/2020,04/20/2020,100.00,,,5-203-a-9,Obtain and provide proof that an animal is licensed in Montgomery County
3Z36168086,Washington Metro. and Transit Auth. Police,Open,02/22/2017,01/27/2017,02/22/2017,50.00,,,5-601,Possession of marijuana less than 10 grams
1Z36213353,Department of Housing and Community Affairs,Closed,08/19/2014,08/12/2014,05/04/2020,500.00,Abatement Order Compliance,,26-9(c)(5),Failure to maintain floor covering in good repair and sanitary condition.
1Z41782560,Board of License Commissioners,Open,02/18/2020,12/04/2019,02/18/2020,1000.00,,,24-11-B(1)(i),"Did or did offer to deliver, dispense, issue, give away or sell a tobacco product to a minor"
6Z41111006,Office of Consumer Protection,Open,12/31/2019,12/09/2019,12/31/2019,500.00,,03/10/2020,31A-4-b,"failure to renew certificate of registration which expired on May 12, 2010"
5Z36217249,Department of Housing and Community Affairs,Open,10/28/2016,10/20/2016,10/28/2016,500.00,Abatement Order entered,02/28/2017,26-9(a)(1),Failure to maintain item/structure in good repair.
2Z42227530,Department of Permitting Services,Open,04/28/2020,04/16/2020,04/28/2020,1000.00,,,19-13-A,"Maintain in a good & effective condition and promptly repair or restore all grade surfaces, walls, drains, dams, and structures, plantings, vegetation, erosion and sediment control measures and other devices."
6Z36217236,Department of Housing and Community Affairs,Open,10/28/2016,10/20/2016,10/28/2016,500.00,Abatement Order entered,02/28/2017,26-6(a),Failure to maintain electrical service in good safe working condition.
3Z40616005,Washington Metro. and Transit Auth. Police,Open,03/27/2020,03/13/2020,03/27/2020,50.00,,,54-A-2-9,Cease entering or leaving a fare-paid area of a rail transport station without paying the fare or presenting a valid transfer
2Z40860780,Washington Metro. and Transit Auth. Police,Closed,07/31/2019,,04/08/2020,50.00,Default Judgment,10/08/2019,54-A-2-9,Cease entering or leaving a fare-paid area of a rail transport station without paying the fare or presenting a valid transfer
3Z39896769,Animal Control and Humane Treatment,Open,01/26/2017,01/15/2017,01/26/2017,750.00,Dismiss with prejudice,05/09/2017,5-402-C,"An owner must vaccinate a cat, dog, or ferret older than 4 months of age against rabies and provide proof of the most recent vaccination to an animal control officer within 24 hours."
3Z40860235,Washington Metro. and Transit Auth. Police,Closed,05/01/2019,01/05/2019,04/08/2020,50.00,Default Judgment,07/09/2019,54-A-2-9,Cease entering or leaving a fare-paid area of a rail transport station without paying the fare or presenting a valid transfer
4Z40853929,Washington Metro. and Transit Auth. Police,Closed,08/23/2019,05/28/2019,04/08/2020,50.00,Default Judgment,09/10/2019,54-A-2-9,Cease entering or leaving a fare-paid area of a rail transport station without paying the fare or presenting a valid transfer
1Z36217000,Department of Housing and Community Affairs,Open,10/28/2016,09/28/2016,10/28/2016,500.00,Abatement Order entered,02/28/2017,26-9(b)(3),"Failure to maintain exterior surfaces free of flaking, peeling or loose paint and free of water seepage and against decay."
3Z36223652,Department of Housing and Community Affairs,Open,06/03/2019,05/24/2019,06/03/2019,500.00,Guilty,08/27/2019,26-13(c)(3),Occupying or allowing the occupancy of a condemned dwelling/structure.
5Z36225446,Department of Housing and Community Affairs,Open,11/15/2019,11/05/2019,11/15/2019,500.00,Stet Docket,02/18/2020,26-9(a)(4),Failure to maintain supplied facility in satisfactory working condition.
3Z36217254,Department of Housing and Community Affairs,Open,10/28/2016,10/20/2016,10/28/2016,500.00,Abatement Order entered,02/28/2017,26-9(a)(4),Failure to maintain supplied facility in satisfactory working condition.
4Z36217248,Department of Housing and Community Affairs,Open,10/28/2016,10/20/2016,10/28/2016,500.00,Abatement Order entered,02/28/2017,26-9(c)(1),"Failure to maintain plumbing fixture in good sanitary working condition free from defects, leaks, and other obstructions."
3Z40953020,Department of Permitting Services,Open,12/01/2016,10/31/2016,12/01/2016,1000.00,Abatement Order entered,02/21/2017,19-7,Comply with the conditions of the sediment control permit and the Notices of Violation
2Z39896572,Animal Control and Humane Treatment,Open,11/01/2017,08/30/2017,11/01/2017,500.00,Abatement Order entered,12/12/2017,5-203-C,Prevent the animal from having unwanted contact with a person or another domesticated animal at all times.
5Z41767878,Animal Control and Humane Treatment,Open,11/07/2019,11/04/2019,11/07/2019,100.00,Abatement Order entered,02/11/2020,5-203-A-1,Prevent the animal other than an altered cat to be at large
0Z41707708,Department of Permitting Services,Open,12/31/2018,12/11/2018,12/31/2018,500.00,Abatement Order entered,03/19/2019,59-3-1-6,Allowing the use of a residentially zoned lot as a staging and commerical storage lot
5Z42126089,Animal Control and Humane Treatment,Open,12/31/2019,11/23/2019,12/31/2019,100.00,,03/10/2020,5-203-a-9,Obtain and provide proof that an animal is licensed in Montgomery County
2Z36217358,Department of Housing and Community Affairs,Open,11/23/2016,11/14/2016,11/23/2016,500.00,Abatement Order entered,02/28/2017,26-9(a)(1),Failure to maintain item/structure in good repair.
0Z36217251,Department of Housing and Community Affairs,Open,10/28/2016,10/20/2016,10/28/2016,500.00,Abatement Order entered,02/28/2017,26-9(a)(1),Failure to maintain item/structure in good repair.
4Z41707166,Department of Permitting Services,Open,03/19/2019,02/25/2019,03/19/2019,500.00,Abatement Order entered,01/21/2020,8-24-a,Comply with the NOV requiring permits and inspections for large additions to the home
4Z42317328,False Alarm,Open,03/23/2020,03/02/2020,03/23/2020,500.00,Paid and Satisfied,,3a-4C(2),requesting police dispatch to a burglar alarm activation without providing the required alarm user registration number.
1Z39889606,Department of Environmental Protection,Closed,03/03/2020,02/27/2020,04/08/2020,500.00,Paid and Satisfied,,48-21-B,Cease the collection of solid waste within Montgomery County before the hours of 7:00 am and less than 500 feet of a residential or occupied structure
6Z36226252,Department of Housing and Community Affairs,Open,12/19/2019,12/06/2019,12/19/2019,500.00,,03/31/2020,26-9(a)(1),Failure to maintain item/structure in good repair.
0Z36213520,Department of Housing and Community Affairs,Closed,09/19/2014,09/11/2014,05/04/2020,500.00,Abatement Order Compliance,,26-9(c)(3),"Failure to maintain wall, ceiling, floor, interior woodwork, door, and/or windows in sound condition and good repair free of flaking, peeling, or loose paint."
4Z36226880,Department of Housing and Community Affairs,Open,01/21/2020,02/14/2020,01/21/2020,500.00,,,26-9(a)(2),"Failure to maintain door, window, and/or hatchway in sound working condition."
6Z36217369,Department of Housing and Community Affairs,Open,11/23/2016,11/14/2016,11/23/2016,500.00,Abatement Order entered,02/28/2017,26-8(b)(1),Failure to provide working smoke detector.
3Z36222336,Department of Housing and Community Affairs,Open,01/11/2019,12/31/2018,01/11/2019,500.00,,,26-7(e),Failure to maintain space water heater in good and safe working condition.
1Z39896571,Animal Control and Humane Treatment,Open,11/01/2017,08/30/2017,11/01/2017,100.00,Abatement Order entered,12/12/2017,5-203-A-1,Prevent the animal other than an altered cat to be at large
0Z36219442,Department of Housing and Community Affairs,Open,12/08/2017,11/28/2017,12/08/2017,500.00,,03/31/2020,26-14(a),"Failure to demolish, remove or repair a condemned structure"
0Z40860267,Washington Metro. and Transit Auth. Police,Closed,08/28/2019,08/09/2019,04/08/2020,50.00,Default Judgment,11/12/2019,54-A-2-9,Cease entering or leaving a fare-paid area of a rail transport station without paying the fare or presenting a valid transfer
0Z36213366,Department of Housing and Community Affairs,Closed,08/19/2014,08/12/2014,05/04/2020,500.00,Abatement Order Compliance,,26-9(a)(2),"Failure to maintain door, window, and/or hatchway in sound working condition."
2Z40853941,Washington Metro. and Transit Auth. Police,Closed,09/10/2019,08/31/2019,04/08/2020,50.00,Default Judgment,11/12/2019,54-A-2-9,Cease entering or leaving a fare-paid area of a rail transport station without paying the fare or presenting a valid transfer
3Z40860291,Washington Metro. and Transit Auth. Police,Closed,11/15/2018,10/11/2018,04/08/2020,50.00,Default Judgment,01/08/2019,54-A-2-9,Cease entering or leaving a fare-paid area of a rail transport station without paying the fare or presenting a valid transfer
0Z36217363,Department of Housing and Community Affairs,Open,11/23/2016,11/14/2016,11/23/2016,500.00,Abatement Order entered,02/28/2017,26-6(a),Failure to maintain electrical service in good safe working condition.
5Z36223710,Department of Housing and Community Affairs,Open,06/03/2019,05/28/2019,06/03/2019,500.00,,,26-9(a)(7),Failure to ensure utility services stay connected.
4Z36217234,Department of Housing and Community Affairs,Open,10/28/2016,10/20/2016,10/28/2016,500.00,Abatement Order entered,02/28/2017,26-9(c)(5),Failure to maintain floor covering in good repair and sanitary condition.
4Z36217360,Department of Housing and Community Affairs,Open,11/23/2016,11/14/2016,11/23/2016,500.00,Abatement Order entered,02/28/2017,26-9(a)(1),Failure to maintain item/structure in good repair.
4Z36221854,Department of Housing and Community Affairs,Open,11/02/2018,10/24/2018,11/02/2018,500.00,Abatement Order entered,02/26/2019,26-9(a)(2),"Failure to maintain door, window, and/or hatchway in sound working condition."
4Z36217367,Department of Housing and Community Affairs,Closed,11/23/2016,11/14/2016,05/04/2020,500.00,Abatement Order Compliance,,26-9(a)(2),"Failure to maintain door, window, and/or hatchway in sound working condition."
3Z36226732,Department of Housing and Community Affairs,Open,02/07/2020,02/03/2020,02/07/2020,500.00,,,26-9(a)(2),"Failure to maintain door, window, and/or hatchway in sound working condition."
5Z36225229,Department of Housing and Community Affairs,Open,11/15/2019,11/05/2019,11/15/2019,500.00,Stet Docket,02/18/2020,26-9(a)(4),Failure to maintain supplied facility in satisfactory working condition.
5Z36225313,Department of Housing and Community Affairs,Open,11/15/2019,11/05/2019,11/15/2019,500.00,Stet Docket,02/18/2020,26-9(a)(4),Failure to maintain supplied facility in satisfactory working condition.
6Z36224558,Department of Housing and Community Affairs,Open,09/06/2019,09/03/2019,09/06/2019,500.00,Abatement Order entered,01/28/2020,26-9(c)(3),"Failure to maintain wall, ceiling, floor, interior woodwork, door, and/or windows in sound condition and good repair free of flaking, peeling, or loose paint."
4Z36225375,Department of Housing and Community Affairs,Open,11/15/2019,11/05/2019,11/15/2019,500.00,Stet Docket,02/18/2020,26-9(a)(4),Failure to maintain supplied facility in satisfactory working condition.
4Z36224822,Department of Housing and Community Affairs,Open,10/11/2019,09/30/2019,10/11/2019,500.00,Continued,01/28/2020,26-9(a)(13),"Failure to remove, repair, and/or register unused vehicle"
2Z36219689,Department of Housing and Community Affairs,Open,01/29/2018,01/05/2018,01/29/2018,500.00,,,26-6(a),Failure to maintain electrical service in good safe working condition.
5z40854147,Washington Metro. and Transit Auth. Police,Closed,04/30/2019,04/02/2019,04/08/2020,50.00,Default Judgment,06/11/2019,54-A-2-9,Cease entering or leaving a fare-paid area of a rail transport station without paying the fare or presenting a valid transfer
2z40860290,Washington Metro. and Transit Auth. Police,Closed,11/15/2018,09/28/2018,04/08/2020,50.00,Default Judgment,01/08/2019,54-A-2-9,Cease entering or leaving a fare-paid area of a rail transport station without paying the fare or presenting a valid transfer
4Z36222687,Department of Housing and Community Affairs,Open,03/08/2019,02/26/2019,03/08/2019,500.00,,,26-9(a)(1),Failure to maintain item/structure in good repair.
1Z36225715,Department of Housing and Community Affairs,Open,12/05/2019,11/25/2019,12/05/2019,500.00,,03/31/2020,26-13(c)(3),Occupying or allowing the occupancy of a condemned dwelling/structure.
6Z36224460,Department of Housing and Community Affairs,Open,08/23/2019,08/15/2019,08/23/2019,500.00,Guilty,12/17/2019,26-9(a)(8),"Accumulating garbage or rubbish outside of approved storage container, garage or building."
3Z36217359,Department of Housing and Community Affairs,Open,11/23/2016,11/14/2016,11/23/2016,500.00,Abatement Order entered,02/28/2017,26-9(a)(2),"Failure to maintain door, window, and/or hatchway in sound working condition."
3Z36226697,Department of Housing and Community Affairs,Open,01/31/2020,01/27/2020,01/31/2020,500.00,,,26-9(a)(4),Failure to maintain supplied facility in satisfactory working condition.
2Z42316269,False Alarm,Open,11/10/2018,10/22/2018,11/10/2018,500.00,,,3a-4C(2),requesting police dispatch to a burglar alarm activation without providing the required alarm user registration number.
3Z42126199,Animal Control and Humane Treatment,Open,09/13/2019,09/05/2019,09/13/2019,250.00,Default Judgment,01/14/2020,5-402-C,"An owner must vaccinate a cat, dog, or ferret older than 4 months of age against rabies and provide proof of the most recent vaccination to an animal control officer within 24 hours."
2Z36217365,Department of Housing and Community Affairs,Open,11/23/2016,11/14/2016,11/23/2016,500.00,Abatement Order entered,02/28/2017,26-9(a)(2),"Failure to maintain door, window, and/or hatchway in sound working condition."
0Z42316855,False Alarm,Open,07/29/2019,06/24/2019,07/29/2019,500.00,,10/15/2019,3a-4C(2),requesting police dispatch to a burglar alarm activation without providing the required alarm user registration number.
TEST-Code,Office of the County Attorney,Open,08/07/2019,08/07/2019,08/07/2019,500.00,,,8-17-e,failure to obtain the final inspection for a mechanical permit
3Z42105262,Animal Control and Humane Treatment,Closed,12/31/2019,11/22/2019,04/20/2020,100.00,Paid and Satisfied,03/10/2020,5-203-A-1,Prevent the animal other than an altered cat to be at large
4Z36217227,Department of Housing and Community Affairs,Open,10/28/2016,10/20/2016,10/28/2016,500.00,Abatement Order entered,02/28/2017,26-9(c)(3),"Failure to maintain wall, ceiling, floor, interior woodwork, door, and/or windows in sound condition and good repair free of flaking, peeling, or loose paint."
1Z39896844,Animal Control and Humane Treatment,Open,05/16/2019,05/13/2019,05/16/2019,100.00,Guilty,03/31/2020,5-203-A-1,Prevent the animal other than an altered cat to be at large
1Z36217357,Department of Housing and Community Affairs,Open,11/23/2016,11/14/2016,11/23/2016,500.00,Abatement Order entered,02/28/2017,26-9(a)(2),"Failure to maintain door, window, and/or hatchway in sound working condition."
3Z42316991,False Alarm,Open,09/20/2019,09/03/2019,09/20/2019,500.00,,,3a-4C(2),requesting police dispatch to a burglar alarm activation without providing the required alarm user registration number.
2Z36222335,Department of Housing and Community Affairs,Open,01/11/2019,12/31/2018,01/11/2019,500.00,,,26-9(c)(1),"Failure to maintain plumbing fixture in good sanitary working condition free from defects, leaks, and other obstructions."
5Z36217242,Department of Housing and Community Affairs,Open,10/28/2016,10/20/2016,10/28/2016,500.00,Abatement Order entered,02/28/2017,26-9(a)(1),Failure to maintain item/structure in good repair.
5Z36222324,Department of Housing and Community Affairs,Open,01/11/2019,12/31/2018,01/11/2019,500.00,,,26-9(a)(1),Failure to maintain item/structure in good repair.
6Z39896289,Animal Control and Humane Treatment,Open,06/28/2018,06/07/2018,06/28/2018,100.00,Stet Docket,09/11/2018,5-203-A-1,Prevent the animal other than an altered cat to be at large
3Z36224618,Department of Housing and Community Affairs,Open,09/20/2019,09/10/2019,09/20/2019,500.00,,,26-9(b)(5),"Failure to maintain grounds: free of erosion or gullying; grass or weeds over 12 inches high; and/or shrubbery, trees, vines, hedges, and other vegetation, including dead trees and branches."
6Z40953226,Department of Permitting Services,Open,06/30/2017,06/01/2017,06/30/2017,500.00,Abatement Order entered,01/16/2018,59-3-1-6,Allowing the use of a residentially zoned lot as a staging and commerical storage lot
1Z40953438,Department of Permitting Services,Open,11/01/2017,09/27/2017,11/01/2017,1000.00,Abatement Order entered,01/16/2018,19-7,Comply with the conditions of the sediment control permit and the Notices of Violation
2Z36225233,Department of Housing and Community Affairs,Open,11/15/2019,11/05/2019,11/15/2019,500.00,Stet Docket,02/18/2020,26-9(a)(4),Failure to maintain supplied facility in satisfactory working condition.
4Z42317111,False Alarm,Closed,12/02/2019,11/13/2019,04/07/2020,500.00,Paid and Satisfied,03/10/2020,3a-4C(2),requesting police dispatch to a burglar alarm activation without providing the required alarm user registration number.
3Z36219018,Department of Housing and Community Affairs,Open,09/08/2017,09/01/2017,09/08/2017,500.00,Abatement Order entered,01/30/2018,26-9(a)(2),"Failure to maintain door, window, and/or hatchway in sound working condition."
0Z40861373,Washington Metro. and Transit Auth. Police,Closed,04/15/2019,03/24/2019,04/08/2020,50.00,Default Judgment,06/11/2019,54-A-2-9,Cease entering or leaving a fare-paid area of a rail transport station without paying the fare or presenting a valid transfer
1Z36217056,Department of Housing and Community Affairs,Open,10/18/2016,10/06/2016,10/18/2016,500.00,Abatement Order entered,02/28/2017,29-16(a),Operating a rental facility without first obtaining a rental facility license.
1Z36217371,Department of Housing and Community Affairs,Open,11/23/2016,11/14/2016,11/23/2016,500.00,Abatement Order entered,02/28/2017,26-9(a)(8),"Accumulating garbage or rubbish outside of approved storage container, garage or building."
0Z36227114,Department of Housing and Community Affairs,Open,03/23/2020,03/16/2020,03/23/2020,500.00,,,26-8(f),Failure to provide required address for the dwelling unit.
4Z36219005,Department of Housing and Community Affairs,Open,09/08/2017,08/29/2017,09/08/2017,500.00,Abatement Order entered,01/30/2018,26-9(b)(2),"Failure to maintain item in reasonable weather-tight, water-tight, and rodent proof manner."
2Z36225450,Department of Housing and Community Affairs,Open,11/15/2019,11/05/2019,11/15/2019,500.00,Stet Docket,02/18/2020,26-9(a)(4),Failure to maintain supplied facility in satisfactory working condition.
1Z36225022,Department of Housing and Community Affairs,Open,11/01/2019,10/21/2019,11/01/2019,500.00,,03/24/2020,26-9(a)(1),Failure to maintain item/structure in good repair.
2Z36217001,Department of Housing and Community Affairs,Open,10/28/2016,09/28/2016,10/28/2016,500.00,Abatement Order entered,02/28/2017,26-9(a)(1),Failure to maintain item/structure in good repair.
3Z36217366,Department of Housing and Community Affairs,Open,11/23/2016,11/14/2016,11/23/2016,500.00,Abatement Order entered,02/28/2017,26-9(a)(2),"Failure to maintain door, window, and/or hatchway in sound working condition."
2Z41707472,Department of Permitting Services,Open,01/03/2020,12/06/2019,01/03/2020,500.00,,,59-3-1-6,Allowing the use of a residentially zoned lot as a staging and commerical storage lot
6Z36219693,Department of Housing and Community Affairs,Open,01/29/2018,01/05/2018,01/29/2018,500.00,,,26-6(a),Failure to maintain electrical service in good safe working condition.
1Z36225512,Department of Housing and Community Affairs,Open,11/15/2019,11/05/2019,11/15/2019,500.00,Stet Docket,02/18/2020,26-9(a)(4),Failure to maintain supplied facility in satisfactory working condition.
5Z40854301,Washington Metro. and Transit Auth. Police,Open,08/27/2019,08/12/2019,08/27/2019,100.00,,,5-601,Possession of marijuana less than 10 grams
6Z36222668,Department of Housing and Community Affairs,Open,03/01/2019,02/19/2019,09/05/2019,500.00,Abatement Order Compliance,05/28/2019,26-9(a)(1),Failure to maintain item/structure in good repair.
3Z36227103,Department of Housing and Community Affairs,Closed,03/23/2020,03/11/2020,04/08/2020,500.00,Dismiss without prejudice,,26-9(a)(2),"Failure to maintain door, window, and/or hatchway in sound working condition."
4Z40850828,Washington Metro. and Transit Auth. Police,Open,12/11/2019,11/25/2019,12/11/2019,50.00,Guilty,02/11/2020,54-A-2-9,Cease entering or leaving a fare-paid area of a rail transport station without paying the fare or presenting a valid transfer
5Z40953176,Department of Permitting Services,Open,01/10/2017,04/25/2016,01/10/2017,500.00,Abatement Order entered,03/21/2017,59-3-1-6,Allowing the use of a residentially zoned lot as a staging and commerical storage lot
6Z36221597,Department of Housing and Community Affairs,Open,10/12/2018,10/02/2018,10/12/2018,500.00,Abatement Order entered,03/26/2019,26-9(a)(4),Failure to maintain supplied facility in satisfactory working condition.
4Z36224276,Department of Housing and Community Affairs,Open,07/29/2019,07/17/2019,07/29/2019,500.00,Continued,01/28/2020,26-9(a)(13),"Failure to remove, repair, and/or register unused vehicle"
4Z36226061,Department of Housing and Community Affairs,Open,12/19/2019,11/29/2019,12/19/2019,500.00,,,26-9(b)(5),"Failure to maintain grounds: free of erosion or gullying; grass or weeds over 12 inches high; and/or shrubbery, trees, vines, hedges, and other vegetation, including dead trees and branches."
5Z39890660,Department of Environmental Protection,Open,10/21/2019,10/15/2019,10/21/2019,150.00,Default Judgment,01/21/2020,48-03-c-3,failure to recycle the required materials (mixed paper in trash container; no recycling containers or recycling service)
6Z41706909,Department of Permitting Services,Open,05/25/2019,05/15/2019,05/25/2019,1000.00,Abatement Order entered,08/20/2019,19-2-a,Cease engaging into any land disturbing activity without first the proper permit from DPS.
0Z36219694,Department of Housing and Community Affairs,Open,01/29/2018,01/05/2018,01/29/2018,500.00,,,26-9(a)(4),Failure to maintain supplied facility in satisfactory working condition.
0Z41707120,Department of Permitting Services,Open,01/03/2020,12/26/2019,01/03/2020,500.00,,,8-24-a,Comply with the NOV requiring permits and inspections for large additions to the home
0z39892916,Department of Environmental Protection/Solid Waste,Open,10/19/2016,09/14/2016,10/19/2016,150.00,Abatement Order entered,03/21/2017,48-03-c-3,failure to recycle the required materials (mixed paper in trash container; no recycling containers or recycling service)
4Z40859956,Washington Metro. and Transit Auth. Police,Closed,09/04/2019,08/25/2019,04/08/2020,50.00,Default Judgment,11/12/2019,54-A-2-9,Cease entering or leaving a fare-paid area of a rail transport station without paying the fare or presenting a valid transfer
5Z39889799,Department of Environmental Protection,Open,06/30/2019,06/12/2019,06/30/2019,500.00,Defendant found in contempt,02/18/2020,31b-5-a,allowing the emergency generator to operate above the maximum allowable decibel limit set for nighttime standards..
4Z39911876,Department of Environmental Protection/Solid Waste,Open,12/20/2018,12/14/2018,12/20/2018,500.00,Default Judgment,04/16/2019,48-20-a,Obtain a collector's/haulers valid tag for the vehicle before transporting or collecting solid waste within Montgomery County
4Z36224654,Department of Housing and Community Affairs,Open,09/20/2019,09/16/2019,09/20/2019,500.00,,,26-9(a)(1),Failure to maintain item/structure in good repair.
4Z41708055,Department of Permitting Services,Open,09/06/2018,08/28/2018,09/06/2018,500.00,Paid and Satisfied,11/20/2018,59-6-2-5-L1,Parking vehicle on non-surfaced area of front yard
2Z36224225,Department of Housing and Community Affairs,Open,08/14/2019,07/11/2019,08/14/2019,500.00,Dismiss without prejudice,12/17/2019,26-9(a)(1),Failure to maintain item/structure in good repair.
1Z36225680,Department of Housing and Community Affairs,Open,12/05/2019,11/21/2019,12/05/2019,500.00,,03/31/2020,26-9(a)(4),Failure to maintain supplied facility in satisfactory working condition.
4Z36213349,Department of Housing and Community Affairs,Closed,08/19/2014,08/12/2014,05/04/2020,500.00,Abatement Order Compliance,,26-9(a)(1),Failure to maintain item/structure in good repair.
3Z39889419,Department of Environmental Protection,Open,04/17/2020,04/14/2020,04/17/2020,500.00,,,31B-5-B,Causing or permitting a noise disturbance
0Z36224482,Department of Housing and Community Affairs,Open,08/23/2019,08/20/2019,08/23/2019,500.00,,12/17/2019,26-9(b)(5),"Failure to maintain grounds: free of erosion or gullying; grass or weeds over 12 inches high; and/or shrubbery, trees, vines, hedges, and other vegetation, including dead trees and branches."
2Z36227039,Department of Housing and Community Affairs,Open,03/23/2020,03/05/2020,03/23/2020,500.00,,,26-6(a),Failure to maintain electrical service in good safe working condition.
3Z36225423,Department of Housing and Community Affairs,Open,11/15/2019,11/05/2019,11/15/2019,500.00,Stet Docket,02/18/2020,26-9(a)(4),Failure to maintain supplied facility in satisfactory working condition.
2Z36220431,Department of Housing and Community Affairs,Open,05/23/2018,05/15/2018,05/23/2018,500.00,Abatement Order entered,09/25/2018,26-9(b)(5),"Failure to maintain grounds: free of erosion or gullying; grass or weeds over 12 inches high; and/or shrubbery, trees, vines, hedges, and other vegetation, including dead trees and branches."
5Z36213357,Department of Housing and Community Affairs,Closed,08/19/2014,08/12/2014,05/04/2020,500.00,Abatement Order entered,,26-9(a)(2),"Failure to maintain door, window, and/or hatchway in sound working condition."
2Z36226759,Department of Housing and Community Affairs,Open,02/07/2020,02/03/2020,02/07/2020,500.00,,,26-9(a)(1),Failure to maintain item/structure in good repair.
5Z33973140,Washington Metro. and Transit Auth. Police,Open,02/12/2020,01/27/2020,02/12/2020,50.00,,,54-A-2-9,Cease entering or leaving a fare-paid area of a rail transport station without paying the fare or presenting a valid transfer
1Z36225141,Department of Housing and Community Affairs,Open,11/11/2019,10/30/2019,11/11/2019,500.00,,03/24/2020,26-9(a)(1),Failure to maintain item/structure in good repair.
6Z36225426,Department of Housing and Community Affairs,Open,11/15/2019,11/05/2019,11/15/2019,500.00,Stet Docket,02/18/2020,26-9(a)(4),Failure to maintain supplied facility in satisfactory working condition.
2Z41707458,Department of Permitting Services,Open,09/30/2019,09/05/2019,09/30/2019,500.00,Abatement Order entered,01/21/2020,59-6-2-5-L3(a),Parking more than three light commercial vehicles on the subject residentially zoned property
3Z40953440,Department of Permitting Services,Open,11/01/2017,09/27/2017,11/01/2017,1000.00,Abatement Order entered,01/16/2018,19-12-e,obtain the required inspections and approvals
6Z36227078,Department of Housing and Community Affairs,Open,03/23/2020,03/10/2020,03/23/2020,500.00,,,26-9(a)(2),"Failure to maintain door, window, and/or hatchway in sound working condition."
0Z36213345,Department of Housing and Community Affairs,Closed,08/19/2014,08/12/2014,05/04/2020,500.00,Abatement Order Compliance,,26-9(a)(2),"Failure to maintain door, window, and/or hatchway in sound working condition."
6Z36224320,Department of Housing and Community Affairs,Open,07/31/2019,07/23/2019,07/31/2019,500.00,Guilty,10/29/2019,26-9(a)(2),"Failure to maintain door, window, and/or hatchway in sound working condition."
0Z36219001,Department of Housing and Community Affairs,Open,09/08/2017,08/29/2017,09/08/2017,500.00,Abatement Order entered,01/30/2018,26-9(b)(3),"Failure to maintain exterior surfaces free of flaking, peeling or loose paint and free of water seepage and against decay."
2Z36227004,Department of Housing and Community Affairs,Open,03/23/2020,03/03/2020,03/23/2020,500.00,,,26-9(a)(8),"Accumulating garbage or rubbish outside of approved storage container, garage or building."
0Z33958764,Washington Metro. and Transit Auth. Police,Open,03/27/2020,03/13/2020,03/27/2020,50.00,,,54-A-2-9,Cease entering or leaving a fare-paid area of a rail transport station without paying the fare or presenting a valid transfer
4Z36226838,Department of Housing and Community Affairs,Open,01/21/2020,02/11/2020,01/21/2020,500.00,,,26-9(a)(13),"Failure to remove, repair, and/or register unused vehicle"
5Z42125998,Animal Control and Humane Treatment,Open,09/25/2018,09/20/2018,09/25/2018,150.00,Abatement Order entered,11/13/2018,5-203-A-1,Prevent the animal other than an altered cat to be at large
5Z40861322,Washington Metro. and Transit Auth. Police,Closed,08/27/2019,08/14/2019,04/08/2020,50.00,Default Judgment,11/12/2019,54-A-2-9,Cease entering or leaving a fare-paid area of a rail transport station without paying the fare or presenting a valid transfer
0Z39909555,Department of Environmental Protection/Solid Waste,Open,01/10/2020,12/21/2019,01/10/2020,500.00,,,48-19-A,Obtain a valid collectors license before collecting and transporting solid waste within the county.
2Z42211542,Animal Control and Humane Treatment,Open,03/31/2019,03/04/2019,03/31/2019,100.00,Default Judgment,05/14/2019,5-203-a-9,Obtain and provide proof that an animal is licensed in Montgomery County
6Z36224341,Department of Housing and Community Affairs,Open,07/31/2019,07/23/2019,07/31/2019,500.00,Guilty,10/29/2019,26-9(a)(4),Failure to maintain supplied facility in satisfactory working condition.
5Z41708049,Department of Permitting Services,Open,05/22/2019,04/23/2019,05/22/2019,500.00,Abatement Order entered,08/20/2019,26-9-a-13,"remove, repair and/or register the unused vehicle"
0Z36226834,Department of Housing and Community Affairs,Open,02/14/2020,02/11/2020,02/14/2020,500.00,,,26-9(a)(7),Failure to ensure utility services stay connected.
5Z40854658,Washington Metro. and Transit Auth. Police,Closed,11/30/2018,,04/08/2020,50.00,Default Judgment,03/12/2019,54-A-2-9,Cease entering or leaving a fare-paid area of a rail transport station without paying the fare or presenting a valid transfer
5Z33911491,Animal Control and Humane Treatment,Open,10/02/2019,09/06/2019,10/02/2019,500.00,Default Judgment,01/14/2020,5-203-a-5,"Prevent an animal from causing unsanitary, dangerous, or offensive conditions because of the size or number of the animals in a single location"
5Z42126488,Animal Control and Humane Treatment,Open,09/24/2018,09/05/2018,09/24/2018,100.00,Stet Docket,11/13/2018,5-203-a-9,Obtain and provide proof that an animal is licensed in Montgomery County
2Z36217484,Department of Housing and Community Affairs,Open,03/13/2017,12/08/2016,03/13/2017,500.00,Abatement Order entered,03/27/2017,26-14(a),"Failure to demolish, remove or repair a condemned structure"
2Z40571190,Taxicab,Open,11/28/2017,11/06/2017,11/28/2017,75.00,Default Judgment,01/16/2018,53-402,Cease smoking inside of the taxicab
3Z40859318,Washington Metro. and Transit Auth. Police,Closed,08/15/2019,07/30/2019,04/08/2020,50.00,Default Judgment,11/12/2019,54-A-2-9,Cease entering or leaving a fare-paid area of a rail transport station without paying the fare or presenting a valid transfer
1Z36222362,Department of Housing and Community Affairs,Open,01/11/2019,01/07/2019,01/11/2019,500.00,Abatement Order entered,03/26/2019,26-9(a)(13),"Failure to remove, repair, and/or register unused vehicle"
3Z40990176,Animal Control and Humane Treatment,Open,01/23/2017,01/08/2017,01/23/2017,100.00,,04/11/2017,5-203-A-1,Prevent the animal other than an altered cat to be at large
0Z40860225,Washington Metro. and Transit Auth. Police,Closed,04/15/2019,03/22/2019,04/08/2020,50.00,Default Judgment,06/11/2019,54-A-2-9,Cease entering or leaving a fare-paid area of a rail transport station without paying the fare or presenting a valid transfer
0Z36220289,Department of Housing and Community Affairs,Open,04/27/2018,04/19/2018,04/27/2018,500.00,Abatement Order entered,06/26/2018,26-13(c)(3),Occupying or allowing the occupancy of a condemned dwelling/structure.
1Z42299755,Health and Human Services,Open,02/10/2020,02/05/2020,02/10/2020,50.00,,,24-9-b-8,owning and operating adversed food service facility that allows smoking
3Z40953272,Department of Permitting Services,Open,03/21/2018,03/14/2018,03/21/2018,500.00,Abatement Order entered,06/19/2018,59-3-3-3(H-2)ii,Conducting business in the open yard area with outdoor storage of commercial  material and equipment
5Z36225110,Department of Housing and Community Affairs,Open,11/11/2019,10/30/2019,11/11/2019,500.00,,03/24/2020,26-8(a)(1),Failure to provide safe and unobstructed means of escape leading to safe and open space ground level.
1Z40860205,Washington Metro. and Transit Auth. Police,Closed,01/17/2019,01/17/2019,04/08/2020,50.00,Default Judgment,04/09/2019,54-A-2-9,Cease entering or leaving a fare-paid area of a rail transport station without paying the fare or presenting a valid transfer
1Z40952598,Department of Permitting Services,Open,04/21/2017,03/22/2017,04/21/2017,500.00,Abatement Order entered,01/16/2018,59-3-3-3(H-2)ii,Conducting business in the open yard area with outdoor storage of commercial  material and equipment
1Z36222348,Department of Housing and Community Affairs,Open,01/11/2019,01/03/2019,01/11/2019,500.00,,,26-9(a)(1),Failure to maintain item/structure in good repair.
6Z36226994,Department of Housing and Community Affairs,Open,03/23/2020,03/03/2020,03/23/2020,500.00,,,26-9(a)(1),Failure to maintain item/structure in good repair.
2Z40952599,Department of Permitting Services,Open,05/09/2017,04/19/2017,05/09/2017,500.00,Abatement Order entered,01/16/2018,59-3-1-6,Allowing the use of a residentially zoned lot as a staging and commerical storage lot
2Z39893394,Department of Environmental Protection-Solid Waste,Open,04/15/2019,03/20/2019,04/15/2019,100.00,Default Judgment,08/13/2019,48-03-c-3,failure to recycle the required materials (mixed paper in trash container; no recycling containers or recycling service)
6Z36225279,Department of Housing and Community Affairs,Open,11/15/2019,11/05/2019,11/15/2019,500.00,Stet Docket,02/18/2020,26-9(a)(4),Failure to maintain supplied facility in satisfactory working condition.
1Z36217784,Department of Housing and Community Affairs,Open,03/13/2017,03/06/2017,03/13/2017,500.00,,05/30/2017,26-9(a)(13),"Failure to remove, repair, and/or register unused vehicle"
0Z36226974,Department of Housing and Community Affairs,Open,03/03/2020,02/26/2020,03/03/2020,500.00,,,26-9(a)(4),Failure to maintain supplied facility in satisfactory working condition.
0Z33973128,Washington Metro. and Transit Auth. Police,Open,10/01/2019,09/17/2019,10/01/2019,50.00,Default Judgment,01/14/2020,54-A-2-9,Cease entering or leaving a fare-paid area of a rail transport station without paying the fare or presenting a valid transfer
2Z36219003,Department of Housing and Community Affairs,Open,09/08/2017,08/29/2017,09/08/2017,500.00,Abatement Order entered,01/30/2018,26-9(b)(5),"Failure to maintain grounds: free of erosion or gullying; grass or weeds over 12 inches high; and/or shrubbery, trees, vines, hedges, and other vegetation, including dead trees and branches."
5Z36225257,Department of Housing and Community Affairs,Open,11/15/2019,11/05/2019,11/15/2019,500.00,Stet Docket,02/18/2020,26-9(a)(4),Failure to maintain supplied facility in satisfactory working condition.
0Z40860778,Washington Metro. and Transit Auth. Police,Closed,03/15/2019,02/22/2019,04/08/2020,50.00,Default Judgment,06/11/2019,54-A-2-9,Cease entering or leaving a fare-paid area of a rail transport station without paying the fare or presenting a valid transfer
6Z42317358,False Alarm,Closed,04/21/2020,03/29/2020,04/28/2020,500.00,Paid and Satisfied,,3a-4C(2),requesting police dispatch to a burglar alarm activation without providing the required alarm user registration number.
0Z36227142,Department of Housing and Community Affairs,Open,03/24/2020,03/18/2020,03/24/2020,500.00,,,26-9(a)(1),Failure to maintain item/structure in good repair.
0Z36225028,Department of Housing and Community Affairs,Open,11/01/2019,10/21/2019,11/01/2019,500.00,,03/24/2020,26-9(a)(1),Failure to maintain item/structure in good repair.
6Z36225503,Department of Housing and Community Affairs,Open,11/15/2019,11/05/2019,11/15/2019,500.00,Stet Docket,02/18/2020,26-9(a)(4),Failure to maintain supplied facility in satisfactory working condition.
5Z39892949,Department of Environmental Protection/Solid Waste,Open,03/29/2017,03/03/2017,03/29/2017,100.00,,,48-03(c)7,"Failure to produce container(s) for recycling recyclables/mixed paper and commingles inside container for debris, recyclables as debris"
0Z36225455,Department of Housing and Community Affairs,Open,11/15/2019,11/05/2019,11/15/2019,500.00,Stet Docket,02/18/2020,26-9(a)(4),Failure to maintain supplied facility in satisfactory working condition.
2Z40860234,Washington Metro. and Transit Auth. Police,Closed,01/15/2019,12/14/2018,04/08/2020,10.00,Default Judgment,03/12/2019,54-A-2-9,Cease entering or leaving a fare-paid area of a rail transport station without paying the fare or presenting a valid transfer
2Z36226815,Department of Housing and Community Affairs,Open,01/21/2020,02/10/2020,01/21/2020,500.00,,,26-9(c)(3),"Failure to maintain wall, ceiling, floor, interior woodwork, door, and/or windows in sound condition and good repair free of flaking, peeling, or loose paint."
3Z42126024,Animal Control and Humane Treatment,Open,05/31/2019,05/03/2019,05/31/2019,500.00,Abatement Order entered,11/12/2019,5-402-C,Possessing unvaccinated dog
3Z40990400,Animal Control and Humane Treatment,Open,11/30/2017,09/15/2017,11/30/2017,500.00,Stet Docket,01/09/2018,5-203-C,Prevent the animal from having unwanted contact with a person or another domesticated animal at all times.
6Z42209173,Animal Control and Humane Treatment,Open,04/20/2020,04/19/2020,04/20/2020,100.00,,,5-203-A-1,Prevent the animal other than an altered cat to be at large
4Z36219691,Department of Housing and Community Affairs,Open,01/29/2018,01/05/2018,01/29/2018,500.00,,,26-9(a)(2),"Failure to maintain door, window, and/or hatchway in sound working condition."
3Z40952509,Department of Permitting Services,Open,02/22/2017,02/09/2017,02/22/2017,1000.00,,05/16/2017,19-16-a,"Refrain from engaging in any land disturbing activity and causing soil, earth, sand, gravel, rock, stone or other material to be deposited upon any public street or roadway."
1Z40860212,Washington Metro. and Transit Auth. Police,Closed,07/05/2019,06/19/2019,04/08/2020,50.00,Default Judgment,10/08/2019,54-A-2-9,Cease entering or leaving a fare-paid area of a rail transport station without paying the fare or presenting a valid transfer
4Z36224353,Department of Housing and Community Affairs,Open,07/31/2019,07/23/2019,07/31/2019,500.00,Guilty,10/29/2019,26-9(a)(1),Failure to maintain item/structure in good repair.
2Z40860437,Washington Metro. and Transit Auth. Police,Closed,07/31/2019,07/24/2019,04/08/2020,50.00,Default Judgment,10/08/2019,54-A-2-9,Cease entering or leaving a fare-paid area of a rail transport station without paying the fare or presenting a valid transfer
5Z36217781,Department of Housing and Community Affairs,Open,03/13/2017,03/06/2017,03/13/2017,500.00,,05/30/2017,26-9(a)(8),"Accumulating garbage or rubbish outside of approved storage container, garage or building."
4Z40953441,Department of Permitting Services,Open,11/01/2017,09/27/2017,11/01/2017,1000.00,Abatement Order entered,01/16/2018,19-19,failure to maintain the stormwater management facility in proper working condition.
4Z39889672,Department of Environmental Protection,Open,03/29/2017,03/07/2017,03/29/2017,500.00,Guilty,06/20/2017,31B-5-B,Causing or permitting a noise disturbance
3Z36226452,Department of Housing and Community Affairs,Open,12/19/2019,12/12/2019,12/19/2019,500.00,,,26-6(a),Failure to maintain electrical service in good safe working condition.
3Z36224464,Department of Housing and Community Affairs,Open,08/23/2019,08/15/2019,08/23/2019,500.00,Guilty,12/17/2019,26-9(b)(3),"Failure to maintain exterior surfaces free of flaking, peeling or loose paint and free of water seepage and against decay."
2Z36223560,Department of Housing and Community Affairs,Open,06/03/2019,05/20/2019,06/03/2019,500.00,Dismiss without prejudice,10/29/2019,26-9(a)(1),Failure to maintain item/structure in good repair.
5Z39912045,Department of Environmental Protection/Solid Waste,Open,03/12/2020,03/05/2020,03/12/2020,100.00,,,48-05-03-d,Cease delivering solid waste that is acceptable for recycling
6Z39889604,Department of Environmental Protection,Open,02/14/2020,02/06/2020,02/14/2020,500.00,,,48-21-B,Cease the collection of solid waste within Montgomery County before the hours of 7:00 am and less than 500 feet of a residential or occupied structure
3Z36227047,Department of Housing and Community Affairs,Open,03/23/2020,03/06/2020,03/23/2020,500.00,,,26-9(a)(8),"Accumulating garbage or rubbish outside of approved storage container, garage or building."
6Z36224173,Department of Housing and Community Affairs,Open,07/11/2019,07/03/2019,07/11/2019,500.00,Guilty,10/29/2019,26-9(a)(13),"Failure to remove, repair, and/or register unused vehicle"
4z42207365,Animal Control and Humane Treatment,Open,04/24/2020,04/22/2020,04/24/2020,100.00,,,5-203-A-1,Prevent the animal other than an altered cat to be at large
0Z42125902,Animal Control and Humane Treatment,Open,06/30/2018,05/23/2018,06/30/2018,500.00,Abatement Order entered,09/11/2018,5-203-C,Prevent the animal from having unwanted contact with a person or another domesticated animal at all times.
4Z42209171,Animal Control and Humane Treatment,Open,04/08/2020,03/29/2020,04/08/2020,100.00,,,5-203-A-1,Prevent the animal other than an altered cat to be at large
3Z36226872,Department of Housing and Community Affairs,Open,03/23/2020,02/13/2020,03/23/2020,500.00,,,26-9(c)(3),"Failure to maintain wall, ceiling, floor, interior woodwork, door, and/or windows in sound condition and good repair free of flaking, peeling, or loose paint."
0Z36226673,Department of Housing and Community Affairs,Open,01/31/2020,01/24/2020,01/31/2020,500.00,,,26-9(a)(13),"Failure to remove, repair, and/or register unused vehicle"
1z40858686,Washington Metro. and Transit Auth. Police,Closed,11/20/2018,10/17/2018,04/08/2020,50.00,Default Judgment,03/12/2019,54-A-2-9,Cease entering or leaving a fare-paid area of a rail transport station without paying the fare or presenting a valid transfer
5Z36227070,Department of Housing and Community Affairs,Open,03/23/2020,03/10/2020,03/23/2020,500.00,,,26-9(a)(1),Failure to maintain item/structure in good repair.
6Z36226819,Department of Housing and Community Affairs,Open,01/21/2020,02/11/2020,01/21/2020,500.00,,,26-9(c)(3),"Failure to maintain wall, ceiling, floor, interior woodwork, door, and/or windows in sound condition and good repair free of flaking, peeling, or loose paint."
2Z41707248,Department of Permitting Services,Open,07/11/2019,07/05/2019,07/11/2019,500.00,Abatement Order entered,11/19/2019,8-24-a,Comply with the NOV requiring permits and inspections for large additions to the home
4Z36222351,Department of Housing and Community Affairs,Open,01/11/2019,01/03/2019,01/11/2019,500.00,,,26-9(b)(3),"Failure to maintain exterior surfaces free of flaking, peeling or loose paint and free of water seepage and against decay."
5Z40861315,Washington Metro. and Transit Auth. Police,Closed,03/15/2019,02/16/2019,04/08/2020,50.00,Default Judgment,06/11/2019,54-A-2-9,Cease entering or leaving a fare-paid area of a rail transport station without paying the fare or presenting a valid transfer
6Z40953177,Department of Permitting Services,Open,01/09/2017,12/06/2016,01/09/2017,500.00,Abatement Order entered,03/21/2017,59-3-1-6,Allowing the use of a residentially zoned lot as a staging and commerical storage lot
3Z36213376,Department of Housing and Community Affairs,Closed,08/19/2014,08/12/2014,05/04/2020,500.00,Abatement Order Compliance,,26-6(a),Failure to maintain electrical service in good safe working condition.
6Z36224145,Department of Housing and Community Affairs,Open,07/19/2019,07/02/2019,07/19/2019,500.00,Guilty,10/29/2019,26-9(a)(1),Failure to maintain item/structure in good repair.
6Z41707357,Department of Permitting Services,Open,04/15/2020,04/06/2020,04/15/2020,750.00,,,8-17-e,failure to obtain the final inspection for a mechanical permit
4Z36226628,Department of Housing and Community Affairs,Open,01/16/2020,01/13/2020,01/16/2020,500.00,,,26-9(a)(4),Failure to maintain supplied facility in satisfactory working condition.
3Z36222378,Department of Housing and Community Affairs,Open,01/11/2019,01/09/2019,01/11/2019,500.00,Abatement Order entered,05/28/2019,26-9(a)(1),Failure to maintain item/structure in good repair.
1Z36219695,Department of Housing and Community Affairs,Open,01/29/2018,01/05/2018,01/29/2018,500.00,,,26-7(e),Failure to maintain space water heater in good and safe working condition.
5Z42317217,False Alarm,Open,03/03/2020,01/28/2020,03/03/2020,500.00,,,3a-4C(2),requesting police dispatch to a burglar alarm activation without providing the required alarm user registration number.
1Z41706932,Department of Environmental Protection/Solid Waste,Open,11/07/2019,11/01/2019,11/07/2019,,Abatement Order entered,01/21/2020,19-2-a,Cease engaging into any land disturbing activity without first the proper permit from DPS.
5Z40952616,Department of Permitting Services,Open,12/20/2016,12/07/2016,12/20/2016,500.00,Abatement Order entered,03/21/2017,59-3-1-6,Allowing the use of a residentially zoned lot as a staging and commerical storage lot
2Z40953439,Department of Permitting Services,Open,11/01/2017,09/27/2017,11/01/2017,1000.00,Abatement Order entered,01/16/2018,19-13-A,"Maintain in a good & effective condition and promptly repair or restore all grade surfaces, walls, drains, dams, and structures, plantings, vegetation, erosion and sediment control measures and other devices."
1Z40990398,Animal Control and Humane Treatment,Open,11/30/2017,09/15/2017,11/30/2017,100.00,Stet Docket,01/09/2018,5-201-A-1,Cease violating the general prohibitions against cruelty to the animal
5Z36221848,Department of Housing and Community Affairs,Open,11/02/2018,10/24/2018,11/02/2018,500.00,Abatement Order entered,02/26/2019,26-6(a),Failure to maintain electrical service in good safe working condition.
6Z40860791,Washington Metro. and Transit Auth. Police,Closed,09/18/2019,09/03/2019,04/08/2020,50.00,Default Judgment,12/10/2019,54-A-2-9,Cease entering or leaving a fare-paid area of a rail transport station without paying the fare or presenting a valid transfer
4Z36224171,Department of Housing and Community Affairs,Open,07/11/2019,07/03/2019,07/11/2019,500.00,Guilty,10/29/2019,26-9(b)(5),"Failure to maintain grounds: free of erosion or gullying; grass or weeds over 12 inches high; and/or shrubbery, trees, vines, hedges, and other vegetation, including dead trees and branches."
0Z42126287,Animal Control and Humane Treatment,Open,11/30/2018,11/21/2018,11/30/2018,100.00,Guilty,,5-203-A-1,Prevent the animal other than an altered cat to be at large
3Z36225402,Department of Housing and Community Affairs,Open,11/15/2019,11/05/2019,11/15/2019,500.00,Stet Docket,02/18/2020,26-9(a)(4),Failure to maintain supplied facility in satisfactory working condition.
3Z36224352,Department of Housing and Community Affairs,Open,07/31/2019,07/23/2019,07/31/2019,500.00,Guilty,10/29/2019,26-9(c)(1),"Failure to maintain plumbing fixture in good sanitary working condition free from defects, leaks, and other obstructions."
3Z36225528,Department of Housing and Community Affairs,Open,11/15/2019,11/05/2019,11/15/2019,500.00,Stet Docket,02/18/2020,26-9(a)(4),Failure to maintain supplied facility in satisfactory working condition.
2Z41707395,Department of Permitting Services,Open,12/30/2019,12/26/2019,12/30/2019,500.00,,,8-28-d,Occupying a substantially altered structure without a use and occupancy.
4Z41707369,Department of Permitting Services,Open,04/21/2020,04/16/2020,04/21/2020,500.00,,,8-17-e,failure to obtain the final inspection for a mechanical permit
1Z36219002,Department of Housing and Community Affairs,Open,09/08/2017,08/29/2017,09/08/2017,500.00,Abatement Order entered,01/30/2018,26-9(b)(2),"Failure to maintain item in reasonable weather-tight, water-tight, and rodent proof manner."
2Z36222377,Department of Housing and Community Affairs,Open,01/11/2019,01/09/2019,01/11/2019,500.00,Abatement Order entered,03/26/2019,26-13(c)(3),Occupying or allowing the occupancy of a condemned dwelling/structure.
0Z36213415,Department of Housing and Community Affairs,Closed,09/05/2014,08/19/2014,05/04/2020,500.00,Abatement Order Compliance,,26-9(a)(1),Failure to maintain item/structure in good repair.
0Z36217783,Department of Housing and Community Affairs,Open,03/13/2017,03/06/2017,03/13/2017,500.00,,05/30/2017,26-9(a)(13),"Failure to remove, repair, and/or register unused vehicle"
2Z39896642,Animal Control and Humane Treatment,Open,11/01/2017,09/22/2017,11/01/2017,100.00,Default Judgment,01/09/2018,5-203-A-1,Prevent the animal other than an altered cat to be at large
3Z36219690,Department of Housing and Community Affairs,Open,01/29/2018,01/05/2018,01/29/2018,500.00,,,26-6(a),Failure to maintain electrical service in good safe working condition.
5Z36219692,Department of Housing and Community Affairs,Open,01/29/2018,01/05/2018,01/29/2018,500.00,,,26-6(a),Failure to maintain electrical service in good safe working condition.
2Z36224890,Department of Housing and Community Affairs,Open,10/11/2019,10/03/2019,10/11/2019,500.00,Dismiss without prejudice,02/25/2020,26-9(a)(6),Failure to maintain premises in safe and sanitary condition.
3Z36219697,Department of Housing and Community Affairs,Open,01/29/2018,01/05/2018,01/29/2018,500.00,,,26-9(a)(4),Failure to maintain supplied facility in satisfactory working condition.
1Z36226856,Department of Housing and Community Affairs,Open,03/23/2020,02/13/2020,03/23/2020,500.00,,,26-9(b)(3),"Failure to maintain exterior surfaces free of flaking, peeling or loose paint and free of water seepage and against decay."
2Z42316290,False Alarm,Open,11/10/2018,10/22/2018,11/10/2018,500.00,,,3a-4C(2),requesting police dispatch to a burglar alarm activation without providing the required alarm user registration number.
3Z36221580,Department of Housing and Community Affairs,Open,10/12/2018,10/02/2018,10/12/2018,500.00,,05/14/2019,26-9(a)(1),Failure to maintain item/structure in good repair.
5Z36225621,Department of Housing and Community Affairs,Open,11/22/2019,11/13/2019,11/22/2019,500.00,,03/24/2020,26-9(b)(5),"Failure to maintain grounds: free of erosion or gullying; grass or weeds over 12 inches high; and/or shrubbery, trees, vines, hedges, and other vegetation, including dead trees and branches."
4Z40860194,Washington Metro. and Transit Auth. Police,Closed,07/16/2019,06/24/2019,04/08/2020,50.00,Default Judgment,10/08/2019,54-A-2-9,Cease entering or leaving a fare-paid area of a rail transport station without paying the fare or presenting a valid transfer
4Z40854363,Washington Metro. and Transit Auth. Police,Closed,09/10/2019,08/29/2019,04/08/2020,50.00,Default Judgment,11/12/2019,54-A-2-9,Cease entering or leaving a fare-paid area of a rail transport station without paying the fare or presenting a valid transfer
5Z36219027,Department of Housing and Community Affairs,Open,09/08/2017,09/05/2017,09/08/2017,500.00,Abatement Order entered,01/30/2018,26-9(a)(8),"Accumulating garbage or rubbish outside of approved storage container, garage or building."
4Z36222456,Department of Housing and Community Affairs,Open,02/06/2019,01/18/2019,02/06/2019,500.00,Guilty,04/23/2019,26-9(a)(1),Failure to maintain item/structure in good repair.
4Z36221294,Department of Housing and Community Affairs,Open,08/31/2108,08/23/2018,08/31/2108,500.00,Continued,11/27/2018,26-9(b)(5),"Failure to maintain grounds: free of erosion or gullying; grass or weeds over 12 inches high; and/or shrubbery, trees, vines, hedges, and other vegetation, including dead trees and branches."
3Z36226942,Department of Housing and Community Affairs,Open,03/03/2020,02/20/2020,03/03/2020,500.00,,,26-9(a)(13),"Failure to remove, repair, and/or register unused vehicle"
3Z42317278,False Alarm,Open,03/03/2020,01/28/2020,03/03/2020,500.00,,,3a-4C(2),requesting police dispatch to a burglar alarm activation without providing the required alarm user registration number.
2Z42317361,False Alarm,Closed,04/21/2020,03/29/2020,04/28/2020,500.00,Paid and Satisfied,,3a-4C(2),requesting police dispatch to a burglar alarm activation without providing the required alarm user registration number.
1Z36219688,Department of Housing and Community Affairs,Open,01/29/2018,01/05/2018,01/29/2018,500.00,,,26-9(a)(2),"Failure to maintain door, window, and/or hatchway in sound working condition."
4Z36226817,Department of Housing and Community Affairs,Open,01/21/2020,02/11/2020,01/21/2020,500.00,,,26-9(a)(4),Failure to maintain supplied facility in satisfactory working condition.
2Z42317298,False Alarm,Open,03/23/2020,03/02/2020,03/23/2020,500.00,Paid and Satisfied,,3a-4C(2),requesting police dispatch to a burglar alarm activation without providing the required alarm user registration number.
4Z36221602,Department of Housing and Community Affairs,Open,10/12/2018,10/02/2018,10/12/2018,500.00,Abatement Order entered,03/26/2019,26-9(a)(1),Failure to maintain item/structure in good repair.
1z39896214,Animal Control and Humane Treatment,Open,11/30/2017,10/01/2017,11/30/2017,500.00,Abatement Order entered,01/09/2018,5-203-C,Prevent the animal from having unwanted contact with a person or another domesticated animal at all times.
3Z42209149,Animal Control and Humane Treatment,Open,11/06/2019,10/23/2019,11/06/2019,100.00,Default Judgment,02/11/2020,5-203-A-1,Prevent the animal other than an altered cat to be at large
6Z42209138,Animal Control and Humane Treatment,Open,09/13/2019,09/04/2019,09/13/2019,100.00,,11/12/2019,5-203-A-1,Prevent the animal other than an altered cat to be at large
3Z41767834,Animal Control and Humane Treatment,Open,02/21/2020,02/20/2020,02/21/2020,500.00,,,5-203-C,Prevent the animal from having unwanted contact with a person or another domesticated animal at all times.
3Z41707606,Department of Permitting Services,Open,03/23/2020,02/27/2020,03/23/2020,500.00,,,59-6-2-5-L4,"Failure to comply with violation notice, prohibiting commercial vehicles in excess of one within the R-90 zone."
0Z36224874,Department of Housing and Community Affairs,Open,10/23/2019,10/03/2019,10/23/2019,500.00,Abatement Order entered,02/25/2020,26-7(e)(3),Failure to provide heat supply capable of maintaining temperature of at least 68 degrees.
5Z36226510,Department of Housing and Community Affairs,Open,12/30/2019,12/18/2019,12/30/2019,500.00,,,26-9(a)(1),Failure to maintain item/structure in good repair.
4Z41707383,Department of Permitting Services,Open,07/11/2019,06/11/2019,07/11/2019,500.00,Guilty,09/17/2019,8-28-f,FAILURE TO OBTAIN A CERTIFICATE OF USE AND OCCUPANCY FOR CHANGE OF USE TO NEW HOME SALES MODEL
1Z36221585,Department of Housing and Community Affairs,Open,10/12/2018,10/02/2018,03/27/2019,500.00,Abatement Order entered,01/29/2019,26-9(a)(8),"Accumulating garbage or rubbish outside of approved storage container, garage or building."
1Z36221837,Department of Housing and Community Affairs,Open,11/02/2018,10/24/2018,11/02/2018,500.00,Abatement Order entered,02/26/2019,26-9(a)(1),Failure to maintain item/structure in good repair.
3Z40952600,Department of Permitting Services,Open,05/10/2017,04/26/2017,05/10/2017,500.00,Abatement Order entered,01/16/2018,26-9(A)(13),"Failure to remove, repair, and/or register unused vehicle"
2Z36224295,Department of Housing and Community Affairs,Open,07/31/2019,07/22/2019,07/31/2019,500.00,Guilty,10/29/2019,26-9(a)(8),"Accumulating garbage or rubbish outside of approved storage container, garage or building."
2Z41767840,Animal Control and Humane Treatment,Open,04/16/2020,04/08/2020,04/16/2020,500.00,,,5-201-b,Provide shade and shelterfor an animal on a 90 degrees day.
2Z36226717,Department of Housing and Community Affairs,Open,02/07/2020,01/30/2020,02/07/2020,500.00,,,26-9(a)(8),"Accumulating garbage or rubbish outside of approved storage container, garage or building."
1Z36225218,Department of Housing and Community Affairs,Open,11/15/2019,11/05/2019,11/15/2019,500.00,Stet Docket,02/18/2020,26-9(a)(4),Failure to maintain supplied facility in satisfactory working condition.
3Z40615515,Washington Metro. and Transit Auth. Police,Closed,05/01/2019,04/11/2019,04/08/2020,50.00,Default Judgment,07/09/2019,54-A-2-9,Cease entering or leaving a fare-paid area of a rail transport station without paying the fare or presenting a valid transfer
6Z40855065,Washington Metro. and Transit Auth. Police,Closed,04/25/2019,03/26/2019,04/08/2020,50.00,Default Judgment,06/11/2019,54-A-2-9,Cease entering or leaving a fare-paid area of a rail transport station without paying the fare or presenting a valid transfer
2Z40952508,Department of Permitting Services,Open,02/22/2017,02/07/2017,02/22/2017,1000.00,,05/16/2017,19-16-a,"Refrain from engaging in any land disturbing activity and causing soil, earth, sand, gravel, rock, stone or other material to be deposited upon any public street or roadway."
2Z40854424,Washington Metro. and Transit Auth. Police,Closed,04/30/2019,04/02/2019,04/08/2020,50.00,Default Judgment,06/11/2019,54-A-2-9,Cease entering or leaving a fare-paid area of a rail transport station without paying the fare or presenting a valid transfer
2Z36225051,Department of Housing and Community Affairs,Open,11/01/2019,10/24/2019,11/01/2019,500.00,,03/24/2020,26-14(a),"Failure to demolish, remove or repair a condemned structure"
4Z42126088,Animal Control and Humane Treatment,Open,12/31/2019,11/23/2019,12/31/2019,500.00,,03/10/2020,5-402-C,Possessing unvaccinated dog
6Z36226420,Department of Housing and Community Affairs,Open,12/30/2019,12/11/2019,12/30/2019,500.00,,,26-9(a)(1),Failure to maintain item/structure in good repair.
0Z36221213,Department of Housing and Community Affairs,Open,08/24/2018,08/16/2018,08/24/2018,500.00,Continued,10/30/2018,26-9(b)(4),"Failure to maintain apron, driveway, sidewalk, walkway, parking lot, and/or patio in good serviceable and safe condition."
4Z39889609,Department of Environmental Protection,Open,04/17/2020,04/14/2020,04/17/2020,500.00,,,31-B-5-b,Cease creating a noise disturbance by allowing amplified music to be played for several hours
6Z36223480,Department of Housing and Community Affairs,Open,05/22/2019,05/14/2019,05/22/2019,500.00,Dismiss without prejudice,08/27/2019,26-9(a)(1),Failure to maintain item/structure in good repair.
6Z40859706,Washington Metro. and Transit Auth. Police,Closed,08/23/2019,05/30/2019,04/08/2020,50.00,Default Judgment,09/10/2019,54-A-2-9,Cease entering or leaving a fare-paid area of a rail transport station without paying the fare or presenting a valid transfer
6Z41707805,Department of Permitting Services,Open,03/06/2020,03/03/2020,03/06/2020,1000.00,,,19-2-a,Cease engaging into any land disturbing activity without first the proper permit from DPS.
2Z36222349,Department of Housing and Community Affairs,Open,01/11/2019,01/03/2019,01/11/2019,500.00,,,26-9(a)(4),Failure to maintain supplied facility in satisfactory working condition.
5Z40860209,Washington Metro. and Transit Auth. Police,Closed,05/15/2019,05/03/2019,04/08/2020,50.00,Default Judgment,08/13/2019,54-A-2-9,Cease entering or leaving a fare-paid area of a rail transport station without paying the fare or presenting a valid transfer
0Z36225105,Department of Housing and Community Affairs,Open,11/11/2019,10/30/2019,11/11/2019,500.00,,03/24/2020,26-8(b)(1),Failure to provide working smoke detector.
5Z36217480,Department of Housing and Community Affairs,Open,03/13/2017,12/08/2016,03/13/2017,500.00,Abatement Order entered,04/25/2017,26-9(a)(8),"Accumulating garbage or rubbish outside of approved storage container, garage or building."
2Z42316318,False Alarm,Open,11/10/2018,10/22/2018,11/10/2018,500.00,,,3a-4C(2),requesting police dispatch to a burglar alarm activation without providing the required alarm user registration number.
1Z41782574,Board of License Commissioners,Open,02/18/2020,12/05/2019,02/18/2020,1000.00,,,24-11-B(1)(i),"Did or did offer to deliver, dispense, issue, give away or sell a tobacco product to a minor"
4Z36213069,Department of Housing and Community Affairs,Closed,06/20/2014,06/11/2014,05/04/2020,500.00,Paid and Satisfied,,26-9(a)(1),Failure to maintain item/structure in good repair.
2Z36219696,Department of Housing and Community Affairs,Open,01/29/2018,01/05/2018,01/29/2018,500.00,,,26-6(a),Failure to maintain electrical service in good safe working condition.
6Z41708057,Department of Permitting Services,Open,09/19/2018,09/11/2018,09/19/2018,500.00,Abatement Order entered,01/19/2019,59-3-3-3(H-2)ii,Conducting business in the open yard area with outdoor storage of commercial  material and equipment
5Z42316860,False Alarm,Open,07/29/2019,06/24/2019,07/29/2019,500.00,,10/15/2019,3a-4C(5),Requesting police dispatch to a burglar alarm activation after having been notified that the alarm user was in a suspended police response status.
3Z40854355,Washington Metro. and Transit Auth. Police,Closed,08/23/2019,05/28/2019,04/08/2020,50.00,Default Judgment,09/10/2019,54-A-2-9,Cease entering or leaving a fare-paid area of a rail transport station without paying the fare or presenting a valid transfer
0Z39896822,Animal Control and Humane Treatment,Open,01/17/2017,11/23/2016,01/17/2017,100.00,Abatement Order entered,04/11/2017,5-203-A-1,Prevent the animal other than an altered cat to be at large
1Z36217637,Department of Housing and Community Affairs,Open,01/25/2017,01/18/2017,01/25/2017,500.00,Abatement Order entered,04/25/2017,26-9(a)(4),Failure to maintain supplied facility in satisfactory working condition.
0Z36225483,Department of Housing and Community Affairs,Open,11/15/2019,11/05/2019,11/15/2019,500.00,Stet Docket,02/18/2020,26-9(a)(4),Failure to maintain supplied facility in satisfactory working condition.
0Z36219008,Department of Housing and Community Affairs,Open,09/08/2017,08/29/2017,09/08/2017,500.00,Abatement Order entered,01/30/2018,26-9(a)(2),"Failure to maintain door, window, and/or hatchway in sound working condition."
0Z36217643,Department of Housing and Community Affairs,Open,01/25/2017,01/18/2017,01/25/2017,500.00,Abatement Order entered,04/25/2017,26-9(a)(4),Failure to maintain supplied facility in satisfactory working condition.
5Z36217585,Department of Housing and Community Affairs,Open,01/25/2017,01/09/2017,01/25/2017,500.00,Continued,05/23/2017,26-9(a)(12),Failure to eliminate public nuisance.
3Z36226515,Department of Housing and Community Affairs,Open,12/30/2019,12/18/2019,12/30/2019,500.00,,,26-9(a)(7),Failure to ensure utility services stay connected.
0Z41707400,Department of Permitting Services,Open,01/31/2020,01/29/2020,01/31/2020,500.00,,,8-17-e,failure to obtain the final inspection for a mechanical permit
3Z36225339,Department of Housing and Community Affairs,Open,11/15/2019,11/05/2019,11/15/2019,500.00,Stet Docket,02/18/2020,26-9(a)(4),Failure to maintain supplied facility in satisfactory working condition.
4Z36217633,Department of Housing and Community Affairs,Open,01/25/2017,01/18/2017,01/25/2017,500.00,Abatement Order entered,04/25/2017,26-9(a)(2),"Failure to maintain door, window, and/or hatchway in sound working condition."
6Z39889793,Department of Environmental Protection,Open,05/11/2018,04/27/2018,05/11/2018,500.00,Defendant found in contempt,01/14/2020,31b-5-a,allowing the emergency generator to operate above the maximum allowable decibel limit set for nighttime standards..
6Z40990130,Animal Control and Humane Treatment,Open,08/19/2019,08/08/2019,08/19/2019,100.00,,11/12/2019,5-203-a-3,Prevent an animal from entering a private property without the property owners's permission
2Z40990357,Animal Control and Humane Treatment,Open,07/31/2018,07/07/2018,07/31/2018,100.00,Abatement Order entered,09/11/2018,5-203-A-1,Prevent the animal other than an altered cat to be at large
6Z36226308,Department of Housing and Community Affairs,Open,12/19/2019,12/06/2019,12/19/2019,500.00,,03/31/2020,26-9(a)(1),Failure to maintain item/structure in good repair.
3Z36213362,Department of Housing and Community Affairs,Closed,08/19/2014,08/12/2014,05/04/2020,500.00,Abatement Order Compliance,,26-9(b)(1),"Failure to maintain item in reasonable weather-tight, water-tight, and rodent proof condition, free from foreign matter and capable of affording privacy."
0Z42317289,False Alarm,Closed,03/23/2020,03/02/2020,04/07/2020,500.00,Paid and Satisfied,,3a-4C(5),Requesting police dispatch to a burglar alarm activation after having been notified that the alarm user was in a suspended police response status.
5Z42126166,Animal Control and Humane Treatment,Open,05/31/2019,05/21/2019,05/31/2019,100.00,Abatement Order entered,01/28/2020,5-203-a-9,Obtain and provide proof that an animal is licensed in Montgomery County
1Z40854157,Washington Metro. and Transit Auth. Police,Closed,05/15/2019,04/19/2019,04/08/2020,50.00,Default Judgment,08/13/2019,54-A-2-9,Cease entering or leaving a fare-paid area of a rail transport station without paying the fare or presenting a valid transfer
4Z36218690,Department of Housing and Community Affairs,Open,08/11/2017,08/07/2017,08/11/2017,500.00,Abatement Order entered,01/23/2018,26-9(A)(13),"Failure to remove, repair, and/or register unused vehicle"
6Z42209159,Animal Control and Humane Treatment,Open,11/06/2019,10/28/2019,11/06/2019,100.00,,03/10/2020,5-203-A-1,Prevent the animal other than an altered cat to be at large
0Z33973135,Washington Metro. and Transit Auth. Police,Open,11/25/2019,11/06/2019,11/25/2019,50.00,,02/11/2020,54-A-2-9,Cease entering or leaving a fare-paid area of a rail transport station without paying the fare or presenting a valid transfer
0Z36217636,Department of Housing and Community Affairs,Open,01/25/2017,01/18/2017,01/25/2017,500.00,Abatement Order entered,04/25/2017,26-9(c)(3),"Failure to maintain wall, ceiling, floor, interior woodwork, door, and/or windows in sound condition and good repair free of flaking, peeling, or loose paint."
5Z36225551,Department of Housing and Community Affairs,Open,11/15/2019,11/05/2019,11/15/2019,500.00,Stet Docket,02/18/2020,26-9(a)(4),Failure to maintain supplied facility in satisfactory working condition.
2Z36224183,Department of Housing and Community Affairs,Open,07/19/2019,07/05/2019,07/19/2019,500.00,Abatement Order entered,01/21/2020,26-9(a)(4),Failure to maintain supplied facility in satisfactory working condition.
6Z36221296,Department of Housing and Community Affairs,Open,08/31/2108,08/23/2018,08/31/2108,500.00,Continued,11/27/2018,26-9(b)(3),"Failure to maintain exterior surfaces free of flaking, peeling or loose paint and free of water seepage and against decay."
4Z42210179,Animal Control and Humane Treatment,Open,04/20/2020,04/13/2020,04/20/2020,500.00,,,5-301-e,interference with the enforcement of an AC law
6Z36226350,Department of Housing and Community Affairs,Open,12/19/2019,12/06/2019,12/19/2019,500.00,,03/31/2020,26-8(e),Failure to supply/ install/ maintain required locks.
3Z42126262,Animal Control and Humane Treatment,Open,11/15/2018,09/05/2018,11/15/2018,500.00,Abatement Order entered,04/09/2019,5-402-C,Possessing unvaccinated dog
6Z40860406,Washington Metro. and Transit Auth. Police,Closed,10/01/2018,09/25/2018,04/08/2020,50.00,Default Judgment,12/11/2018,54-A-2-9,Cease entering or leaving a fare-paid area of a rail transport station without paying the fare or presenting a valid transfer
5Z40859334,Washington Metro. and Transit Auth. Police,Closed,07/21/2019,07/16/2019,04/08/2020,50.00,Default Judgment,10/08/2019,54-A-2-9,Cease entering or leaving a fare-paid area of a rail transport station without paying the fare or presenting a valid transfer
1Z40860436,Washington Metro. and Transit Auth. Police,Closed,08/15/2019,07/22/2019,04/08/2020,50.00,Default Judgment,10/08/2019,54-A-2-9,Cease entering or leaving a fare-paid area of a rail transport station without paying the fare or presenting a valid transfer
3Z36225234,Department of Housing and Community Affairs,Open,11/15/2019,11/05/2019,11/15/2019,500.00,Stet Docket,02/18/2020,26-9(a)(4),Failure to maintain supplied facility in satisfactory working condition.
1Z36225484,Department of Housing and Community Affairs,Open,11/15/2019,11/05/2019,11/15/2019,500.00,Stet Docket,02/18/2020,26-9(a)(4),Failure to maintain supplied facility in satisfactory working condition.
0Z36226533,Department of Housing and Community Affairs,Open,01/16/2020,12/26/2019,01/16/2020,500.00,,,26-6(a),Failure to maintain electrical service in good safe working condition.
0Z41707372,Department of Permitting Services,Open,04/21/2020,04/16/2020,04/21/2020,500.00,,,8-17-e,failure to obtain the final inspection for a mechanical permit
5Z36217634,Department of Housing and Community Affairs,Open,01/25/2017,01/18/2017,01/25/2017,500.00,Abatement Order entered,04/25/2017,26-9(a)(2),"Failure to maintain door, window, and/or hatchway in sound working condition."
1Z36225127,Department of Housing and Community Affairs,Open,11/11/2019,10/30/2019,11/11/2019,500.00,,03/24/2020,26-8(a)(1),Failure to provide safe and unobstructed means of escape leading to safe and open space ground level.
0Z39896290,Animal Control and Humane Treatment,Open,06/28/2018,06/17/2018,06/28/2018,100.00,Stet Docket,09/11/2018,5-203-A-6,Prevent the animal from creating or causing noise that is loud and persistent enough to disturb another person's quiet enjoyment.
3Z36217632,Department of Housing and Community Affairs,Open,01/25/2017,01/18/2017,01/25/2017,500.00,Abatement Order entered,04/25/2017,26-9(a)(2),"Failure to maintain door, window, and/or hatchway in sound working condition."
5Z36211103,Department of Housing and Community Affairs,Closed,06/07/2013,05/24/2013,05/04/2020,500.00,Dismiss without prejudice,05/14/2014,26-9(a)(1),Failure to maintain item/structure in good repair.
2Z36226787,Department of Housing and Community Affairs,Open,02/07/2020,02/03/2020,02/07/2020,500.00,,,26-9(a)(4),Failure to maintain supplied facility in satisfactory working condition.
1Z36217630,Department of Housing and Community Affairs,Open,01/25/2017,01/18/2017,01/25/2017,500.00,Abatement Order entered,04/25/2017,26-9(c)(1),"Failure to maintain plumbing fixture in good sanitary working condition free from defects, leaks, and other obstructions."
2z40990399,Animal Control and Humane Treatment,Open,11/30/2017,09/15/2017,11/30/2017,100.00,Stet Docket,01/09/2018,5-203-a-3,Prevent an animal from entering a private property without the property owners's permission
1Z36226814,Department of Housing and Community Affairs,Open,02/14/2020,02/10/2020,02/14/2020,500.00,,,48-24(a),Failure to remove solid waste (abandoned/non-functional vehicle).
6Z40990452,Animal Control and Humane Treatment,Open,01/17/2017,12/04/2016,01/17/2017,500.00,Abatement Order entered,04/11/2017,5-203-C,Prevent the animal from having unwanted contact with a person or another domesticated animal at all times.
6Z39896198,Animal Control and Humane Treatment,Open,11/15/2017,10/01/2017,11/15/2017,750.00,Abatement Order entered,01/09/2018,5-402-C,Possessing unvaccinated dog
3Z36213369,Department of Housing and Community Affairs,Closed,08/19/2014,08/12/2014,05/04/2020,500.00,Abatement Order entered,,26-9(a)(1),Failure to maintain item/structure in good repair.
5Z40853937,Washington Metro. and Transit Auth. Police,Closed,07/17/2019,07/09/2019,04/08/2020,50.00,Default Judgment,09/10/2019,54-A-2-9,Cease entering or leaving a fare-paid area of a rail transport station without paying the fare or presenting a valid transfer
1Z36224987,Department of Housing and Community Affairs,Open,11/22/2019,10/16/2019,11/22/2019,500.00,,03/24/2020,26-9(a)(4),Failure to maintain supplied facility in satisfactory working condition.
0Z40854142,Washington Metro. and Transit Auth. Police,Closed,04/15/2019,03/05/2019,04/08/2020,50.00,Default Judgment,06/11/2019,54-A-2-9,Cease entering or leaving a fare-paid area of a rail transport station without paying the fare or presenting a valid transfer
2Z40850777,Washington Metro. and Transit Auth. Police,Closed,11/20/2018,10/24/2018,04/08/2020,50.00,Default Judgment,01/08/2019,54-A-2-9,Cease entering or leaving a fare-paid area of a rail transport station without paying the fare or presenting a valid transfer
5Z39895630,Animal Control and Humane Treatment,Open,01/10/2017,12/28/2016,01/10/2017,200.00,Stet Docket,04/11/2017,5-203-a-9,Obtain and provide proof that an animal is licensed in Montgomery County
4Z40990177,Animal Control and Humane Treatment,Open,01/23/2017,01/08/2017,01/23/2017,500.00,Stet Docket,04/11/2017,5-203-C,Prevent the animal from having unwanted contact with a person or another domesticated animal at all times.
3Z36217639,Department of Housing and Community Affairs,Open,01/25/2017,01/18/2017,01/25/2017,500.00,Abatement Order entered,04/25/2017,26-9(c)(3),"Failure to maintain wall, ceiling, floor, interior woodwork, door, and/or windows in sound condition and good repair free of flaking, peeling, or loose paint."
4Z36218424,Department of Housing and Community Affairs,Open,06/29/2017,06/19/2017,06/29/2017,500.00,Stet Docket,01/23/2018,26-9(a)(13),"Failure to remove, repair, and/or register unused vehicle"
4Z36217640,Department of Housing and Community Affairs,Open,01/25/2017,01/18/2017,01/25/2017,500.00,Abatement Order entered,04/25/2017,26-9(a)(2),"Failure to maintain door, window, and/or hatchway in sound working condition."
3Z39895684,Animal Control and Humane Treatment,Open,10/01/2019,09/24/2019,10/01/2019,100.00,Stet Docket,01/14/2020,5-203-A-1,Prevent the animal other than an altered cat to be at large
2Z42125995,Animal Control and Humane Treatment,Open,09/12/2018,09/08/2018,09/12/2018,500.00,Abatement Order entered,11/13/2018,5-203-A-1,Prevent the animal other than an altered cat to be at large
4Z40990233,Animal Control and Humane Treatment,Open,02/16/2017,01/17/2017,02/16/2017,100.00,Continued,05/09/2017,5-203-a-9,Obtain and provide proof that an animal is licensed in Montgomery County
4Z42317349,False Alarm,Closed,04/21/2020,03/29/2020,04/22/2020,500.00,Paid and Satisfied,,3a-4C(5),Requesting police dispatch to a burglar alarm activation after having been notified that the alarm user was in a suspended police response status.
4Z36225130,Department of Housing and Community Affairs,Open,11/11/2019,10/30/2019,11/11/2019,500.00,,03/24/2020,26-8(a)(1),Failure to provide safe and unobstructed means of escape leading to safe and open space ground level.
4Z36219026,Department of Housing and Community Affairs,Open,09/08/2017,09/05/2017,09/08/2017,500.00,Abatement Order entered,01/30/2018,26-9(a)(1),Failure to maintain item/structure in good repair.
0Z42317296,False Alarm,Open,03/23/2020,03/02/2020,03/23/2020,500.00,Paid and Satisfied,,3a-4C(2),requesting police dispatch to a burglar alarm activation without providing the required alarm user registration number.
2Z42317347,False Alarm,Open,04/21/2020,03/29/2020,04/21/2020,500.00,,,3a-4C(2),requesting police dispatch to a burglar alarm activation without providing the required alarm user registration number.
0Z40860239,Washington Metro. and Transit Auth. Police,Closed,03/15/2019,02/02/2019,04/08/2020,50.00,Default Judgment,07/09/2019,54-A-2-9,Cease entering or leaving a fare-paid area of a rail transport station without paying the fare or presenting a valid transfer
6Z41707693,Department of Permitting Services,Open,10/11/2019,09/23/2019,10/11/2019,500.00,Continued,03/31/2020,59-3-1-6,Allowing the use of a residentially zoned lot as a staging and commerical storage lot
6Z39895631,Animal Control and Humane Treatment,Open,01/10/2017,12/28/2016,01/10/2017,500.00,Stet Docket,04/11/2017,5-402-C,Possessing unvaccinated dog
1Z39889487,Department of Environmental Protection,Open,04/15/2020,03/17/2020,04/15/2020,500.00,,,31B-5-B,Causing or permitting a noise disturbance
5Z36225544,Department of Housing and Community Affairs,Open,11/15/2019,11/05/2019,11/15/2019,500.00,Stet Docket,02/18/2020,26-9(a)(4),Failure to maintain supplied facility in satisfactory working condition.
2Z36223721,Department of Housing and Community Affairs,Open,06/03/2019,05/29/2019,06/03/2019,500.00,Guilty,08/27/2019,26-9(a)(8),"Accumulating garbage or rubbish outside of approved storage container, garage or building."
4Z36221840,Department of Housing and Community Affairs,Open,11/02/2018,10/24/2018,11/02/2018,500.00,Abatement Order entered,02/26/2019,26-9(a)(1),Failure to maintain item/structure in good repair.
6Z39889415,Department of Environmental Protection,Open,01/21/2020,11/22/2019,01/21/2020,500.00,,,31-B-5-b,Cease creating a noise disturbance by allowing amplified music to be played for several hours
6Z36222080,Department of Housing and Community Affairs,Open,12/11/2018,11/29/2018,12/11/2018,500.00,,02/26/2019,26-9(a)(1),Failure to maintain item/structure in good repair.
3Z36222679,Department of Housing and Community Affairs,Open,03/01/2019,02/25/2019,03/01/2019,500.00,Abatement Order entered,05/28/2019,26-9(a)(1),Failure to maintain item/structure in good repair.
3Z36225472,Department of Housing and Community Affairs,Open,11/15/2019,11/05/2019,11/15/2019,500.00,Stet Docket,02/18/2020,26-9(a)(4),Failure to maintain supplied facility in satisfactory working condition.
1Z39896623,Animal Control and Humane Treatment,Open,01/17/2017,11/23/2016,01/17/2017,500.00,Abatement Order entered,04/11/2017,5-203-C,Prevent the animal from having unwanted contact with a person or another domesticated animal at all times.
5Z42317350,False Alarm,Closed,04/21/2020,03/29/2020,04/22/2020,500.00,Paid and Satisfied,,3a-4C(2),requesting police dispatch to a burglar alarm activation without providing the required alarm user registration number.
6Z36226532,Department of Housing and Community Affairs,Open,01/16/2020,12/26/2019,01/16/2020,500.00,,,29-5(c),Failure to provide access for inspection.
3Z42317369,False Alarm,Closed,04/21/2020,03/29/2020,04/22/2020,500.00,Paid and Satisfied,,3a-4c(4),Requesting police dispatch to a burglar alarm activation without providing either the required alarm user registration or alarm business license number.
0Z42317338,False Alarm,Closed,03/23/2020,03/02/2020,04/08/2020,500.00,Paid and Satisfied,,3a-4C(2),requesting police dispatch to a burglar alarm activation without providing the required alarm user registration number.
0Z36217629,Department of Housing and Community Affairs,Open,01/25/2017,01/18/2017,01/25/2017,500.00,Abatement Order entered,04/25/2017,26-9(a)(9),"Failure to exterminate insects, rodents, or other vermin."
5Z36217564,Department of Housing and Community Affairs,Open,01/13/2017,01/04/2017,01/13/2017,500.00,Abatement Order entered,04/25/2017,26-9(a)(2),"Failure to maintain door, window, and/or hatchway in sound working condition."
5Z36225558,Department of Housing and Community Affairs,Open,11/15/2019,11/05/2019,11/15/2019,500.00,Stet Docket,02/18/2020,26-9(a)(4),Failure to maintain supplied facility in satisfactory working condition.
4Z36222568,Department of Housing and Community Affairs,Open,02/22/2019,02/07/2019,02/22/2019,500.00,Abatement Order entered,06/25/2019,29-16(a),Operating a rental facility without first obtaining a rental facility license.
5Z36224431,Department of Housing and Community Affairs,Open,08/14/2019,08/12/2019,08/14/2019,500.00,,12/17/2019,26-9(a)(13),"Failure to remove, repair, and/or register unused vehicle"
0Z40855213,Washington Metro. and Transit Auth. Police,Closed,09/18/2019,09/12/2019,04/08/2020,50.00,Default Judgment,12/10/2019,54-A-2-9,Cease entering or leaving a fare-paid area of a rail transport station without paying the fare or presenting a valid transfer
1Z36225470,Department of Housing and Community Affairs,Open,11/15/2019,11/05/2019,11/15/2019,500.00,Stet Docket,02/18/2020,26-9(a)(4),Failure to maintain supplied facility in satisfactory working condition.
6Z40614328,Washington Metro. and Transit Auth. Police,Closed,03/15/2019,02/05/2019,04/08/2020,50.00,Default Judgment,05/14/2019,54-A-2-9,Cease entering or leaving a fare-paid area of a rail transport station without paying the fare or presenting a valid transfer
5Z42317294,False Alarm,Open,03/23/2020,03/02/2020,03/23/2020,500.00,Paid and Satisfied,,3a-4C(2),requesting police dispatch to a burglar alarm activation without providing the required alarm user registration number.
3Z39896293,Animal Control and Humane Treatment,Open,07/31/2018,07/12/2018,07/31/2018,100.00,Abatement Order entered,09/11/2018,5-203-A-1,Prevent the animal other than an altered cat to be at large
0Z42317387,False Alarm,Closed,04/21/2020,03/29/2020,04/22/2020,500.00,Paid and Satisfied,,3a-4C(2),requesting police dispatch to a burglar alarm activation without providing the required alarm user registration number.
2Z41707451,Department of Permitting Services,Open,07/11/2019,07/02/2019,07/11/2019,500.00,Continued,11/19/2019,59-3-1-6,Allowing the use of a residentially zoned lot as a staging and commerical storage lot
5Z36225285,Department of Housing and Community Affairs,Open,11/15/2019,11/05/2019,11/15/2019,500.00,Stet Docket,02/18/2020,26-9(a)(4),Failure to maintain supplied facility in satisfactory working condition.
5Z41767976,Animal Control and Humane Treatment,Open,04/08/2020,04/03/2020,04/08/2020,500.00,,,5-402-a,Vaccinate the animal and provide proof of vaccination to the MC Animal Services Division
1Z39893344,Department of Environmental Protection/Solid Waste,Open,08/01/2018,07/20/2018,08/01/2018,100.00,Guilty,11/20/2018,48-03-c-3,failure to recycle the required materials (mixed paper in trash container; no recycling containers or recycling service)
2Z36217645,Department of Housing and Community Affairs,Open,01/25/2017,01/18/2017,01/25/2017,500.00,Abatement Order entered,04/25/2017,26-9(c)(5),Failure to maintain floor covering in good repair and sanitary condition.
1Z36225414,Department of Housing and Community Affairs,Open,11/15/2019,11/05/2019,11/15/2019,500.00,Stet Docket,02/18/2020,26-9(a)(4),Failure to maintain supplied facility in satisfactory working condition.
6Z36225244,Department of Housing and Community Affairs,Open,11/15/2019,11/05/2019,11/15/2019,500.00,Stet Docket,02/18/2020,26-9(a)(4),Failure to maintain supplied facility in satisfactory working condition.
4Z36225312,Department of Housing and Community Affairs,Open,11/15/2019,11/05/2019,11/15/2019,500.00,Stet Docket,02/18/2020,26-9(a)(4),Failure to maintain supplied facility in satisfactory working condition.
0Z42210182,Animal Control and Humane Treatment,Open,04/17/2020,04/13/2020,04/17/2020,500.00,,,5-301-g,A person must not conceal or falsely deny ownership of any animal to any person authorized to enforce an animal control law.
5Z40912409,Washington Metro. and Transit Auth. Police,Open,12/31/2017,11/25/2017,12/31/2017,100.00,,,53-317-a-2,sleeping a cab while parked at a cab stand
2Z36217638,Department of Housing and Community Affairs,Open,01/25/2017,01/18/2017,01/25/2017,500.00,Abatement Order entered,04/25/2017,26-9(c)(3),"Failure to maintain wall, ceiling, floor, interior woodwork, door, and/or windows in sound condition and good repair free of flaking, peeling, or loose paint."
5Z36226881,Department of Housing and Community Affairs,Open,01/21/2020,02/14/2020,01/21/2020,500.00,,,26-9(a)(2),"Failure to maintain door, window, and/or hatchway in sound working condition."
1Z36226849,Department of Housing and Community Affairs,Open,03/03/2020,02/13/2020,03/03/2020,500.00,,,26-9(a)(1),Failure to maintain item/structure in good repair.
5Z36225439,Department of Housing and Community Affairs,Open,11/15/2019,11/05/2019,11/15/2019,500.00,Stet Docket,02/18/2020,26-9(a)(4),Failure to maintain supplied facility in satisfactory working condition.
5Z41707111,Department of Permitting Services,Open,12/05/2019,11/21/2019,12/05/2019,500.00,,,8-24-a,Comply with the NOV requiring permits and inspections for large additions to the home
4Z36225067,Department of Housing and Community Affairs,Open,11/01/2019,10/29/2019,11/01/2019,500.00,,03/24/2020,26-9(a)(8),"Accumulating garbage or rubbish outside of approved storage container, garage or building."
3Z42126955,Department of Environmental Protection/Solid Waste,Open,10/25/2018,10/15/2018,10/25/2018,100.00,,,48-05-03-d,Cease delivering solid waste that is acceptable for recycling
3Z42126423,Animal Control and Humane Treatment,Open,11/01/2018,10/01/2018,11/01/2018,750.00,Abatement Order entered,02/12/2019,5-402-C,Possessing unvaccinated dog
2Z36225429,Department of Housing and Community Affairs,Open,11/15/2019,11/05/2019,11/15/2019,500.00,Stet Docket,02/18/2020,26-9(a)(4),Failure to maintain supplied facility in satisfactory working condition.
4Z36226446,Department of Housing and Community Affairs,Open,12/19/2019,12/12/2019,12/19/2019,500.00,,,26-9(a)(1),Failure to maintain item/structure in good repair.
2Z36224897,Department of Housing and Community Affairs,Open,10/11/2019,10/07/2019,10/11/2019,500.00,Abatement Order entered,02/25/2020,26-9(b)(3),"Failure to maintain exterior surfaces free of flaking, peeling or loose paint and free of water seepage and against decay."
1Z40860184,Washington Metro. and Transit Auth. Police,Closed,09/04/2019,08/24/2019,04/08/2020,50.00,Default Judgment,11/12/2019,54-A-2-9,Cease entering or leaving a fare-paid area of a rail transport station without paying the fare or presenting a valid transfer
4Z36224689,Department of Housing and Community Affairs,Open,01/14/2020,09/18/2019,01/14/2020,500.00,Abatement Order entered,01/28/2020,26-9(a)(1),Failure to maintain item/structure in good repair.
1Z36222453,Department of Housing and Community Affairs,Open,02/06/2019,01/18/2019,02/06/2019,500.00,Guilty,04/23/2019,26-9(c)(3),"Failure to maintain wall, ceiling, floor, interior woodwork, door, and/or windows in sound condition and good repair free of flaking, peeling, or loose paint."
6Z39892019,Department of Permitting Services,Open,03/19/2019,02/25/2019,03/19/2019,750.00,Guilty,06/18/2019,8-4,Comply with the state and local code requirements for the plumbing work associated with renovations and additions done to the premises without the required permits.
5Z40854553,Washington Metro. and Transit Auth. Police,Closed,01/15/2019,12/31/2018,04/08/2020,50.00,Default Judgment,03/12/2019,54-A-2-9,Cease entering or leaving a fare-paid area of a rail transport station without paying the fare or presenting a valid transfer
6Z40851908,Washington Metro. and Transit Auth. Police,Closed,11/30/2018,11/10/2018,04/08/2020,50.00,Default Judgment,04/09/2019,54-A-2-9,Cease entering or leaving a fare-paid area of a rail transport station without paying the fare or presenting a valid transfer
0Z36219876,Department of Housing and Community Affairs,Open,05/17/2018,02/05/2018,05/17/2018,500.00,Show Cause Order,04/30/2019,26-9(b)(3),"Failure to maintain exterior surfaces free of flaking, peeling or loose paint and free of water seepage and against decay."
5Z40953351,Department of Permitting Services,Open,12/01/2016,10/24/2016,12/01/2016,500.00,Abatement Order entered,04/18/2017,8-24-a,Comply with the NOV requiring permits and inspections for large additions to the home
3Z36222665,Department of Housing and Community Affairs,Open,03/01/2019,02/19/2019,03/01/2019,500.00,Abatement Order Compliance,05/28/2019,26-9(a)(1),Failure to maintain item/structure in good repair.
0Z36223362,Department of Housing and Community Affairs,Open,05/07/2019,05/02/2019,05/07/2019,500.00,Guilty,08/27/2019,26-9(a)(1),Failure to maintain item/structure in good repair.
2Z41706786,Department of Permitting Services,Open,05/17/2018,04/12/2018,05/17/2018,500.00,Guilty,04/30/2018,59-4-4-4-B-1,Maximum lot coverage exceeds 35 percent in a R-60 zone
0Z36227079,Department of Housing and Community Affairs,Open,03/23/2020,03/10/2020,03/23/2020,500.00,,,26-9(c)(5),Failure to maintain floor covering in good repair and sanitary condition.
5Z39895518,Animal Control and Humane Treatment,Open,11/18/2016,11/11/2016,11/18/2016,100.00,Abatement Order entered,04/11/2017,5-203-A-1,Prevent the animal other than an altered cat to be at large
3Z36218598,Department of Housing and Community Affairs,Open,07/28/2017,07/24/2017,07/28/2017,500.00,Abatement Order entered,02/27/2018,26-9(b)(4),"Failure to maintain apron, driveway, sidewalk, walkway, parking lot, and/or patio in good serviceable and safe condition."
0Z36226764,Department of Housing and Community Affairs,Open,02/07/2020,02/03/2020,02/07/2020,500.00,,,26-9(b)(1),"Failure to maintain item in reasonable weather-tight, water-tight, and rodent proof condition, free from foreign matter and capable of affording privacy."
5Z36226776,Department of Housing and Community Affairs,Open,02/07/2020,02/03/2020,02/07/2020,500.00,,,26-9(c)(5),Failure to maintain floor covering in good repair and sanitary condition.
1Z42211702,Animal Control and Humane Treatment,Open,09/16/2019,09/08/2019,09/16/2019,100.00,Dismiss without prejudice,12/10/2019,5-203-a-9,Obtain and provide proof that an animal is licensed in Montgomery County
3Z40860193,Washington Metro. and Transit Auth. Police,Closed,07/17/2019,07/09/2019,04/08/2020,50.00,Default Judgment,09/10/2019,54-A-2-9,Cease entering or leaving a fare-paid area of a rail transport station without paying the fare or presenting a valid transfer
6Z36219042,Department of Housing and Community Affairs,Open,10/06/2017,09/12/2017,10/06/2017,500.00,Abatement Order entered,02/27/2018,26-9(a)(13),"Failure to remove, repair, and/or register unused vehicle"
1Z36225386,Department of Housing and Community Affairs,Open,11/15/2019,11/05/2019,11/15/2019,500.00,Stet Docket,02/18/2020,26-9(a)(4),Failure to maintain supplied facility in satisfactory working condition.
5Z42125823,Animal Control and Humane Treatment,Open,04/30/2019,04/16/2019,04/30/2019,100.00,Abatement Order entered,07/09/2019,5-203-A-1,Prevent the animal other than an altered cat to be at large
1Z36222383,Department of Housing and Community Affairs,Open,01/11/2019,01/09/2019,01/11/2019,500.00,Abatement Order entered,05/28/2019,26-9(b)(3),"Failure to maintain exterior surfaces free of flaking, peeling or loose paint and free of water seepage and against decay."
6Z40859874,Washington Metro. and Transit Auth. Police,Open,03/12/2020,03/03/2020,03/12/2020,50.00,,,54-A-2-9,Cease entering or leaving a fare-paid area of a rail transport station without paying the fare or presenting a valid transfer
3Z40717029,Police Department,Open,01/23/2017,12/08/2016,01/23/2017,500.00,Guilty,04/11/2017,48-11,Deposited solid waste upon the property of another without written consent
3Z41707361,Department of Permitting Services,Open,04/15/2020,04/06/2020,04/15/2020,750.00,,,8-17-e,failure to obtain the final inspection for a mechanical permit
2Z36218996,Department of Housing and Community Affairs,Open,09/08/2017,08/29/2017,09/08/2017,500.00,Abatement Order entered,02/27/2018,26-9(a)(2),"Failure to maintain door, window, and/or hatchway in sound working condition."
2Z42299504,Health and Human Services,Open,02/18/2020,02/11/2020,02/18/2020,500.00,,,24-11-c-1-c,Cease the operation of an unlicensed massage establishment without a license issued annually by the Montgomery County Department of Health and Human Services as required.
4Z33973048,Washington Metro. and Transit Auth. Police,Open,11/05/2019,10/24/2019,11/05/2019,50.00,,02/11/2020,54-A-2-9,Cease entering or leaving a fare-paid area of a rail transport station without paying the fare or presenting a valid transfer
3Z36226046,Department of Housing and Community Affairs,Open,12/05/2019,11/26/2019,12/05/2019,500.00,,03/31/2020,26-9(a)(1),Failure to maintain item/structure in good repair.
1Z36223426,Department of Housing and Community Affairs,Open,05/22/2019,05/08/2019,05/22/2019,500.00,Abatement Order entered,10/22/2019,26-9(a)(8),"Accumulating garbage or rubbish outside of approved storage container, garage or building."
6Z36220729,Department of Housing and Community Affairs,Open,06/22/2018,06/14/2018,06/22/2018,500.00,Default Judgment,10/23/2018,26-9(b)(5),"Failure to maintain grounds: free of erosion or gullying; grass or weeds over 12 inches high; and/or shrubbery, trees, vines, hedges, and other vegetation, including dead trees and branches."
6Z36218594,Department of Housing and Community Affairs,Open,07/28/2017,07/24/2017,07/28/2017,500.00,Abatement Order entered,02/27/2018,26-9(b)(1),"Failure to maintain item in reasonable weather-tight, water-tight, and rodent proof condition, free from foreign matter and capable of affording privacy."
2Z36224323,Department of Housing and Community Affairs,Open,07/31/2019,07/23/2019,07/31/2019,500.00,Guilty,10/29/2019,26-9(a)(2),"Failure to maintain door, window, and/or hatchway in sound working condition."
5Z36217641,Department of Housing and Community Affairs,Open,01/25/2017,01/18/2017,01/25/2017,500.00,Abatement Order entered,04/25/2017,26-9(c)(5),Failure to maintain floor covering in good repair and sanitary condition.
6Z40990179,Animal Control and Humane Treatment,Open,02/16/2017,01/22/2017,02/16/2017,100.00,Guilty,04/11/2017,5-203-A-1,Prevent the animal other than an altered cat to be at large
0Z40953367,Department of Permitting Services,Open,02/14/2017,02/03/2017,08/09/2018,500.00,Default Judgment,12/17/2019,8-24-a,Comply with the NOV requiring permits and inspections for large additions to the home
5Z36218593,Department of Housing and Community Affairs,Open,07/28/2017,07/24/2017,07/28/2017,500.00,Abatement Order entered,02/27/2018,26-6(a),Failure to maintain electrical service in good safe working condition.
3Z36224625,Department of Housing and Community Affairs,Open,09/17/2019,09/10/2019,09/17/2019,500.00,Guilty,12/17/2019,26-9(a)(8),"Accumulating garbage or rubbish outside of approved storage container, garage or building."
4Z40990478,Animal Control and Humane Treatment,Open,01/10/2017,12/21/2016,01/10/2017,100.00,Guilty,03/14/2017,5-203-a-3,Prevent an animal from entering a private property without the property owners's permission
0Z36227107,Department of Housing and Community Affairs,Closed,03/23/2020,03/11/2020,04/08/2020,500.00,Dismiss without prejudice,,26-9(a)(2),"Failure to maintain door, window, and/or hatchway in sound working condition."
1Z41110840,Office of Consumer Protection,Open,07/15/2019,06/21/2019,07/15/2019,500.00,,10/08/2019,11-4-y,taking payment for automotive body repairs without performing the repairs
5Z36226713,Department of Housing and Community Affairs,Open,02/07/2020,01/29/2020,02/07/2020,500.00,,,29-5(c),Failure to provide access for inspection.
4Z36213363,Department of Housing and Community Affairs,Closed,08/19/2014,08/12/2014,05/04/2020,500.00,Abatement Order Compliance,,26-9(a)(4),Failure to maintain supplied facility in satisfactory working condition.
4Z36220706,Department of Housing and Community Affairs,Open,07/18/2018,06/12/2018,07/18/2018,500.00,Guilty,02/26/2019,26-9(a)(1),Failure to maintain item/structure in good repair.
6Z40615749,Washington Metro. and Transit Auth. Police,Closed,01/31/2019,01/22/2019,04/08/2020,50.00,Default Judgment,04/09/2019,54-A-2-9,Cease entering or leaving a fare-paid area of a rail transport station without paying the fare or presenting a valid transfer
3Z36226662,Department of Housing and Community Affairs,Open,01/31/2020,01/22/2020,01/31/2020,500.00,,,26-9(a)(4),Failure to maintain supplied facility in satisfactory working condition.
0Z36223649,Department of Housing and Community Affairs,Open,06/03/2019,05/24/2019,06/03/2019,500.00,Guilty,08/27/2019,26-13(c)(3),Occupying or allowing the occupancy of a condemned dwelling/structure.
6Z40851201,Washington Metro. and Transit Auth. Police,Closed,05/01/2019,04/17/2019,04/08/2020,50.00,Default Judgment,07/09/2019,54-A-2-9,Cease entering or leaving a fare-paid area of a rail transport station without paying the fare or presenting a valid transfer
1Z36224189,Department of Housing and Community Affairs,Open,07/19/2019,07/09/2019,07/19/2019,500.00,Guilty,10/29/2019,26-9(a)(2),"Failure to maintain door, window, and/or hatchway in sound working condition."
6Z40859405,Washington Metro. and Transit Auth. Police,Closed,05/15/2019,02/19/2019,04/08/2020,50.00,Default Judgment,07/09/2019,54-A-2-9,Cease entering or leaving a fare-paid area of a rail transport station without paying the fare or presenting a valid transfer
5Z40990178,Animal Control and Humane Treatment,Open,02/16/2017,01/22/2017,02/16/2017,500.00,Guilty,04/11/2017,5-203-C,Prevent the animal from having unwanted contact with a person or another domesticated animal at all times.
3Z40990358,Animal Control and Humane Treatment,Open,07/31/2018,07/07/2018,07/31/2018,500.00,Abatement Order entered,09/11/2018,5-203-C,Prevent the animal from having unwanted contact with a person or another domesticated animal at all times.
4Z40851444,Washington Metro. and Transit Auth. Police,Closed,08/23/2019,06/11/2019,04/08/2020,50.00,Default Judgment,09/10/2019,54-A-2-9,Cease entering or leaving a fare-paid area of a rail transport station without paying the fare or presenting a valid transfer
3Z36216512,Department of Housing and Community Affairs,Open,05/27/2016,05/20/2016,10/02/2017,500.00,Body Attachment issued,02/27/2018,26-6(a),Failure to maintain electrical service in good safe working condition.
0Z40854695,Washington Metro. and Transit Auth. Police,Closed,05/01/2019,04/12/2019,04/08/2020,50.00,Default Judgment,07/09/2019,54-A-2-9,Cease entering or leaving a fare-paid area of a rail transport station without paying the fare or presenting a valid transfer
3Z40854362,Washington Metro. and Transit Auth. Police,Closed,07/12/2019,07/17/2019,04/08/2020,50.00,Default Judgment,10/08/2019,54-A-2-9,Cease entering or leaving a fare-paid area of a rail transport station without paying the fare or presenting a valid transfer
6Z36217635,Department of Housing and Community Affairs,Open,01/25/2017,01/18/2017,01/25/2017,500.00,Abatement Order entered,04/25/2017,26-9(c)(1),"Failure to maintain plumbing fixture in good sanitary working condition free from defects, leaks, and other obstructions."
2Z36226969,Department of Housing and Community Affairs,Open,03/03/2020,02/26/2020,03/03/2020,500.00,,,26-9(c)(1),"Failure to maintain plumbing fixture in good sanitary working condition free from defects, leaks, and other obstructions."
3Z36226319,Department of Housing and Community Affairs,Open,12/19/2019,12/06/2019,12/19/2019,500.00,,03/31/2020,26-8(f),Failure to provide required address for the dwelling unit.
4Z40614326,Washington Metro. and Transit Auth. Police,Closed,03/20/2019,02/13/2019,04/08/2020,50.00,Default Judgment,06/11/2019,54-A-2-9,Cease entering or leaving a fare-paid area of a rail transport station without paying the fare or presenting a valid transfer
4Z40850485,Washington Metro. and Transit Auth. Police,Closed,05/31/2019,04/16/2019,04/08/2020,50.00,Default Judgment,07/09/2019,54-A-2-9,Cease entering or leaving a fare-paid area of a rail transport station without paying the fare or presenting a valid transfer
6Z42211644,Animal Control and Humane Treatment,Open,08/19/2019,08/04/2019,08/19/2019,100.00,,11/12/2019,5-203-a-3,Prevent an animal from entering a private property without the property owners's permission
1Z36217644,Department of Housing and Community Affairs,Open,01/25/2017,01/18/2017,01/25/2017,500.00,Abatement Order entered,04/25/2017,26-6(a),Failure to maintain electrical service in good safe working condition.
5Z40851277,Washington Metro. and Transit Auth. Police,Closed,09/10/2019,09/02/2019,04/08/2020,50.00,Default Judgment,11/12/2019,54-A-2-9,Cease entering or leaving a fare-paid area of a rail transport station without paying the fare or presenting a valid transfer
3Z40852458,Washington Metro. and Transit Auth. Police,Open,04/20/2017,03/11/2017,04/20/2017,100.00,,,5-601,Possession of marijuana less than 10 grams
3Z36224142,Department of Housing and Community Affairs,Open,07/19/2019,07/02/2019,07/19/2019,500.00,Guilty,10/29/2019,26-9(a)(1),Failure to maintain item/structure in good repair.
4Z36220293,Department of Housing and Community Affairs,Open,05/08/2018,04/23/2018,05/08/2018,500.00,,09/25/2018,26-9(a)(8),"Accumulating garbage or rubbish outside of approved storage container, garage or building."
2Z36226535,Department of Housing and Community Affairs,Open,01/16/2020,12/26/2019,01/16/2020,500.00,,,29-5(c),Failure to provide access for inspection.
5Z41707391,Department of Permitting Services,Open,12/05/2019,11/07/2019,12/05/2019,500.00,,,8-4,Comply with the state and local code requirements for the plumbing work associated with renovations and additions done to the premises without the required permits.
4Z36225522,Department of Housing and Community Affairs,Open,11/15/2019,11/05/2019,11/15/2019,500.00,Stet Docket,02/18/2020,26-9(a)(4),Failure to maintain supplied facility in satisfactory working condition.
3Z42125940,Animal Control and Humane Treatment,Open,11/15/2018,10/24/2018,11/15/2018,100.00,Abatement Order entered,,5-203-A-1,Prevent the animal other than an altered cat to be at large
4Z42317384,False Alarm,Open,04/21/2020,03/29/2020,04/21/2020,500.00,,,3a-4C(2),requesting police dispatch to a burglar alarm activation without providing the required alarm user registration number.
6Z40860196,Washington Metro. and Transit Auth. Police,Closed,09/25/2019,09/16/2019,04/08/2020,50.00,Default Judgment,12/10/2019,54-A-2-9,Cease entering or leaving a fare-paid area of a rail transport station without paying the fare or presenting a valid transfer
0z42211603,Animal Control and Humane Treatment,Open,04/30/2019,04/08/2019,04/30/2019,500.00,Guilty,07/09/2019,5-402-C,Possessing unvaccinated dog
6Z36217481,Department of Housing and Community Affairs,Open,03/13/2017,12/08/2016,03/13/2017,500.00,Abatement Order entered,04/25/2017,26-9(a)(1),Failure to maintain item/structure in good repair.
3Z41768037,Animal Control and Humane Treatment,Open,04/16/2020,04/07/2020,04/16/2020,100.00,,,5-203-A-1,Prevent the animal other than an altered cat to be at large
6Z36217642,Department of Housing and Community Affairs,Open,01/25/2017,01/18/2017,01/25/2017,500.00,Abatement Order entered,04/25/2014,26-9(a)(4),Failure to maintain supplied facility in satisfactory working condition.
3Z40614640,Washington Metro. and Transit Auth. Police,Open,02/12/2020,02/05/2020,02/12/2020,50.00,,,54-A-2-9,Cease entering or leaving a fare-paid area of a rail transport station without paying the fare or presenting a valid transfer
5Z40990451,Animal Control and Humane Treatment,Open,01/17/2017,12/04/2016,01/17/2017,100.00,Abatement Order entered,04/11/2017,5-203-A-1,Prevent the animal other than an altered cat to be at large
1Z36225477,Department of Housing and Community Affairs,Open,11/15/2019,11/05/2019,11/15/2019,500.00,Stet Docket,02/18/2020,26-9(a)(4),Failure to maintain supplied facility in satisfactory working condition.
4Z39911960,Department of Environmental Protection/Solid Waste,Open,12/17/2019,11/13/2019,12/17/2019,500.00,,03/10/2020,48-19-a-3,A person should not engage in the business of collecting or transporting solid waste in the County without first obtaining a permit (license) from the Director of the Solid Waste Division
0Z36225595,Department of Housing and Community Affairs,Open,11/22/2019,11/07/2019,11/22/2019,500.00,,03/24/2020,26-9(a)(1),Failure to maintain item/structure in good repair.
2Z36213361,Department of Housing and Community Affairs,Closed,08/19/2014,08/12/2014,05/04/2020,500.00,Abatement Order entered,,26-9(b)(5),"Failure to maintain grounds: free of erosion or gullying; grass or weeds over 12 inches high; and/or shrubbery, trees, vines, hedges, and other vegetation, including dead trees and branches."
5Z36226972,Department of Housing and Community Affairs,Open,03/03/2020,02/26/2020,03/03/2020,500.00,,,26-9(b)(1),"Failure to maintain item in reasonable weather-tight, water-tight, and rodent proof condition, free from foreign matter and capable of affording privacy."
6Z36213351,Department of Housing and Community Affairs,Closed,08/19/2014,08/12/2014,05/04/2020,500.00,Abatement Order Compliance,,26-9(b)(5),"Failure to maintain grounds: free of erosion or gullying; grass or weeds over 12 inches high; and/or shrubbery, trees, vines, hedges, and other vegetation, including dead trees and branches."
0Z36217482,Department of Housing and Community Affairs,Open,03/13/2017,12/08/2016,03/13/2017,500.00,Abatement Order entered,04/25/2017,26-14(a),"Failure to demolish, remove or repair a condemned structure"
1Z42124314,Police Department,Open,04/30/2019,04/14/2019,04/30/2019,100.00,Default Judgment,08/13/2019,4-8-C,OPERATING AN ENTERPRISE WITHOUT A LICENSE
2Z36225191,Department of Housing and Community Affairs,Open,11/15/2019,11/05/2019,11/15/2019,500.00,Stet Docket,02/18/2020,26-9(a)(4),Failure to maintain supplied facility in satisfactory working condition.
1Z36226352,Department of Housing and Community Affairs,Open,12/19/2019,12/06/2019,12/19/2019,500.00,,03/31/2020,26-9(a)(2),"Failure to maintain door, window, and/or hatchway in sound working condition."
0Z42209139,Animal Control and Humane Treatment,Open,09/13/2019,09/04/2019,09/13/2019,500.00,,11/12/2019,5-203-C,Prevent the animal from having unwanted contact with a person or another domesticated animal at all times.
1Z36225155,Department of Housing and Community Affairs,Open,11/11/2019,10/31/2019,11/11/2019,500.00,,03/24/2020,26-9(a)(1),Failure to maintain item/structure in good repair.
0Z36222326,Department of Housing and Community Affairs,Open,01/11/2019,12/31/2018,01/11/2019,500.00,,,26-9(b)(3),"Failure to maintain exterior surfaces free of flaking, peeling or loose paint and free of water seepage and against decay."
4Z40717030,Police Department,Open,01/23/2017,12/22/2016,01/23/2017,500.00,Guilty,04/11/2017,48-11,Deposited solid waste upon the property of another without written consent
1Z36225113,Department of Housing and Community Affairs,Open,11/11/2019,10/30/2019,11/11/2019,500.00,,03/24/2020,26-9(a)(1),Failure to maintain item/structure in good repair.
6Z36226490,Department of Housing and Community Affairs,Open,12/19/2019,12/17/2019,12/19/2019,500.00,,,29-16(a),Operating a rental facility without first obtaining a rental facility license.
5Z42207366,Animal Control and Humane Treatment,Open,04/24/2020,04/22/2020,04/24/2020,500.00,,,5-203-C,Prevent the animal from having unwanted contact with a person or another domesticated animal at all times.
3Z36221293,Department of Housing and Community Affairs,Open,08/31/2108,08/23/2018,08/31/2108,500.00,,,26-9(a)(1),Failure to maintain item/structure in good repair.
4Z39895629,Animal Control and Humane Treatment,Open,01/10/2017,12/28/2016,01/10/2017,500.00,Stet Docket,04/11/2017,5-203-b-1,Preven the animal(s) from causing loud noises that are persistent enough to disturb another person's quiet enjoyment
3Z36225325,Department of Housing and Community Affairs,Open,11/15/2019,11/05/2019,11/15/2019,500.00,Stet Docket,02/18/2020,26-9(a)(4),Failure to maintain supplied facility in satisfactory working condition.
0Z41707729,Department of Permitting Services,Open,03/15/2019,02/05/2019,03/15/2019,500.00,Abatement Order entered,08/20/2019,59-6-2-5-L1,Parking vehicle on non-surfaced area of front yard
0Z36225686,Department of Housing and Community Affairs,Open,12/05/2019,11/21/2019,12/05/2019,500.00,,03/31/2020,26-9(a)(2),"Failure to maintain door, window, and/or hatchway in sound working condition."
5Z42317385,False Alarm,Closed,04/21/2020,03/29/2020,04/22/2020,500.00,Paid and Satisfied,,3a-4c(4),Requesting police dispatch to a burglar alarm activation without providing either the required alarm user registration or alarm business license number.
4Z36217563,Department of Housing and Community Affairs,Open,01/09/2017,01/03/2017,01/09/2017,500.00,Abatement Order entered,05/23/2017,26-9(a)(8),"Accumulating garbage or rubbish outside of approved storage container, garage or building."
6Z41782572,Board of License Commissioners,Open,02/18/2020,12/05/2019,02/18/2020,1000.00,,,24-11-B(1)(i),"Did or did offer to deliver, dispense, issue, give away or sell a tobacco product to a minor"
3Z40990421,Animal Control and Humane Treatment,Open,03/28/2017,03/03/2017,03/28/2017,100.00,Stet Docket,05/09/2017,5-203-A-1,Prevent the animal other than an altered cat to be at large
0z41707323,Department of Permitting Services,Open,01/10/2018,10/13/2017,01/10/2018,500.00,Abatement Order entered,02/20/2018,8-24-a,Comply with the NOV requiring permits and inspections for large additions to the home
1Z36224560,Department of Housing and Community Affairs,Open,09/17/2019,09/03/2019,09/17/2019,500.00,Continued,01/28/2020,26-9(a)(1),Failure to maintain item/structure in good repair.
1Z36217728,Department of Housing and Community Affairs,Open,02/22/2017,02/10/2017,02/22/2017,500.00,Abatement Order entered,05/23/2017,26-9(a)(2),"Failure to maintain door, window, and/or hatchway in sound working condition."
3Z36224247,Department of Housing and Community Affairs,Open,07/29/2019,07/16/2019,07/29/2019,500.00,,12/17/2019,26-9(b)(5),"Failure to maintain grounds: free of erosion or gullying; grass or weeds over 12 inches high; and/or shrubbery, trees, vines, hedges, and other vegetation, including dead trees and branches."
5Z36225096,Department of Housing and Community Affairs,Open,11/11/2019,10/30/2019,11/11/2019,500.00,,,26-9(a)(8),"Accumulating garbage or rubbish outside of approved storage container, garage or building."
4Z36226677,Department of Housing and Community Affairs,Open,01/31/2020,01/24/2020,01/31/2020,500.00,,,26-9(a)(13),"Failure to remove, repair, and/or register unused vehicle"
2Z36225317,Department of Housing and Community Affairs,Open,11/15/2019,11/05/2019,11/15/2019,500.00,Stet Docket,02/18/2020,26-9(a)(4),Failure to maintain supplied facility in satisfactory working condition.
0Z36226414,Department of Housing and Community Affairs,Open,12/19/2019,12/11/2019,12/19/2019,500.00,,,26-9(b)(2),"Failure to maintain item in reasonable weather-tight, water-tight, and rodent proof manner."
0Z36226666,Department of Housing and Community Affairs,Open,01/31/2020,01/22/2020,01/31/2020,500.00,,,26-9(c)(1),"Failure to maintain plumbing fixture in good sanitary working condition free from defects, leaks, and other obstructions."
6Z39896478,Animal Control and Humane Treatment,Open,03/29/2017,03/11/2017,03/29/2017,500.00,Stet Docket,05/09/2017,5-203-C,Prevent the animal from having unwanted contact with a person or another domesticated animal at all times.
0Z36224090,Department of Housing and Community Affairs,Open,07/11/2019,06/27/2019,07/11/2019,30.00,,10/22/2019,26-9(a)(9),"Failure to exterminate insects, rodents, or other vermin."
3Z36226396,Department of Housing and Community Affairs,Open,12/19/2019,12/10/2019,12/19/2019,500.00,,,26-8(b)(1),Failure to provide working smoke detector.
2Z36222328,Department of Housing and Community Affairs,Open,01/11/2019,12/31/2018,01/11/2019,500.00,,,26-9(c)(3),"Failure to maintain wall, ceiling, floor, interior woodwork, door, and/or windows in sound condition and good repair free of flaking, peeling, or loose paint."
1Z40850853,Washington Metro. and Transit Auth. Police,Closed,06/16/2019,06/01/2019,04/08/2020,50.00,Default Judgment,08/13/2019,54-A-2-9,Cease entering or leaving a fare-paid area of a rail transport station without paying the fare or presenting a valid transfer
0Z36213373,Department of Housing and Community Affairs,Closed,08/19/2014,08/12/2014,05/04/2020,500.00,Abatement Order Compliance,,26-9(a)(1),Failure to maintain item/structure in good repair.
4Z36227062,Department of Housing and Community Affairs,Open,03/23/2020,03/10/2020,03/23/2020,500.00,,,26-9(a)(4),Failure to maintain supplied facility in satisfactory working condition.
3Z40614339,Washington Metro. and Transit Auth. Police,Closed,04/15/2019,03/31/2019,04/08/2020,50.00,Default Judgment,06/11/2019,54-A-2-9,Cease entering or leaving a fare-paid area of a rail transport station without paying the fare or presenting a valid transfer
2Z36225226,Department of Housing and Community Affairs,Open,11/15/2019,11/05/2019,11/15/2019,500.00,Stet Docket,02/18/2020,26-9(a)(4),Failure to maintain supplied facility in satisfactory working condition.
2Z40860185,Washington Metro. and Transit Auth. Police,Closed,08/28/2019,08/19/2019,04/08/2020,50.00,Default Judgment,11/12/2019,54-A-2-9,Cease entering or leaving a fare-paid area of a rail transport station without paying the fare or presenting a valid transfer
2Z36217631,Department of Housing and Community Affairs,Open,01/25/2017,01/18/2017,01/25/2017,500.00,Abatement Order entered,05/23/2017,29-5(c),Failure to provide access for inspection.
3Z36217723,Department of Housing and Community Affairs,Open,02/22/2017,02/10/2017,02/22/2017,500.00,Abatement Order entered,05/23/2017,26-9(c)(1),"Failure to maintain plumbing fixture in good sanitary working condition free from defects, leaks, and other obstructions."
4Z36217724,Department of Housing and Community Affairs,Open,02/22/2017,02/10/2017,02/22/2017,500.00,Abatement Order entered,05/23/2017,26-9(a)(4),Failure to maintain supplied facility in satisfactory working condition.
2Z36224463,Department of Housing and Community Affairs,Open,08/23/2019,08/15/2019,08/23/2019,500.00,Guilty,12/17/2019,26-9(b)(5),"Failure to maintain grounds: free of erosion or gullying; grass or weeds over 12 inches high; and/or shrubbery, trees, vines, hedges, and other vegetation, including dead trees and branches."
6Z36225307,Department of Housing and Community Affairs,Open,11/15/2019,11/05/2019,11/15/2019,500.00,Stet Docket,02/18/2020,26-9(a)(4),Failure to maintain supplied facility in satisfactory working condition.
4Z36218592,Department of Housing and Community Affairs,Open,07/28/2017,07/24/2017,07/28/2017,500.00,Abatement Order entered,02/27/2018,26-9(a)(1),Failure to maintain item/structure in good repair.
6Z36217754,Department of Housing and Community Affairs,Open,03/13/2017,02/24/2017,03/13/2017,500.00,Defendant found in contempt,02/27/2018,26-9(a)(2),"Failure to maintain door, window, and/or hatchway in sound working condition."
1Z40990433,Animal Control and Humane Treatment,Open,01/30/2018,11/02/2017,01/30/2018,100.00,Stet Docket,02/13/2018,5-201-A-1,Cease violating the general prohibitions against cruelty to the animal
2Z36213354,Department of Housing and Community Affairs,Closed,08/19/2014,08/12/2014,05/04/2020,500.00,Abatement Order Compliance,,26-9(a)(1),Failure to maintain item/structure in good repair.
0Z40990355,Animal Control and Humane Treatment,Open,06/27/2018,06/21/2018,06/27/2018,100.00,Abatement Order entered,09/11/2018,5-203-A-1,Prevent the animal other than an altered cat to be at large
1Z36225232,Department of Housing and Community Affairs,Open,11/15/2019,11/05/2019,11/15/2019,500.00,Stet Docket,02/18/2020,26-9(a)(4),Failure to maintain supplied facility in satisfactory working condition.
5Z41707370,Department of Permitting Services,Open,04/21/2020,04/16/2020,04/21/2020,500.00,,,8-17-e,failure to obtain the final inspection for a mechanical permit
4Z36224150,Department of Housing and Community Affairs,Open,07/19/2019,07/02/2019,07/19/2019,500.00,Guilty,10/29/2019,26-9(a)(4),Failure to maintain supplied facility in satisfactory working condition.
2Z40953271,Department of Permitting Services,Open,03/21/2018,03/14/2018,03/21/2018,500.00,Abatement Order entered,06/19/2018,59-3-3-3(H-2)ii,Conducting business in the open yard area with outdoor storage of commercial  material and equipment
6Z40854155,Washington Metro. and Transit Auth. Police,Closed,01/25/2019,01/08/2019,04/08/2020,50.00,Default Judgment,03/12/2019,54-A-2-9,Cease entering or leaving a fare-paid area of a rail transport station without paying the fare or presenting a valid transfer
4Z39896308,Animal Control and Humane Treatment,Open,01/30/2018,10/26/2017,01/30/2018,500.00,Guilty,02/13/2018,5-201-A-1,Cease violating the general prohibitions against cruelty to the animal
3Z36226781,Department of Housing and Community Affairs,Open,02/07/2020,02/03/2020,02/07/2020,500.00,,,26-14(a),"Failure to demolish, remove or repair a condemned structure"
4Z36225263,Department of Housing and Community Affairs,Open,11/15/2019,11/05/2019,11/15/2019,500.00,Stet Docket,02/18/2020,26-9(a)(4),Failure to maintain supplied facility in satisfactory working condition.
5Z36217725,Department of Housing and Community Affairs,Open,02/22/2017,02/10/2017,02/22/2017,500.00,Abatement Order entered,05/23/2017,26-9(a)(1),Failure to maintain item/structure in good repair.
6Z36219882,Department of Housing and Community Affairs,Open,02/14/2018,02/07/2018,02/14/2018,500.00,,,26-9(a)(4),Failure to maintain supplied facility in satisfactory working condition.
1Z39896291,Animal Control and Humane Treatment,Open,06/28/2018,06/07/2018,06/28/2018,100.00,Stet Docket,09/11/2018,5-203-A-6,Prevent the animal from creating or causing noise that is loud and persistent enough to disturb another person's quiet enjoyment.
0Z40851391,Washington Metro. and Transit Auth. Police,Closed,02/10/2020,01/29/2020,04/07/2020,50.00,Paid and Satisfied,,54-A-2-9,Cease entering or leaving a fare-paid area of a rail transport station without paying the fare or presenting a valid transfer
6Z41707462,Department of Permitting Services,Open,09/30/2019,09/05/2019,09/30/2019,500.00,Abatement Order entered,01/21/2020,26-9(A)(13),"Failure to remove, repair, and/or register unused vehicle"
2Z41768001,Animal Control and Humane Treatment,Open,10/02/2019,09/29/2019,10/02/2019,100.00,Dismiss without prejudice,02/11/2020,5-203-A-1,Prevent the animal other than an altered cat to be at large
5Z36221281,Department of Housing and Community Affairs,Open,08/31/2108,08/23/2018,08/31/2108,500.00,Continued,11/27/2018,26-9(a)(1),Failure to maintain item/structure in good repair.
6Z36223207,Department of Housing and Community Affairs,Open,04/30/2019,04/16/2019,04/30/2019,500.00,Abatement Order entered,07/23/2019,26-9(b)(5),"Failure to maintain grounds: free of erosion or gullying; grass or weeds over 12 inches high; and/or shrubbery, trees, vines, hedges, and other vegetation, including dead trees and branches."
5Z36224991,Department of Housing and Community Affairs,Open,10/23/2019,10/17/2019,10/23/2019,500.00,,02/25/2020,26-9(a)(4),Failure to maintain supplied facility in satisfactory working condition.
3Z36225458,Department of Housing and Community Affairs,Open,11/15/2019,11/05/2019,11/15/2019,500.00,Stet Docket,02/18/2020,26-9(a)(4),Failure to maintain supplied facility in satisfactory working condition.
0Z40860323,Washington Metro. and Transit Auth. Police,Closed,11/06/2018,11/06/2018,04/08/2020,50.00,Default Judgment,03/12/2019,54-A-2-9,Cease entering or leaving a fare-paid area of a rail transport station without paying the fare or presenting a valid transfer
6Z40855212,Washington Metro. and Transit Auth. Police,Closed,09/18/2019,09/06/2019,04/08/2020,50.00,Default Judgment,12/10/2019,54-A-2-9,Cease entering or leaving a fare-paid area of a rail transport station without paying the fare or presenting a valid transfer
4Z40861314,Washington Metro. and Transit Auth. Police,Closed,05/01/2019,01/26/2019,04/08/2020,50.00,Default Judgment,07/09/2019,54-A-2-9,Cease entering or leaving a fare-paid area of a rail transport station without paying the fare or presenting a valid transfer
3Z36226088,Department of Housing and Community Affairs,Open,12/19/2019,12/03/2019,12/19/2019,500.00,,,26-9(a)(1),Failure to maintain item/structure in good repair.
5Z36225579,Department of Housing and Community Affairs,Open,11/15/2019,11/05/2019,11/15/2019,500.00,Stet Docket,02/18/2020,26-9(a)(4),Failure to maintain supplied facility in satisfactory working condition.
2Z36217729,Department of Housing and Community Affairs,Open,02/22/2017,02/10/2017,02/22/2017,500.00,Abatement Order entered,05/23/2017,26-9(a)(1),Failure to maintain item/structure in good repair.
4Z40851906,Washington Metro. and Transit Auth. Police,Closed,10/20/2018,09/25/2018,04/08/2020,50.00,Default Judgment,12/11/2018,54-A-2-9,Cease entering or leaving a fare-paid area of a rail transport station without paying the fare or presenting a valid transfer
0Z36217713,Department of Housing and Community Affairs,Open,02/22/2017,02/10/2017,02/22/2017,500.00,Abatement Order entered,05/23/2017,26-9(a)(9),"Failure to exterminate insects, rodents, or other vermin."
5Z40860237,Washington Metro. and Transit Auth. Police,Closed,05/01/2019,01/25/2019,04/08/2020,50.00,Default Judgment,09/10/2019,54-A-2-9,Cease entering or leaving a fare-paid area of a rail transport station without paying the fare or presenting a valid transfer
3Z36217716,Department of Housing and Community Affairs,Open,02/22/2017,02/10/2017,02/22/2017,500.00,Abatement Order entered,05/23/2017,26-9(a)(1),Failure to maintain item/structure in good repair.
5Z42317392,False Alarm,Open,04/21/2020,03/29/2020,04/21/2020,500.00,,,3a-4C(2),requesting police dispatch to a burglar alarm activation without providing the required alarm user registration number.
5Z42126026,Animal Control and Humane Treatment,Open,09/25/2018,09/13/2018,09/25/2018,100.00,Abatement Order entered,11/13/2018,5-203-A-1,Prevent the animal other than an altered cat to be at large
2Z36227025,Department of Housing and Community Affairs,Open,03/23/2020,03/03/2020,03/23/2020,500.00,,,26-9(c)(5),Failure to maintain floor covering in good repair and sanitary condition.
5Z42125844,Animal Control and Humane Treatment,Open,06/04/2018,05/26/2018,06/04/2018,500.00,Default Judgment,07/10/2018,5-203-C,Prevent the animal from having unwanted contact with a person or another domesticated animal at all times.
3Z42317264,False Alarm,Open,03/03/2020,01/28/2020,03/03/2020,500.00,Paid and Satisfied,,3a-4C(2),requesting police dispatch to a burglar alarm activation without providing the required alarm user registration number.
0Z42227528,Department of Permitting Services,Open,04/28/2020,04/09/2020,04/28/2020,1000.00,,,19-13-A,"Maintain in a good & effective condition and promptly repair or restore all grade surfaces, walls, drains, dams, and structures, plantings, vegetation, erosion and sediment control measures and other devices."
4Z42317356,False Alarm,Closed,04/21/2020,03/29/2020,04/28/2020,500.00,Paid and Satisfied,,3a-4C(2),requesting police dispatch to a burglar alarm activation without providing the required alarm user registration number.
0Z36217720,Department of Housing and Community Affairs,Open,02/22/2017,02/10/2017,02/22/2017,500.00,Abatement Order entered,05/23/2017,26-9(a)(4),Failure to maintain supplied facility in satisfactory working condition.
1Z42126092,Animal Control and Humane Treatment,Open,12/30/2019,12/18/2019,12/30/2019,100.00,,03/10/2020,5-203-A-1,Prevent the animal other than an altered cat to be at large
0Z36225679,Department of Housing and Community Affairs,Open,12/05/2019,11/21/2019,12/05/2019,500.00,,03/31/2020,26-9(b)(3),"Failure to maintain exterior surfaces free of flaking, peeling or loose paint and free of water seepage and against decay."
5Z42125942,Animal Control and Humane Treatment,Open,11/15/2018,10/24/2018,11/15/2018,100.00,Abatement Order entered,01/08/2019,5-203-A-1,Prevent the animal other than an altered cat to be at large
3Z36223939,Department of Housing and Community Affairs,Open,06/28/2019,06/20/2019,06/28/2019,500.00,Abatement Order entered,10/15/2019,26-10(e),"Failure to maintain entry apron, driveway, sidewalk, and/or parking lot in good serviceable and safe condition."
1Z40990356,Animal Control and Humane Treatment,Open,06/27/2018,06/21/2018,06/27/2018,500.00,Abatement Order entered,09/11/2018,5-203-C,Prevent the animal from having unwanted contact with a person or another domesticated animal at all times.
5Z36226097,Department of Housing and Community Affairs,Open,12/19/2019,12/05/2019,12/19/2019,500.00,,,26-9(b)(5),"Failure to maintain grounds: free of erosion or gullying; grass or weeds over 12 inches high; and/or shrubbery, trees, vines, hedges, and other vegetation, including dead trees and branches."
2Z36217722,Department of Housing and Community Affairs,Open,02/22/2017,02/10/2017,02/22/2017,500.00,Abatement Order entered,05/23/2017,26-9(a)(2),"Failure to maintain door, window, and/or hatchway in sound working condition."
5Z40990388,Animal Control and Humane Treatment,Open,02/28/2017,02/09/2017,02/28/2017,100.00,Stet Docket,05/09/2017,5-203-A-1,Prevent the animal other than an altered cat to be at large
0Z36225308,Department of Housing and Community Affairs,Open,11/15/2019,11/05/2019,11/15/2019,500.00,Stet Docket,02/18/2020,26-9(a)(4),Failure to maintain supplied facility in satisfactory working condition.
4Z33911483,Animal Control and Humane Treatment,Open,03/25/2019,02/19/2019,03/25/2019,500.00,Default Judgment,05/14/2019,5-201-a-10,"Abuse/neglect of pet animal by unnecessarily failing to provide nutrious food in a sufficient quantity, necessary vet care, proper drink, air space and shelter"
1Z42209196,Animal Control and Humane Treatment,Open,10/02/2019,09/29/2019,10/02/2019,500.00,Stet Docket,01/14/2020,5-201-b,Provide shade and shelterfor an animal on a 90 degrees day.
4Z41767898,Animal Control and Humane Treatment,Open,01/28/2020,01/25/2020,01/28/2020,500.00,,,5-402-C,Possessing unvaccinated dog
1Z36218995,Department of Housing and Community Affairs,Open,09/08/2017,08/29/2017,09/08/2017,500.00,Abatement Order entered,02/27/2018,26-9(a)(2),"Failure to maintain door, window, and/or hatchway in sound working condition."
0Z36217573,Department of Housing and Community Affairs,Open,01/13/2017,01/04/2017,01/13/2017,500.00,Continued,05/23/2017,26-9(c)(5),Failure to maintain floor covering in good repair and sanitary condition.
3Z36226921,Department of Housing and Community Affairs,Closed,03/03/2020,02/18/2020,04/23/2020,500.00,Dismiss without prejudice,,26-9(a)(4),Failure to maintain supplied facility in satisfactory working condition.
5Z42125690,Police Department,Closed,03/28/2020,02/25/2020,04/07/2020,300.00,Paid and Satisfied,,24-305,Selling a minor a nicotine delivery device product (my blu-liquid pads with nicotine 2.4%) that is utilized with an ends device to deliver nicotine to a user
1Z36223363,Department of Housing and Community Affairs,Open,05/07/2019,05/02/2019,05/07/2019,500.00,Guilty,08/27/2019,26-9(c)(5),Failure to maintain floor covering in good repair and sanitary condition.
3Z40860445,Washington Metro. and Transit Auth. Police,Closed,08/28/2019,08/07/2019,04/08/2020,50.00,Default Judgment,11/12/2019,54-A-2-9,Cease entering or leaving a fare-paid area of a rail transport station without paying the fare or presenting a valid transfer
5Z42211713,Animal Control and Humane Treatment,Open,10/02/2019,09/30/2019,10/02/2019,100.00,Default Judgment,01/14/2020,5-203-a-9,Obtain and provide proof that an animal is licensed in Montgomery County
0Z40860246,Washington Metro. and Transit Auth. Police,Closed,03/15/2019,02/22/2019,04/08/2020,50.00,Default Judgment,06/11/2019,54-A-2-9,Cease entering or leaving a fare-paid area of a rail transport station without paying the fare or presenting a valid transfer
4Z36223541,Department of Housing and Community Affairs,Open,06/03/2019,05/16/2019,06/03/2019,500.00,Abatement Order entered,08/27/2019,26-9(a)(1),Failure to maintain item/structure in good repair.
4Z40855231,Washington Metro. and Transit Auth. Police,Closed,04/30/2019,04/02/2019,04/08/2020,50.00,Default Judgment,06/11/2019,54-A-2-9,Cease entering or leaving a fare-paid area of a rail transport station without paying the fare or presenting a valid transfer
5Z42211748,Animal Control and Humane Treatment,Open,03/27/2020,03/25/2020,03/27/2020,100.00,,,5-203-A-1,Prevent the animal other than an altered cat to be at large
5Z39892011,Department of Permitting Services,Open,03/01/2019,02/20/2019,03/01/2019,750.00,Abatement Order entered,04/16/2019,8-4,Comply with the state and local code requirements for the plumbing work associated with renovations and additions done to the premises without the required permits.
5Z35089248,Washington Metro. and Transit Auth. Police,Open,01/29/2020,12/28/2019,01/29/2020,50.00,,,54-A-2-9,Cease entering or leaving a fare-paid area of a rail transport station without paying the fare or presenting a valid transfer
6Z42105272,Animal Control and Humane Treatment,Open,01/28/2020,01/19/2020,01/28/2020,100.00,,,5-203-a-3,Prevent an animal from entering a private property without the property owners's permission
5Z36216297,Department of Housing and Community Affairs,Open,03/25/2016,03/18/2016,03/25/2016,500.00,Defendant found in contempt,03/24/2020,26-9(b)(3),"Failure to maintain exterior surfaces free of flaking, peeling or loose paint and free of water seepage and against decay."
2Z36225394,Department of Housing and Community Affairs,Open,11/15/2019,11/05/2019,11/15/2019,500.00,Stet Docket,02/18/2020,26-9(a)(4),Failure to maintain supplied facility in satisfactory working condition.
0Z40616408,Washington Metro. and Transit Auth. Police,Closed,11/30/2018,11/05/2018,04/08/2020,50.00,Default Judgment,03/12/2019,54-A-2-9,Cease entering or leaving a fare-paid area of a rail transport station without paying the fare or presenting a valid transfer
1Z36225260,Department of Housing and Community Affairs,Open,11/15/2019,11/05/2019,11/15/2019,500.00,Stet Docket,02/18/2020,26-9(a)(4),Failure to maintain supplied facility in satisfactory working condition.
2Z36225212,Department of Housing and Community Affairs,Open,11/15/2019,11/05/2019,11/15/2019,500.00,Stet Docket,02/18/2020,26-9(a)(4),Failure to maintain supplied facility in satisfactory working condition.
2Z40860220,Washington Metro. and Transit Auth. Police,Open,11/05/2019,10/24/2019,11/05/2019,50.00,,02/11/2020,54-A-2-9,Cease entering or leaving a fare-paid area of a rail transport station without paying the fare or presenting a valid transfer
3Z40953293,Department of Permitting Services,Open,03/21/2018,02/13/2018,03/21/2018,500.00,Abatement Order entered,06/19/2018,59-4.2-6-4-a,cease posting large banners on an apartment building that exceed size and height restrictions
3Z42211725,Animal Control and Humane Treatment,Open,11/25/2019,11/12/2019,11/25/2019,100.00,,03/10/2020,5-203-A-1,Prevent the animal other than an altered cat to be at large
6Z36217572,Department of Housing and Community Affairs,Open,01/13/2017,01/04/2017,01/13/2017,500.00,Continued,05/23/2017,26-9(a)(2),"Failure to maintain door, window, and/or hatchway in sound working condition."
3Z36224737,Department of Housing and Community Affairs,Open,10/11/2019,09/23/2019,10/11/2019,500.00,Abatement Order entered,01/28/2020,26-9(a)(4),Failure to maintain supplied facility in satisfactory working condition.
5Z36219881,Department of Housing and Community Affairs,Open,02/14/2018,02/07/2018,02/14/2018,500.00,,,26-9(c)(1),"Failure to maintain plumbing fixture in good sanitary working condition free from defects, leaks, and other obstructions."
1Z36226807,Department of Housing and Community Affairs,Open,02/14/2020,02/10/2020,02/14/2020,500.00,,,26-9(a)(2),"Failure to maintain door, window, and/or hatchway in sound working condition."
5Z35113125,Washington Metro. and Transit Auth. Police,Closed,03/15/2019,02/05/2019,04/08/2020,50.00,Default Judgment,06/11/2019,54-A-2-9,Cease entering or leaving a fare-paid area of a rail transport station without paying the fare or presenting a valid transfer
0Z36219127,Department of Housing and Community Affairs,Open,10/13/2017,09/21/2017,10/13/2017,500.00,Abatement Order entered,02/27/2018,26-9(a)(10),Failure to maintain surfaces free from graffiti.
4Z36218998,Department of Housing and Community Affairs,Open,09/08/2017,08/29/2017,09/08/2017,500.00,Abatement Order entered,02/19/2018,26-9(a)(1),Failure to maintain item/structure in good repair.
1Z36226296,Department of Housing and Community Affairs,Open,12/19/2019,12/06/2019,12/19/2019,500.00,,03/31/2020,26-9(a)(1),Failure to maintain item/structure in good repair.
2Z39889418,Department of Environmental Protection,Open,02/14/2020,02/05/2020,02/14/2020,500.00,,,19-50-c,Prevent vehicle fluids from draining onto the dirt and gravel from the vehicle equipment storage lot and then flowing into the waters of the State.
6Z40855275,Washington Metro. and Transit Auth. Police,Closed,05/01/2019,03/19/2019,04/08/2020,50.00,Default Judgment,07/09/2019,54-A-2-9,Cease entering or leaving a fare-paid area of a rail transport station without paying the fare or presenting a valid transfer
1Z40860422,Washington Metro. and Transit Auth. Police,Closed,05/01/2019,03/18/2019,04/08/2020,50.00,Default Judgment,07/09/2019,54-A-2-9,Cease entering or leaving a fare-paid area of a rail transport station without paying the fare or presenting a valid transfer
4Z40851430,Washington Metro. and Transit Auth. Police,Open,02/28/2018,02/22/2018,02/28/2018,50.00,,,54-A-2-9,Cease entering or leaving a fare-paid area of a rail transport station without paying the fare or presenting a valid transfer
0Z36222333,Department of Housing and Community Affairs,Open,01/11/2019,12/31/2018,01/11/2019,500.00,,,26-9(a)(1),Failure to maintain item/structure in good repair.
1Z39896641,Animal Control and Humane Treatment,Open,01/31/2018,10/05/2017,01/31/2018,100.00,Abatement Order entered,02/13/2018,5-203-A-1,Prevent the animal other than an altered cat to be at large
2Z36217575,Department of Housing and Community Affairs,Open,01/13/2017,01/04/2017,01/13/2017,500.00,Continued,05/23/2017,26-8(c),Failure to provide fire rated door which self closes and latches.
2Z40855258,Washington Metro. and Transit Auth. Police,Open,02/13/2018,01/30/2018,02/13/2018,50.00,,,54-A-2-9,Cease entering or leaving a fare-paid area of a rail transport station without paying the fare or presenting a valid transfer
2Z40953376,Department of Permitting Services,Open,11/14/2016,10/27/2016,11/14/2016,500.00,,05/16/2017,8-24-a,Comply with the NOV requiring permits and inspections for large additions to the home
1z41708066,Department of Permitting Services,Open,01/15/2019,01/03/2019,01/15/2019,200.00,Abatement Order entered,05/14/2019,59-3-3-3(H-2)ii,Conducting business in the open yard area with outdoor storage of commercial  material and equipment
6Z36224894,Department of Housing and Community Affairs,Open,10/11/2019,10/07/2019,10/11/2019,500.00,Abatement Order entered,02/25/2020,26-9(a)(1),Failure to maintain item/structure in good repair.
6Z36226910,Department of Housing and Community Affairs,Open,01/21/2020,02/18/2020,01/21/2020,500.00,,,26-9(a)(4),Failure to maintain supplied facility in satisfactory working condition.
6Z36221653,Department of Housing and Community Affairs,Open,10/12/2018,10/04/2018,10/12/2018,150.00,Paid and Satisfied,12/18/2018,29-16(a),Operating a rental facility without first obtaining a rental facility license.
2Z36227081,Department of Housing and Community Affairs,Open,03/23/2020,03/10/2020,03/23/2020,500.00,,,26-9(a)(8),"Accumulating garbage or rubbish outside of approved storage container, garage or building."
1Z36217714,Department of Housing and Community Affairs,Open,02/22/2017,02/10/2017,02/22/2017,500.00,Abatement Order entered,05/23/2017,26-9(a)(9),"Failure to exterminate insects, rodents, or other vermin."
0Z36227051,Department of Housing and Community Affairs,Open,03/23/2020,03/06/2020,03/23/2020,500.00,,,26-9(a)(8),"Accumulating garbage or rubbish outside of approved storage container, garage or building."
0Z36217566,Department of Housing and Community Affairs,Open,01/13/2017,01/04/2017,01/13/2017,500.00,Continued,05/23/2017,26-9(c)(5),Failure to maintain floor covering in good repair and sanitary condition.
5Z36217718,Department of Housing and Community Affairs,Open,02/22/2017,02/10/2017,02/22/2017,500.00,Abatement Order entered,05/23/2017,26-9(c)(1),"Failure to maintain plumbing fixture in good sanitary working condition free from defects, leaks, and other obstructions."
4Z36222330,Department of Housing and Community Affairs,Open,01/11/2019,12/31/2018,01/11/2019,500.00,,,26-9(a)(1),Failure to maintain item/structure in good repair.
0Z36222452,Department of Housing and Community Affairs,Open,02/06/2019,01/18/2019,02/06/2019,500.00,Guilty,04/23/2019,26-9(a)(1),Failure to maintain item/structure in good repair.
1Z36221214,Department of Housing and Community Affairs,Open,08/24/2018,08/16/2018,08/24/2018,500.00,Abatement Order entered,11/27/2018,26-9(a)(8),"Accumulating garbage or rubbish outside of approved storage container, garage or building."
3Z36226886,Department of Housing and Community Affairs,Open,01/21/2020,02/14/2020,01/21/2020,500.00,,,26-9(a)(1),Failure to maintain item/structure in good repair.
5Z42211671,Animal Control and Humane Treatment,Open,08/19/2019,08/06/2019,08/19/2019,100.00,,11/12/2019,5-303-d-1,failing to neuter his dog within 30 days of the second impoundment (in ASD custody).
5Z41707062,Department of Permitting Services,Open,07/12/2019,07/11/2019,07/12/2019,1000.00,Abatement Order entered,01/21/2020,19-13-A,"Maintain in a good & effective condition and promptly repair or restore all grade surfaces, walls, drains, dams, and structures, plantings, vegetation, erosion and sediment control measures and other devices."
5Z36217571,Department of Housing and Community Affairs,Open,01/13/2017,01/04/2017,01/13/2017,500.00,Continued,05/23/2017,26-9(c)(1),"Failure to maintain plumbing fixture in good sanitary working condition free from defects, leaks, and other obstructions."
3Z36217569,Department of Housing and Community Affairs,Open,01/13/2017,01/04/2017,01/13/2017,500.00,Continued,05/23/2017,26-9(c)(1),"Failure to maintain plumbing fixture in good sanitary working condition free from defects, leaks, and other obstructions."
0Z36217685,Department of Housing and Community Affairs,Open,02/13/2017,01/31/2017,02/13/2017,500.00,Abatement Order entered,05/23/2017,26-9(a)(2),"Failure to maintain door, window, and/or hatchway in sound working condition."
1Z42211660,Animal Control and Humane Treatment,Open,07/16/2019,07/10/2019,07/16/2019,100.00,,10/08/2019,5-203-a-9,Obtain and provide proof that an animal is licensed in Montgomery County
0Z36226757,Department of Housing and Community Affairs,Open,02/07/2020,02/03/2020,02/07/2020,500.00,,,26-9(c)(3),"Failure to maintain wall, ceiling, floor, interior woodwork, door, and/or windows in sound condition and good repair free of flaking, peeling, or loose paint."
6Z42211574,Animal Control and Humane Treatment,Open,06/24/2019,,06/24/2019,100.00,Abatement Order entered,08/13/2019,5-201-A-1,Cease violating the general prohibitions against cruelty to the animal
2Z42211661,Animal Control and Humane Treatment,Open,07/15/2019,07/10/2019,07/15/2019,500.00,,10/08/2019,5-402-C,Possessing unvaccinated dog
6Z40855205,Washington Metro. and Transit Auth. Police,Closed,08/28/2019,08/18/2019,04/08/2020,50.00,Default Judgment,11/12/2019,54-A-2-9,Cease entering or leaving a fare-paid area of a rail transport station without paying the fare or presenting a valid transfer
3Z40854145,Washington Metro. and Transit Auth. Police,Closed,05/15/2019,04/22/2019,04/08/2020,50.00,Default Judgment,07/09/2019,54-A-2-9,Cease entering or leaving a fare-paid area of a rail transport station without paying the fare or presenting a valid transfer
6Z36222682,Department of Housing and Community Affairs,Open,03/08/2019,02/26/2019,03/08/2019,500.00,,,26-9(a)(1),Failure to maintain item/structure in good repair.
2Z36218590,Department of Housing and Community Affairs,Open,07/28/2017,07/24/2017,07/28/2017,500.00,Abatement Order entered,02/27/2018,26-9(a)(1),Failure to maintain item/structure in good repair.
0Z36218595,Department of Housing and Community Affairs,Open,07/28/2017,07/24/2017,07/28/2017,500.00,Abatement Order entered,02/27/2018,26-9(a)(1),Failure to maintain item/structure in good repair.
1Z36217721,Department of Housing and Community Affairs,Open,02/22/2017,02/10/2017,02/22/2017,500.00,Abatement Order entered,05/23/2017,26-9(a)(4),Failure to maintain supplied facility in satisfactory working condition.
3Z36223428,Department of Housing and Community Affairs,Open,05/22/2019,05/08/2019,05/22/2019,500.00,Abatement Order entered,10/22/2019,26-9(a)(1),Failure to maintain item/structure in good repair.
4Z36222337,Department of Housing and Community Affairs,Open,01/11/2019,12/31/2018,01/11/2019,500.00,,,26-9(a)(8),"Accumulating garbage or rubbish outside of approved storage container, garage or building."
4Z36216513,Department of Housing and Community Affairs,Open,05/27/2016,05/20/2016,10/02/2017,500.00,Body Attachment issued,02/27/2018,26-9(a)(1),Failure to maintain item/structure in good repair.
1Z36217567,Department of Housing and Community Affairs,Open,01/13/2017,01/04/2017,01/13/2017,500.00,Continued,05/23/2017,26-9(a)(1),Failure to maintain item/structure in good repair.
4Z36223303,Department of Housing and Community Affairs,Open,04/30/2019,04/25/2019,04/30/2019,500.00,Guilty,08/27/2019,26-9(a)(1),Failure to maintain item/structure in good repair.
4Z41767884,Animal Control and Humane Treatment,Closed,12/31/2019,11/26/2019,04/20/2020,100.00,Paid and Satisfied,03/10/2020,5-203-a-3,Prevent an animal from entering a private property without the property owners's permission
5Z36225572,Department of Housing and Community Affairs,Open,11/15/2019,11/05/2019,11/15/2019,500.00,Stet Docket,02/18/2020,26-9(a)(4),Failure to maintain supplied facility in satisfactory working condition.
6Z36217565,Department of Housing and Community Affairs,Open,01/13/2017,01/04/2017,01/13/2017,500.00,Continued,05/23/2017,26-9(a)(9),"Failure to exterminate insects, rodents, or other vermin."
1Z39896648,Animal Control and Humane Treatment,Open,01/31/2018,10/18/2017,01/31/2018,100.00,Abatement Order entered,02/13/2018,5-203-a-3,Prevent an animal from entering a private property without the property owners's permission
6Z41707119,Department of Permitting Services,Open,01/03/2020,12/23/2019,01/03/2020,500.00,,,8-24-a,Comply with the NOV requiring permits and inspections for large additions to the home
3Z40860431,Washington Metro. and Transit Auth. Police,Closed,06/16/2019,06/03/2019,04/08/2020,50.00,Default Judgment,08/13/2019,54-A-2-9,Cease entering or leaving a fare-paid area of a rail transport station without paying the fare or presenting a valid transfer
2Z36222027,Department of Housing and Community Affairs,Open,11/27/2018,11/14/2018,11/27/2018,500.00,Abatement Order entered,01/29/2019,26-9(a)(2),"Failure to maintain door, window, and/or hatchway in sound working condition."
2Z39911923,Department of Environmental Protection/Solid Waste,Open,07/31/2019,07/26/2019,07/31/2019,500.00,,10/08/2019,48-20-a,Obtain a collector's/haulers valid tag for the vehicle before transporting or collecting solid waste within Montgomery County
2Z36217568,Department of Housing and Community Affairs,Open,01/13/2017,01/04/2017,01/13/2017,500.00,Continued,05/23/2017,26-9(a)(1),Failure to maintain item/structure in good repair.
5Z41707972,Department of Permitting Services,Open,08/31/2108,08/24/2018,08/31/2108,500.00,Defendant found in contempt,01/14/2020,8-28-d,Occupying a substantially altered structure without a use and occupancy.
0Z39895646,Animal Control and Humane Treatment,Open,03/23/2017,02/28/2017,03/23/2017,500.00,Abatement Order entered,05/09/2017,5-402-C,Possessing unvaccinated dog
2Z41707353,Department of Permitting Services,Open,01/21/2020,02/18/2020,01/21/2020,500.00,,,8-24-a,Comply with the NOV requiring permits and inspections for large additions to the home
6z40854421,Washington Metro. and Transit Auth. Police,Closed,05/15/2019,05/06/2019,04/08/2020,50.00,Default Judgment,08/13/2019,54-A-2-9,Cease entering or leaving a fare-paid area of a rail transport station without paying the fare or presenting a valid transfer
4Z42209192,Animal Control and Humane Treatment,Open,09/30/2019,09/25/2019,09/30/2019,500.00,Default Judgment,01/14/2020,5-402-C,Possessing unvaccinated dog
1Z36226751,Department of Housing and Community Affairs,Open,02/07/2020,02/03/2020,02/07/2020,500.00,,,26-9(b)(3),"Failure to maintain exterior surfaces free of flaking, peeling or loose paint and free of water seepage and against decay."
2Z39896768,Animal Control and Humane Treatment,Open,01/26/2017,01/15/2017,01/26/2017,100.00,Abatement Order entered,05/09/2017,5-203-a-3,Prevent an animal from entering a private property without the property owners's permission
0Z42317380,False Alarm,Open,04/21/2020,03/29/2020,04/21/2020,500.00,,,3a-4C(2),requesting police dispatch to a burglar alarm activation without providing the required alarm user registration number.
6Z41707070,Department of Permitting Services,Open,12/31/2019,12/10/2019,12/31/2019,1000.00,,,19-7,Comply with the conditions of the sediment control permit and the Notices of Violation
2Z36218597,Department of Housing and Community Affairs,Open,07/28/2017,07/24/2017,07/28/2017,500.00,Abatement Order entered,02/27/2018,26-9(a)(1),Failure to maintain item/structure in good repair.
2Z40990504,Animal Control and Humane Treatment,Open,02/16/2017,01/28/2017,02/16/2017,500.00,Abatement Order entered,05/09/2017,5-203-C,Prevent the animal from having unwanted contact with a person or another domesticated animal at all times.
0Z36221206,Department of Housing and Community Affairs,Open,08/24/2018,08/16/2018,08/24/2018,500.00,Abatement Order entered,11/27/2018,26-9(a)(1),Failure to maintain item/structure in good repair.
0Z36217776,Department of Housing and Community Affairs,Open,03/13/2017,03/03/2017,03/13/2017,500.00,Abatement Order entered,05/23/2017,26-9(a)(9),"Failure to exterminate insects, rodents, or other vermin."
3Z36218997,Department of Housing and Community Affairs,Open,09/08/2017,08/29/2017,09/08/2017,500.00,Abatement Order entered,02/27/2018,26-9(a)(8),"Accumulating garbage or rubbish outside of approved storage container, garage or building."
3Z36224653,Department of Housing and Community Affairs,Open,09/20/2019,09/16/2019,09/20/2019,500.00,,,26-9(a)(8),"Accumulating garbage or rubbish outside of approved storage container, garage or building."
0Z42105252,Animal Control and Humane Treatment,Open,11/25/2019,11/08/2019,11/25/2019,100.00,,03/10/2020,5-203-a-9,Obtain and provide proof that an animal is licensed in Montgomery County
4Z36226075,Department of Housing and Community Affairs,Open,12/05/2019,12/02/2019,12/05/2019,500.00,,03/31/2020,26-9(a)(8),"Accumulating garbage or rubbish outside of approved storage container, garage or building."
0Z36220730,Department of Housing and Community Affairs,Open,06/22/2018,06/14/2018,06/22/2018,500.00,Default Judgment,01/14/2020,26-9(a)(8),"Accumulating garbage or rubbish outside of approved storage container, garage or building."
1Z36213360,Department of Housing and Community Affairs,Closed,08/19/2014,08/12/2014,05/04/2020,500.00,Abatement Order Compliance,,48-24(a),Failure to remove solid waste (abandoned/non-functional vehicle).
6Z40850627,Washington Metro. and Transit Auth. Police,Closed,08/16/2019,08/04/2019,04/08/2020,50.00,Default Judgment,11/12/2019,54-A-2-9,Cease entering or leaving a fare-paid area of a rail transport station without paying the fare or presenting a valid transfer
0Z36217587,Department of Housing and Community Affairs,Open,01/25/2017,01/09/2017,01/25/2017,500.00,Abatement Order entered,05/23/2017,26-9(a)(1),Failure to maintain item/structure in good repair.
1Z42317325,False Alarm,Open,03/23/2020,03/02/2020,03/23/2020,500.00,Paid and Satisfied,,3a-4C(2),requesting police dispatch to a burglar alarm activation without providing the required alarm user registration number.
4Z40855273,Washington Metro. and Transit Auth. Police,Closed,05/15/2019,01/23/2019,04/08/2020,50.00,Default Judgment,07/09/2019,54-A-2-9,Cease entering or leaving a fare-paid area of a rail transport station without paying the fare or presenting a valid transfer
3Z39896769,Animal Control and Humane Treatment,Open,01/26/2017,01/15/2017,01/26/2017,750.00,Dismiss with prejudice,05/09/2017,5-402-C,Possessing unvaccinated dog
4Z36223709,Department of Housing and Community Affairs,Open,06/03/2019,05/28/2019,06/03/2019,500.00,Guilty,08/27/2019,26-13(c)(3),Occupying or allowing the occupancy of a condemned dwelling/structure.
6Z36227127,Department of Housing and Community Affairs,Open,03/24/2020,03/18/2020,03/24/2020,500.00,,,26-9(a)(4),Failure to maintain supplied facility in satisfactory working condition.
3Z36226053,Department of Housing and Community Affairs,Open,12/19/2019,11/26/2019,12/19/2019,500.00,,,26-9(a)(4),Failure to maintain supplied facility in satisfactory working condition.
0Z40851594,Washington Metro. and Transit Auth. Police,Closed,03/15/2019,02/15/2019,04/08/2020,50.00,Default Judgment,06/11/2019,54-A-2-9,Cease entering or leaving a fare-paid area of a rail transport station without paying the fare or presenting a valid transfer
0Z41706798,Department of Permitting Services,Open,06/24/2018,05/30/2018,06/24/2018,500.00,Abatement Order entered,12/18/2018,59-3-1-6,Allowing the use of a residentially zoned lot as a staging and commerical storage lot
1Z40850895,Washington Metro. and Transit Auth. Police,Open,01/14/2020,01/02/2020,01/14/2020,50.00,,03/10/2020,54-A-2-9,Cease entering or leaving a fare-paid area of a rail transport station without paying the fare or presenting a valid transfer
1Z41706897,Department of Permitting Services,Open,02/10/2020,01/30/2020,02/10/2020,1000.00,,,19-7,Comply with the conditions of the sediment control permit and the Notices of Violation
3Z36224072,Department of Housing and Community Affairs,Open,07/11/2019,06/27/2019,07/11/2019,500.00,Abatement Order entered,10/22/2019,26-9(a)(8),"Accumulating garbage or rubbish outside of approved storage container, garage or building."
4Z36226656,Department of Housing and Community Affairs,Open,01/31/2020,01/22/2020,01/31/2020,500.00,,,26-9(c)(1),"Failure to maintain plumbing fixture in good sanitary working condition free from defects, leaks, and other obstructions."
2Z39895648,Animal Control and Humane Treatment,Open,03/24/2017,03/07/2017,03/24/2017,100.00,Stet Docket,05/09/2017,5-203-a-10,Neglect of a brown male Cocker Spaniel type dog resulting in it being caused to endure unneccessary pain and suffering
2Z42209099,Animal Control and Humane Treatment,Open,07/23/2019,07/03/2019,07/23/2019,100.00,Abatement Order entered,09/10/2019,5-203-a-5,"Prevent an animal from causing unsanitary, dangerous, or offensive conditions because of the size or number of the animals in a single location"
1Z36226765,Department of Housing and Community Affairs,Open,02/07/2020,02/03/2020,02/07/2020,500.00,,,26-9(a)(1),Failure to maintain item/structure in good repair.
4Z36226488,Department of Housing and Community Affairs,Open,12/19/2019,12/17/2019,12/19/2019,500.00,,,29-16(a),Operating a rental facility without first obtaining a rental facility license.
4Z42126025,Animal Control and Humane Treatment,Open,05/31/2019,05/03/2019,05/31/2019,100.00,Abatement Order entered,11/12/2019,5-203-a-9,Obtain and provide proof that an animal is licensed in Montgomery County
6Z40851397,Washington Metro. and Transit Auth. Police,Open,03/03/2020,02/25/2020,03/03/2020,50.00,,,54-A-2-9,Cease entering or leaving a fare-paid area of a rail transport station without paying the fare or presenting a valid transfer
4Z36225557,Department of Housing and Community Affairs,Open,11/15/2019,11/05/2019,11/15/2019,500.00,Stet Docket,02/18/2020,26-9(a)(4),Failure to maintain supplied facility in satisfactory working condition.
0Z42209125,Animal Control and Humane Treatment,Open,11/06/2019,10/28/2019,11/06/2019,500.00,,03/10/2020,5-203-a-5,"Prevent an animal from causing unsanitary, dangerous, or offensive conditions because of the size or number of the animals in a single location"
1Z36218596,Department of Housing and Community Affairs,Open,07/28/2017,07/24/2017,07/28/2017,500.00,Abatement Order entered,02/27/2018,26-9(a)(1),Failure to maintain item/structure in good repair.
5Z40612423,Washington Metro. and Transit Auth. Police,Closed,11/15/2018,10/03/2018,04/08/2020,50.00,Default Judgment,01/08/2019,54-A-2-9,Cease entering or leaving a fare-paid area of a rail transport station without paying the fare or presenting a valid transfer
6Z36225272,Department of Housing and Community Affairs,Open,11/15/2019,11/05/2019,11/15/2019,500.00,Stet Docket,02/18/2020,26-9(a)(4),Failure to maintain supplied facility in satisfactory working condition.
1Z40860254,Washington Metro. and Transit Auth. Police,Closed,05/15/2019,04/06/2019,04/08/2020,50.00,Default Judgment,07/09/2019,54-A-2-9,Cease entering or leaving a fare-paid area of a rail transport station without paying the fare or presenting a valid transfer
3Z41707389,Department of Permitting Services,Open,11/11/2019,10/15/2019,11/11/2019,500.00,,,8-24-a,Comply with the NOV requiring permits and inspections for large additions to the home
5Z36217753,Department of Housing and Community Affairs,Open,03/13/2017,02/24/2017,03/13/2017,500.00,Defendant found in contempt,02/27/2018,26-9(b)(3),"Failure to maintain exterior surfaces free of flaking, peeling or loose paint and free of water seepage and against decay."
4Z36217752,Department of Housing and Community Affairs,Open,03/13/2017,02/24/2017,03/13/2017,500.00,Defendant found in contempt,02/27/2018,26-9(b)(5),"Failure to maintain grounds: free of erosion or gullying; grass or weeds over 12 inches high; and/or shrubbery, trees, vines, hedges, and other vegetation, including dead trees and branches."
1Z36223916,Department of Housing and Community Affairs,Open,07/11/2019,06/18/2019,07/11/2019,500.00,Guilty,10/29/2019,26-9(b)(5),"Failure to maintain grounds: free of erosion or gullying; grass or weeds over 12 inches high; and/or shrubbery, trees, vines, hedges, and other vegetation, including dead trees and branches."
2Z40953369,Department of Permitting Services,Open,02/14/2017,02/03/2017,02/14/2017,500.00,,05/16/2017,8-24-a,Comply with the NOV requiring permits and inspections for large additions to the home
3Z41707116,Department of Permitting Services,Open,01/03/2020,11/26/2019,01/03/2020,500.00,,,8-24-a,Comply with the NOV requiring permits and inspections for large additions to the home
1Z36219128,Department of Housing and Community Affairs,Open,10/13/2017,09/21/2017,10/13/2017,500.00,Abatement Order entered,02/27/2018,26-9(a)(2),"Failure to maintain door, window, and/or hatchway in sound working condition."
0Z36223159,Department of Housing and Community Affairs,Open,04/19/2019,04/09/2019,04/19/2019,500.00,Abatement Order entered,07/30/2019,26-9(b)(3),"Failure to maintain exterior surfaces free of flaking, peeling or loose paint and free of water seepage and against decay."
3Z36226970,Department of Housing and Community Affairs,Open,03/03/2020,02/26/2020,03/03/2020,500.00,,,26-9(a)(1),Failure to maintain item/structure in good repair.
2Z40854011,Washington Metro. and Transit Auth. Police,Open,11/22/2019,11/12/2019,11/22/2019,50.00,,02/11/2020,54-A-2-9,Cease entering or leaving a fare-paid area of a rail transport station without paying the fare or presenting a valid transfer
2Z36226528,Department of Housing and Community Affairs,Open,12/30/2019,12/23/2019,12/30/2019,500.00,,,29-16(a),Operating a rental facility without first obtaining a rental facility license.
6Z36217684,Department of Housing and Community Affairs,Open,02/13/2017,01/31/2017,02/13/2017,500.00,Abatement Order entered,05/23/2017,26-9(a)(1),Failure to maintain item/structure in good repair.
0Z41768006,Animal Control and Humane Treatment,Open,11/06/2019,10/02/2019,11/06/2019,500.00,Abatement Order entered,02/11/2020,5-203-a-10,Neglect of a brown male Cocker Spaniel type dog resulting in it being caused to endure unneccessary pain and suffering
0Z36219848,Department of Housing and Community Affairs,Open,02/14/2018,01/31/2018,02/14/2018,500.00,,,29-16(a),Operating a rental facility without first obtaining a rental facility license.
5Z40850598,Washington Metro. and Transit Auth. Police,Closed,11/15/2018,10/23/2018,04/08/2020,50.00,Default Judgment,01/08/2019,54-A-2-9,Cease entering or leaving a fare-paid area of a rail transport station without paying the fare or presenting a valid transfer
5Z42123254,Animal Control and Humane Treatment,Open,03/06/2020,03/04/2020,03/06/2020,100.00,,,5-203-A-1,Prevent the animal other than an altered cat to be at large
2Z42316262,False Alarm,Open,11/10/2018,10/22/2018,11/10/2018,500.00,,,3a-4C(5),Requesting police dispatch to a burglar alarm activation after having been notified that the alarm user was in a suspended police response status.
0Z40851258,Washington Metro. and Transit Auth. Police,Open,11/05/2019,10/24/2019,11/05/2019,50.00,,02/11/2020,54-A-2-9,Cease entering or leaving a fare-paid area of a rail transport station without paying the fare or presenting a valid transfer
5Z40851228,Washington Metro. and Transit Auth. Police,Closed,05/15/2019,04/16/2019,04/08/2020,50.00,Default Judgment,07/09/2019,54-A-2-9,Cease entering or leaving a fare-paid area of a rail transport station without paying the fare or presenting a valid transfer
0Z40614329,Washington Metro. and Transit Auth. Police,Closed,03/15/2019,02/17/2019,04/08/2020,50.00,Default Judgment,07/09/2019,54-A-2-9,Cease entering or leaving a fare-paid area of a rail transport station without paying the fare or presenting a valid transfer
3Z36217730,Department of Housing and Community Affairs,Open,02/22/2017,02/10/2017,02/22/2017,500.00,Abatement Order entered,05/23/2017,26-9(a)(1),Failure to maintain item/structure in good repair.
2Z41706751,Department of Permitting Services,Open,11/01/2017,09/25/2017,11/01/2017,500.00,Abatement Order entered,02/20/2018,8-26-B-B,failure to obtain the final or have current permit extended; current permit is expired
5Z40860783,Washington Metro. and Transit Auth. Police,Closed,08/15/2019,08/07/2019,04/08/2020,50.00,Default Judgment,11/12/2019,54-A-2-9,Cease entering or leaving a fare-paid area of a rail transport station without paying the fare or presenting a valid transfer
1Z36225617,Department of Housing and Community Affairs,Open,11/22/2019,11/12/2019,11/22/2019,500.00,,03/24/2020,26-9(a)(1),Failure to maintain item/structure in good repair.
1Z42317297,False Alarm,Open,03/23/2020,03/02/2020,03/23/2020,500.00,Paid and Satisfied,,3a-4C(2),requesting police dispatch to a burglar alarm activation without providing the required alarm user registration number.
2Z36221208,Department of Housing and Community Affairs,Open,08/24/2018,08/16/2018,08/24/2018,500.00,Abatement Order entered,11/27/2018,26-9(a)(1),Failure to maintain item/structure in good repair.
6Z40860217,Washington Metro. and Transit Auth. Police,Closed,09/10/2019,08/28/2019,04/08/2020,50.00,Default Judgment,11/12/2019,54-A-2-9,Cease entering or leaving a fare-paid area of a rail transport station without paying the fare or presenting a valid transfer
5Z41707363,Department of Permitting Services,Closed,04/15/2020,04/06/2020,04/23/2020,750.00,Dismiss without prejudice,,8-17-e,failure to obtain the final inspection for a mechanical permit
0Z36219043,Department of Housing and Community Affairs,Open,10/06/2017,09/12/2017,10/06/2017,500.00,Abatement Order entered,02/27/2018,26-9(a)(8),"Accumulating garbage or rubbish outside of approved storage container, garage or building."
3Z39911924,Department of Environmental Protection/Solid Waste,Open,07/31/2019,07/26/2019,07/31/2019,500.00,,10/08/2019,48-20-a,Obtain a collector's/haulers valid tag for the vehicle before transporting or collecting solid waste within Montgomery County
5Z36221190,Department of Housing and Community Affairs,Open,08/24/2018,08/15/2018,08/24/2018,500.00,Abatement Order entered,11/27/2018,26-9(a)(8),"Accumulating garbage or rubbish outside of approved storage container, garage or building."
6Z40860777,Washington Metro. and Transit Auth. Police,Closed,05/31/2019,,04/08/2020,50.00,Default Judgment,07/09/2019,54-A-2-9,Cease entering or leaving a fare-paid area of a rail transport station without paying the fare or presenting a valid transfer
6Z40952918,Department of Permitting Services,Open,02/20/2020,02/11/2020,02/20/2020,1000.00,,,19-2-a,Cease engaging into any land disturbing activity without first the proper permit from DPS.
1Z40860226,Washington Metro. and Transit Auth. Police,Closed,11/15/2018,10/19/2018,04/08/2020,50.00,Default Judgment,01/08/2019,54-A-2-9,Cease entering or leaving a fare-paid area of a rail transport station without paying the fare or presenting a valid transfer
4Z40851052,Washington Metro. and Transit Auth. Police,Closed,05/15/2019,04/07/2019,04/08/2020,100.00,Default Judgment,07/09/2019,53-317-a,Parking an out of service taxicab at a cab stand
5Z40990283,Animal Control and Humane Treatment,Open,03/28/2017,03/05/2017,03/28/2017,100.00,Abatement Order entered,05/09/2017,5-203-A-1,Prevent the animal other than an altered cat to be at large
3Z42211543,Animal Control and Humane Treatment,Open,03/31/2019,03/04/2019,03/31/2019,500.00,Default Judgment,05/14/2019,5-402-C,Possessing unvaccinated dog
2Z36213347,Department of Housing and Community Affairs,Closed,08/19/2014,08/12/2014,05/04/2020,500.00,Abatement Order Compliance,,26-9(c)(5),Failure to maintain floor covering in good repair and sanitary condition.
0Z39889486,Department of Environmental Protection,Open,04/15/2020,03/05/2020,04/15/2020,500.00,,,31-B-5-b,Cease creating a noise disturbance by allowing amplified music to be played for several hours
3Z42125947,Animal Control and Humane Treatment,Open,11/15/2018,10/24/2018,11/15/2018,500.00,Abatement Order entered,01/08/2019,5-203-C,Prevent the animal from having unwanted contact with a person or another domesticated animal at all times.
2Z40953292,Department of Permitting Services,Open,03/21/2018,02/13/2018,03/21/2018,500.00,Abatement Order entered,06/19/2018,59-4-4-4-B-1,Maximum lot coverage exceeds 35 percent in a R-60 zone
6Z40860420,Washington Metro. and Transit Auth. Police,Closed,05/01/2019,03/18/2019,04/08/2020,50.00,Default Judgment,07/09/2019,54-A-2-9,Cease entering or leaving a fare-paid area of a rail transport station without paying the fare or presenting a valid transfer
4Z40613220,Washington Metro. and Transit Auth. Police,Closed,03/20/2019,02/21/2019,04/08/2020,50.00,Default Judgment,06/11/2019,54-A-2-9,Cease entering or leaving a fare-paid area of a rail transport station without paying the fare or presenting a valid transfer
6Z36217586,Department of Housing and Community Affairs,Open,01/25/2017,01/09/2017,01/25/2017,500.00,Abatement Order entered,05/23/2017,26-9(a)(4),Failure to maintain supplied facility in satisfactory working condition.
3Z40854138,Washington Metro. and Transit Auth. Police,Closed,03/21/2019,02/11/2019,04/08/2020,50.00,Default Judgment,05/14/2019,54-A-2-9,Cease entering or leaving a fare-paid area of a rail transport station without paying the fare or presenting a valid transfer
4Z36226502,Department of Housing and Community Affairs,Open,12/30/2019,12/18/2019,12/30/2019,500.00,,,26-9(b)(3),"Failure to maintain exterior surfaces free of flaking, peeling or loose paint and free of water seepage and against decay."
0z40996228,Department of Environmental Protection/Solid Waste,Open,01/31/2018,12/27/2017,01/31/2018,500.00,,,48-19(A)-2-A,Transporting solid waste in the County without a suitable cover to prevent loss of material
2Z36226871,Department of Housing and Community Affairs,Open,03/23/2020,02/13/2020,03/23/2020,500.00,,,26-6(a),Failure to maintain electrical service in good safe working condition.
5Z42317357,False Alarm,Closed,04/21/2020,03/29/2020,04/28/2020,500.00,Paid and Satisfied,,3a-4C(2),requesting police dispatch to a burglar alarm activation without providing the required alarm user registration number.
4Z36217731,Department of Housing and Community Affairs,Open,02/22/2017,02/10/2017,02/22/2017,500.00,Abatement Order entered,05/23/2017,26-9(a)(1),Failure to maintain item/structure in good repair.
2Z36217715,Department of Housing and Community Affairs,Open,02/22/2017,02/10/2017,02/22/2017,500.00,Abatement Order entered,05/23/2017,26-9(a)(2),"Failure to maintain door, window, and/or hatchway in sound working condition."
3Z42125821,Animal Control and Humane Treatment,Open,04/30/2019,04/16/2019,04/30/2019,100.00,Abatement Order entered,07/09/2019,5-203-a-2,Refrain from allowing an animal to defecate on another person's property
1Z36227108,Department of Housing and Community Affairs,Closed,03/23/2020,03/11/2020,04/08/2020,500.00,Dismiss without prejudice,,26-9(b)(4),"Failure to maintain apron, driveway, sidewalk, walkway, parking lot, and/or patio in good serviceable and safe condition."
2Z36223756,Department of Housing and Community Affairs,Open,06/14/2019,05/31/2019,06/14/2019,500.00,,,26-9(b)(3),"Failure to maintain exterior surfaces free of flaking, peeling or loose paint and free of water seepage and against decay."
6Z36219126,Department of Housing and Community Affairs,Open,10/13/2017,09/21/2017,10/13/2017,500.00,Abatement Order entered,02/27/2018,26-9(b)(3),"Failure to maintain exterior surfaces free of flaking, peeling or loose paint and free of water seepage and against decay."
0Z36217727,Department of Housing and Community Affairs,Open,02/22/2017,02/10/2017,02/22/2017,500.00,Abatement Order entered,05/23/2017,26-9(a)(2),"Failure to maintain door, window, and/or hatchway in sound working condition."
4Z41767828,Animal Control and Humane Treatment,Open,02/12/2020,02/01/2020,02/12/2020,500.00,,,5-402-C,"An owner must vaccinate a cat, dog, or ferret older than 4 months of age against rabies and provide proof of the most recent vaccination to an animal control officer within 24 hours."
0Z40990390,Animal Control and Humane Treatment,Open,02/28/2017,02/09/2017,02/28/2017,500.00,Stet Docket,05/09/2017,5-203-C,Prevent the animal from having unwanted contact with a person or another domesticated animal at all times.
0Z36225357,Department of Housing and Community Affairs,Open,11/15/2019,11/05/2019,11/15/2019,500.00,Stet Docket,02/18/2020,26-9(a)(4),Failure to maintain supplied facility in satisfactory working condition.
6Z42126440,Animal Control and Humane Treatment,Open,06/30/2019,06/20/2019,06/30/2019,500.00,Dismiss without prejudice,09/10/2019,5-402-C,"An owner must vaccinate a cat, dog, or ferret older than 4 months of age against rabies and provide proof of the most recent vaccination to an animal control officer within 24 hours."
5Z36224158,Department of Housing and Community Affairs,Open,07/19/2019,07/02/2019,07/19/2019,500.00,Guilty,10/29/2019,26-9(c)(5),Failure to maintain floor covering in good repair and sanitary condition.
6Z40990284,Animal Control and Humane Treatment,Open,03/28/2017,03/05/2017,03/28/2017,100.00,Abatement Order entered,05/09/2017,5-203-a-3,Prevent an animal from entering a private property without the property owners's permission
4Z36225291,Department of Housing and Community Affairs,Open,11/15/2019,11/05/2019,11/15/2019,500.00,Stet Docket,02/18/2020,26-9(a)(4),Failure to maintain supplied facility in satisfactory working condition.
3Z42317348,False Alarm,Open,04/21/2020,03/29/2020,04/21/2020,500.00,,,3a-4C(2),requesting police dispatch to a burglar alarm activation without providing the required alarm user registration number.
5Z39895644,Animal Control and Humane Treatment,Open,03/23/2017,02/28/2017,03/23/2017,500.00,Guilty,05/09/2017,5-201-b,Provide shade and shelterfor an animal on a 90 degrees day.
2Z36224855,Department of Housing and Community Affairs,Open,10/11/2019,10/02/2019,10/11/2019,500.00,Dismiss without prejudice,02/25/2020,26-9(a)(1),Failure to maintain item/structure in good repair.
3Z40850512,Washington Metro. and Transit Auth. Police,Closed,05/15/2019,04/14/2019,04/08/2020,50.00,Default Judgment,07/09/2019,53-317-a,Parking an out of service taxicab at a cab stand
4Z41706739,Department of Permitting Services,Open,07/18/2018,07/10/2018,07/18/2018,500.00,Abatement Order entered,09/18/2018,8-28-b,obtain the final inspection approval before occupying the basement accessory apartment
6Z42317365,False Alarm,Closed,04/21/2020,03/29/2020,04/22/2020,500.00,Paid and Satisfied,,3a-4C(2),requesting police dispatch to a burglar alarm activation without providing the required alarm user registration number.
2Z40953236,Department of Permitting Services,Open,02/27/2018,02/21/2018,02/27/2018,500.00,Abatement Order entered,06/19/2018,59-3-1-6,Allowing the use of a residentially zoned lot as a staging and commerical storage lot
3Z42317362,False Alarm,Closed,04/21/2020,03/29/2020,04/28/2020,500.00,Paid and Satisfied,,3a-4C(2),requesting police dispatch to a burglar alarm activation without providing the required alarm user registration number.
4Z40860425,Washington Metro. and Transit Auth. Police,Closed,08/23/2019,05/29/2019,04/08/2020,50.00,Default Judgment,09/10/2019,54-A-2-9,Cease entering or leaving a fare-paid area of a rail transport station without paying the fare or presenting a valid transfer
1Z42317283,False Alarm,Open,03/23/2020,03/02/2020,03/23/2020,500.00,Paid and Satisfied,,3a-4C(2),requesting police dispatch to a burglar alarm activation without providing the required alarm user registration number.
2Z39896279,Animal Control and Humane Treatment,Open,02/15/2018,02/09/2018,02/15/2018,100.00,,,5-203-A-1,Prevent the animal other than an altered cat to be at large
2Z36226829,Department of Housing and Community Affairs,Open,01/21/2020,02/11/2020,01/21/2020,500.00,,,26-9(a)(1),Failure to maintain item/structure in good repair.
4Z36217717,Department of Housing and Community Affairs,Open,02/22/2017,02/10/2017,02/22/2017,500.00,Abatement Order entered,05/23/2017,26-9(c)(1),"Failure to maintain plumbing fixture in good sanitary working condition free from defects, leaks, and other obstructions."
5Z42211657,Animal Control and Humane Treatment,Open,07/23/2019,07/02/2019,07/23/2019,50.00,Abatement Order entered,09/10/2019,5-203-a-9,Obtain and provide proof that an animal is licensed in Montgomery County
3Z36218591,Department of Housing and Community Affairs,Open,07/28/2017,07/24/2017,07/28/2017,500.00,Abatement Order entered,02/27/2018,26-9(a)(1),Failure to maintain item/structure in good repair.
1Z36225309,Department of Housing and Community Affairs,Open,11/15/2019,11/05/2019,11/15/2019,500.00,Stet Docket,02/18/2020,26-9(a)(4),Failure to maintain supplied facility in satisfactory working condition.
2Z42207363,Animal Control and Humane Treatment,Closed,03/26/2020,03/19/2020,04/28/2020,500.00,Paid and Satisfied,,5-203-C,Prevent the animal from having unwanted contact with a person or another domesticated animal at all times.
3Z39912288,Department of Environmental Protection/Solid Waste,Open,12/15/2018,11/29/2018,12/15/2018,500.00,,04/16/2019,48-20-a,Obtain a collector's/haulers valid tag for the vehicle before transporting or collecting solid waste within Montgomery County
3Z36225283,Department of Housing and Community Affairs,Open,11/15/2019,11/05/2019,11/15/2019,500.00,Stet Docket,02/18/2020,26-9(a)(4),Failure to maintain supplied facility in satisfactory working condition.
0Z42317366,False Alarm,Closed,04/21/2020,03/29/2020,04/22/2020,500.00,Paid and Satisfied,,3a-4C(2),requesting police dispatch to a burglar alarm activation without providing the required alarm user registration number.
5Z36225145,Department of Housing and Community Affairs,Open,11/11/2019,10/30/2019,11/11/2019,500.00,,03/24/2020,26-9(a)(13),"Failure to remove, repair, and/or register unused vehicle"
6Z36222465,Department of Housing and Community Affairs,Open,02/06/2019,01/18/2019,02/06/2019,500.00,Guilty,04/23/2019,26-9(c)(3),"Failure to maintain wall, ceiling, floor, interior woodwork, door, and/or windows in sound condition and good repair free of flaking, peeling, or loose paint."
2Z39896453,Animal Control and Humane Treatment,Open,03/28/2017,03/08/2017,03/28/2017,100.00,Stet Docket,05/09/2017,5-203-a-2,Refrain from allowing an animal to defecate on another person's property
6Z36217726,Department of Housing and Community Affairs,Open,02/22/2017,02/10/2017,02/22/2017,500.00,Abatement Order entered,05/23/2017,26-9(a)(1),Failure to maintain item/structure in good repair.
2Z40860787,Washington Metro. and Transit Auth. Police,Closed,08/28/2019,08/14/2019,04/08/2020,50.00,Default Judgment,11/12/2019,54-A-2-9,Cease entering or leaving a fare-paid area of a rail transport station without paying the fare or presenting a valid transfer
5Z40860440,Washington Metro. and Transit Auth. Police,Closed,08/15/2019,08/05/2019,04/08/2020,50.00,Default Judgment,11/12/2019,54-A-2-9,Cease entering or leaving a fare-paid area of a rail transport station without paying the fare or presenting a valid transfer
2Z40953243,Department of Permitting Services,Open,06/27/2018,06/22/2018,06/27/2018,500.00,Abatement Order entered,09/18/2018,59-4-4-4-B-1,Maximum lot coverage exceeds 35 percent in a R-60 zone
2Z39889607,Department of Environmental Protection,Open,04/08/2020,03/30/2020,04/08/2020,500.00,,,48-21-B,Cease the collection of solid waste within Montgomery County before the hours of 7:00 am and less than 500 feet of a residential or occupied structure
0z39912040,Department of Environmental Protection/Solid Waste,Open,02/20/2020,02/17/2020,02/20/2020,500.00,,,48-19(A)-2-A,Transporting solid waste in the County without a suitable cover to prevent loss of material
3Z40861320,Washington Metro. and Transit Auth. Police,Closed,08/16/2019,08/03/2019,04/08/2020,50.00,Default Judgment,11/12/2019,54-A-2-9,Cease entering or leaving a fare-paid area of a rail transport station without paying the fare or presenting a valid transfer
4Z36224843,Department of Housing and Community Affairs,Open,10/11/2019,10/02/2019,10/11/2019,500.00,Continued,02/25/2020,26-9(a)(2),"Failure to maintain door, window, and/or hatchway in sound working condition."
4Z42105263,Animal Control and Humane Treatment,Open,12/31/2019,11/22/2019,12/31/2019,500.00,,03/10/2020,5-203-C,Prevent the animal from having unwanted contact with a person or another domesticated animal at all times.
0Z36226239,Department of Housing and Community Affairs,Open,12/19/2019,12/06/2019,12/19/2019,500.00,,03/31/2020,26-9(a)(1),Failure to maintain item/structure in good repair.
0Z36223334,Department of Housing and Community Affairs,Open,06/03/2019,05/01/2019,06/03/2019,500.00,Dismiss without prejudice,08/27/2019,26-9(a)(1),Failure to maintain item/structure in good repair.
0Z39895646,Animal Control and Humane Treatment,Open,03/23/2017,02/28/2017,03/23/2017,500.00,Abatement Order entered,05/09/2017,5-402-C,"An owner must vaccinate a cat, dog, or ferret older than 4 months of age against rabies and provide proof of the most recent vaccination to an animal control officer within 24 hours."
4Z42209115,Animal Control and Humane Treatment,Open,10/16/2019,10/14/2019,10/16/2019,500.00,Default Judgment,01/14/2020,5-402-C,"An owner must vaccinate a cat, dog, or ferret older than 4 months of age against rabies and provide proof of the most recent vaccination to an animal control officer within 24 hours."
4Z36225417,Department of Housing and Community Affairs,Open,11/15/2019,11/05/2019,11/15/2019,500.00,Stet Docket,02/18/2020,26-9(a)(4),Failure to maintain supplied facility in satisfactory working condition.
2Z36225142,Department of Housing and Community Affairs,Open,11/11/2019,10/30/2019,11/11/2019,500.00,,03/24/2020,26-8(a)(1),Failure to provide safe and unobstructed means of escape leading to safe and open space ground level.
2Z36226626,Department of Housing and Community Affairs,Open,01/16/2020,01/13/2020,01/16/2020,500.00,,,26-9(a)(4),Failure to maintain supplied facility in satisfactory working condition.
1Z36222369,Department of Housing and Community Affairs,Open,01/11/2019,01/07/2019,01/11/2019,500.00,Abatement Order entered,03/26/2019,26-9(b)(4),"Failure to maintain apron, driveway, sidewalk, walkway, parking lot, and/or patio in good serviceable and safe condition."
1Z36220283,Department of Housing and Community Affairs,Open,04/27/2018,04/19/2018,04/27/2018,500.00,Abatement Order entered,06/26/2018,26-13(c)(3),Occupying or allowing the occupancy of a condemned dwelling/structure.
2Z40855243,Washington Metro. and Transit Auth. Police,Open,02/03/2020,01/16/2020,02/03/2020,50.00,,,54-A-2-9,Cease entering or leaving a fare-paid area of a rail transport station without paying the fare or presenting a valid transfer
1Z40990181,Animal Control and Humane Treatment,Open,02/28/2017,02/21/2017,02/28/2017,500.00,Stet Docket,05/09/2017,5-203-C,Prevent the animal from having unwanted contact with a person or another domesticated animal at all times.
3Z40613527,Washington Metro. and Transit Auth. Police,Closed,03/15/2019,02/15/2019,04/08/2020,50.00,Default Judgment,06/11/2019,54-A-2-9,Cease entering or leaving a fare-paid area of a rail transport station without paying the fare or presenting a valid transfer
5Z36226797,Department of Housing and Community Affairs,Open,02/14/2020,02/05/2020,02/14/2020,500.00,,,26-9(a)(12),Failure to eliminate public nuisance.
0Z36225238,Department of Housing and Community Affairs,Open,11/15/2019,11/05/2019,11/15/2019,500.00,Stet Docket,02/18/2020,26-9(a)(4),Failure to maintain supplied facility in satisfactory working condition.
1Z36225400,Department of Housing and Community Affairs,Open,11/15/2019,11/05/2019,11/15/2019,500.00,Stet Docket,02/18/2020,26-9(a)(4),Failure to maintain supplied facility in satisfactory working condition.
2Z39889558,Department of Environmental Protection,Open,07/13/2019,06/25/2019,07/13/2019,750.00,Continued,01/14/2020,31B-5-B,Causing or permitting a noise disturbance
4Z36223849,Department of Housing and Community Affairs,Open,07/11/2019,06/10/2019,07/11/2019,500.00,Guilty,10/29/2019,26-9(a)(1),Failure to maintain item/structure in good repair.
3Z33958753,Washington Metro. and Transit Auth. Police,Open,01/21/2020,01/13/2020,01/21/2020,50.00,,03/10/2020,54-A-2-9,Cease entering or leaving a fare-paid area of a rail transport station without paying the fare or presenting a valid transfer
1Z36222243,Department of Housing and Community Affairs,Open,01/11/2019,12/18/2018,01/11/2019,500.00,Guilty,02/26/2019,26-9(a)(1),Failure to maintain item/structure in good repair.
6Z36217719,Department of Housing and Community Affairs,Open,02/22/2017,02/10/2017,02/22/2017,500.00,Abatement Order entered,05/23/2017,26-9(a)(1),Failure to maintain item/structure in good repair.
4Z36218914,Department of Housing and Community Affairs,Open,08/24/2017,08/21/2017,08/24/2017,500.00,Continued,01/28/2020,26-9(a)(2),"Failure to maintain door, window, and/or hatchway in sound working condition."
0Z42126441,Animal Control and Humane Treatment,Open,06/30/2019,06/20/2019,06/30/2019,100.00,Dismiss without prejudice,09/10/2019,5-203-a-9,Obtain and provide proof that an animal is licensed in Montgomery County
4Z36217570,Department of Housing and Community Affairs,Open,01/13/2017,01/04/2017,01/13/2017,500.00,,05/23/2017,26-9(c)(1),"Failure to maintain plumbing fixture in good sanitary working condition free from defects, leaks, and other obstructions."
4Z36226922,Department of Housing and Community Affairs,Closed,03/03/2020,02/18/2020,04/23/2020,500.00,Dismiss without prejudice,,26-9(c)(1),"Failure to maintain plumbing fixture in good sanitary working condition free from defects, leaks, and other obstructions."
6Z36225699,Department of Housing and Community Affairs,Open,12/05/2019,11/22/2019,12/05/2019,500.00,,03/31/2020,26-9(a)(2),"Failure to maintain door, window, and/or hatchway in sound working condition."
6Z39891893,Department of Permitting Services,Open,02/23/2016,02/01/2016,02/23/2016,500.00,,05/16/2017,8-24-a,Comply with the NOV requiring permits and inspections for large additions to the home
4Z36226089,Department of Housing and Community Affairs,Open,12/19/2019,12/03/2019,12/19/2019,500.00,,,26-6(a),Failure to maintain electrical service in good safe working condition.
0Z36225427,Department of Housing and Community Affairs,Open,11/15/2019,11/05/2019,11/15/2019,500.00,Stet Docket,02/18/2020,26-9(a)(4),Failure to maintain supplied facility in satisfactory working condition.
6Z40990389,Animal Control and Humane Treatment,Open,02/28/2017,02/09/2017,02/28/2017,100.00,Stet Docket,05/09/2017,5-203-a-3,Prevent an animal from entering a private property without the property owners's permission
2Z36227130,Department of Housing and Community Affairs,Open,03/24/2020,03/18/2020,03/24/2020,500.00,,,26-6(a),Failure to maintain electrical service in good safe working condition.
5Z40856016,Washington Metro. and Transit Auth. Police,Open,05/31/2019,03/15/2019,05/31/2019,100.00,,,5-601,Possession of marijuana less than 10 grams
0Z40990285,Animal Control and Humane Treatment,Open,03/28/2017,03/05/2017,03/28/2017,500.00,Abatement Order entered,05/09/2017,5-203-C,Prevent the animal from having unwanted contact with a person or another domesticated animal at all times.
2Z40614996,Washington Metro. and Transit Auth. Police,Closed,03/12/2020,02/27/2020,04/07/2020,50.00,Paid and Satisfied,,54-A-2-9,Cease entering or leaving a fare-paid area of a rail transport station without paying the fare or presenting a valid transfer
2Z41706730,Department of Permitting Services,Open,06/14/2018,05/24/2018,06/14/2018,500.00,Show Cause Order Withdrawn,08/20/2019,22-16,Using retail space as warehouse space without valid Use & Occupancy
1Z40855235,Washington Metro. and Transit Auth. Police,Closed,09/25/2019,09/12/2019,04/08/2020,50.00,Default Judgment,12/10/2019,54-A-2-9,Cease entering or leaving a fare-paid area of a rail transport station without paying the fare or presenting a valid transfer
3Z36222455,Department of Housing and Community Affairs,Open,02/06/2019,01/18/2019,02/06/2019,500.00,Guilty,04/23/2019,26-9(a)(4),Failure to maintain supplied facility in satisfactory working condition.
5Z36226300,Department of Housing and Community Affairs,Open,12/19/2019,12/06/2019,12/19/2019,500.00,,03/31/2020,26-9(a)(12),Failure to eliminate public nuisance.
0Z36226309,Department of Housing and Community Affairs,Open,12/19/2019,12/06/2019,12/19/2019,500.00,,03/31/2020,26-9(c)(5),Failure to maintain floor covering in good repair and sanitary condition.
2Z36226479,Department of Housing and Community Affairs,Open,12/19/2019,12/17/2019,12/19/2019,500.00,,,29-16(a),Operating a rental facility without first obtaining a rental facility license.
1Z36217574,Department of Housing and Community Affairs,Open,01/13/2017,01/04/2017,01/13/2017,500.00,Continued,05/23/2017,26-9(a)(1),Failure to maintain item/structure in good repair.
3Z36219725,Department of Housing and Community Affairs,Closed,01/29/2018,01/16/2018,05/04/2020,500.00,Dismiss without prejudice,,26-9(a)(2),"Failure to maintain door, window, and/or hatchway in sound working condition."
4Z36226929,Department of Housing and Community Affairs,Open,03/03/2020,02/20/2020,03/03/2020,500.00,,,26-9(a)(13),"Failure to remove, repair, and/or register unused vehicle"
3Z42126493,Animal Control and Humane Treatment,Open,09/24/2018,09/05/2018,09/24/2018,100.00,Abatement Order entered,11/13/2018,5-203-a-3,Prevent an animal from entering a private property without the property owners's permission
3Z39895642,Animal Control and Humane Treatment,Open,03/23/2017,02/27/2017,03/23/2017,100.00,Abatement Order entered,05/09/2017,5-203-A-6,Prevent the animal from creating or causing noise that is loud and persistent enough to disturb another person's quiet enjoyment.
4Z39889420,Department of Environmental Protection,Open,04/20/2020,04/17/2020,04/20/2020,500.00,,,31-B-5-b,Cease creating a noise disturbance by allowing amplified music to be played for several hours
6Z41707112,Department of Permitting Services,Open,12/05/2019,11/21/2019,12/05/2019,500.00,,,8-24-a,Comply with the NOV requiring permits and inspections for large additions to the home
2Z40851253,Washington Metro. and Transit Auth. Police,Open,10/08/2019,09/29/2019,10/08/2019,50.00,Default Judgment,01/14/2020,54-A-2-9,Cease entering or leaving a fare-paid area of a rail transport station without paying the fare or presenting a valid transfer
4Z36220398,Department of Housing and Community Affairs,Open,05/08/2018,05/03/2018,05/08/2018,500.00,Default Judgment,07/24/2018,26-9(b)(4),"Failure to maintain apron, driveway, sidewalk, walkway, parking lot, and/or patio in good serviceable and safe condition."
4Z42125941,Animal Control and Humane Treatment,Open,11/15/2018,10/18/2018,11/15/2018,500.00,Abatement Order entered,01/08/2019,5-203-C,Prevent the animal from having unwanted contact with a person or another domesticated animal at all times.
4Z40990422,Animal Control and Humane Treatment,Open,03/28/2017,03/03/2017,03/28/2017,500.00,Stet Docket,05/09/2017,5-203-C,Prevent the animal from having unwanted contact with a person or another domesticated animal at all times.
0Z36224692,Department of Housing and Community Affairs,Open,09/20/2019,09/18/2019,09/20/2019,500.00,Abatement Order entered,01/28/2020,26-9(b)(3),"Failure to maintain exterior surfaces free of flaking, peeling or loose paint and free of water seepage and against decay."
2Z36225485,Department of Housing and Community Affairs,Open,11/15/2019,11/05/2019,11/15/2019,500.00,Stet Docket,02/18/2020,26-9(a)(4),Failure to maintain supplied facility in satisfactory working condition.
6Z39895645,Animal Control and Humane Treatment,Open,03/23/2017,02/28/2017,03/23/2017,500.00,Abatement Order entered,05/09/2017,5-203-a-9,Obtain and provide proof that an animal is licensed in Montgomery County
4Z40856106,Washington Metro. and Transit Auth. Police,Closed,01/14/2020,01/05/2020,04/20/2020,50.00,Paid and Satisfied,03/10/2020,54-A-2-9,Cease entering or leaving a fare-paid area of a rail transport station without paying the fare or presenting a valid transfer
2Z36225527,Department of Housing and Community Affairs,Open,11/15/2019,11/05/2019,11/15/2019,500.00,Stet Docket,02/18/2020,26-9(a)(4),Failure to maintain supplied facility in satisfactory working condition.
4Z40850737,Washington Metro. and Transit Auth. Police,Closed,11/30/2018,11/16/2018,04/08/2020,50.00,Default Judgment,03/12/2019,54-A-2-9,Cease entering or leaving a fare-paid area of a rail transport station without paying the fare or presenting a valid transfer
1Z41768021,Animal Control and Humane Treatment,Open,03/26/2020,03/05/2020,03/26/2020,100.00,,,5-203-a-3,Prevent an animal from entering a private property without the property owners's permission
1Z36219394,Department of Housing and Community Affairs,Open,11/17/2017,11/07/2017,11/17/2017,500.00,Abatement Order entered,03/27/2018,26-9(a)(4),Failure to maintain supplied facility in satisfactory working condition.
3Z40860249,Washington Metro. and Transit Auth. Police,Closed,05/01/2019,03/07/2019,04/08/2020,50.00,Default Judgment,07/09/2019,54-A-2-9,Cease entering or leaving a fare-paid area of a rail transport station without paying the fare or presenting a valid transfer
6Z36226301,Department of Housing and Community Affairs,Open,12/19/2019,12/06/2019,12/19/2019,500.00,,03/31/2020,26-6(a),Failure to maintain electrical service in good safe working condition.
0Z40860792,Washington Metro. and Transit Auth. Police,Closed,09/18/2019,09/12/2019,04/08/2020,50.00,Default Judgment,12/10/2019,54-A-2-9,Cease entering or leaving a fare-paid area of a rail transport station without paying the fare or presenting a valid transfer
4Z42211642,Animal Control and Humane Treatment,Open,07/14/2019,07/23/2019,07/14/2019,100.00,,10/08/2019,5-203-A-1,Prevent the animal other than an altered cat to be at large
2Z36219437,Department of Housing and Community Affairs,Open,12/08/2017,11/27/2017,12/08/2017,500.00,Stet Docket,03/27/2018,26-14(a),"Failure to demolish, remove or repair a condemned structure"
1Z36226261,Department of Housing and Community Affairs,Open,12/19/2019,12/06/2019,12/19/2019,500.00,,03/31/2020,26-9(a)(1),Failure to maintain item/structure in good repair.
1Z36227003,Department of Housing and Community Affairs,Open,03/23/2020,03/03/2020,03/23/2020,500.00,,,26-9(a)(8),"Accumulating garbage or rubbish outside of approved storage container, garage or building."
6Z36225412,Department of Housing and Community Affairs,Open,11/15/2019,11/05/2019,11/15/2019,500.00,Stet Docket,02/18/2020,26-9(a)(4),Failure to maintain supplied facility in satisfactory working condition.
1Z36213346,Department of Housing and Community Affairs,Closed,08/19/2014,08/12/2014,05/04/2020,500.00,Abatement Order Compliance,,26-9(c)(5),Failure to maintain floor covering in good repair and sanitary condition.
3Z42105255,Animal Control and Humane Treatment,Closed,11/25/2019,11/14/2019,04/20/2020,100.00,Paid and Satisfied,03/10/2020,5-203-A-1,Prevent the animal other than an altered cat to be at large
3Z40855202,Washington Metro. and Transit Auth. Police,Closed,08/27/2019,08/16/2019,04/08/2020,50.00,Default Judgment,11/12/2019,54-A-2-9,Cease entering or leaving a fare-paid area of a rail transport station without paying the fare or presenting a valid transfer
4Z40613528,Washington Metro. and Transit Auth. Police,Closed,09/10/2019,09/02/2019,04/08/2020,50.00,Default Judgment,11/12/2019,54-A-2-9,Cease entering or leaving a fare-paid area of a rail transport station without paying the fare or presenting a valid transfer
1Z40952507,Department of Permitting Services,Open,02/13/2017,01/25/2017,02/13/2017,1000.00,,05/16/2017,19-2-a,Cease engaging into any land disturbing activity without first the proper permit from DPS.
4z40850478,Washington Metro. and Transit Auth. Police,Closed,03/15/2019,,04/08/2020,50.00,Default Judgment,06/11/2019,54-A-2-9,Cease entering or leaving a fare-paid area of a rail transport station without paying the fare or presenting a valid transfer
0Z36226561,Department of Housing and Community Affairs,Open,01/16/2020,01/06/2020,01/16/2020,500.00,,,26-9(b)(5),"Failure to maintain grounds: free of erosion or gullying; grass or weeds over 12 inches high; and/or shrubbery, trees, vines, hedges, and other vegetation, including dead trees and branches."
1Z41767853,Animal Control and Humane Treatment,Open,03/04/2020,02/12/2020,03/04/2020,100.00,,,5-203-A-1,Prevent the animal other than an altered cat to be at large
2Z39896243,Animal Control and Humane Treatment,Open,12/01/2017,11/20/2017,12/01/2017,100.00,Stet Docket,03/13/2018,5-203-A-1,Prevent the animal other than an altered cat to be at large
3Z42317327,False Alarm,Open,03/23/2020,03/02/2020,03/23/2020,500.00,Paid and Satisfied,,3a-4C(2),requesting police dispatch to a burglar alarm activation without providing the required alarm user registration number.
6Z36226525,Department of Housing and Community Affairs,Open,12/30/2019,12/23/2019,12/30/2019,1000.00,,,29-51(j),Failure to Report Rental Status of Each Unit in Rental Survey
3Z40850778,Washington Metro. and Transit Auth. Police,Closed,11/15/2018,10/07/2018,04/08/2020,50.00,Default Judgment,01/08/2019,54-A-2-9,Cease entering or leaving a fare-paid area of a rail transport station without paying the fare or presenting a valid transfer
3Z40854369,Washington Metro. and Transit Auth. Police,Closed,09/25/2019,09/05/2019,04/08/2020,50.00,Default Judgment,12/10/2019,54-A-2-9,Cease entering or leaving a fare-paid area of a rail transport station without paying the fare or presenting a valid transfer
1Z36219436,Department of Housing and Community Affairs,Open,12/08/2017,11/27/2017,12/08/2017,500.00,Abatement Order entered,03/27/2018,26-14(a),"Failure to demolish, remove or repair a condemned structure"
1Z40990517,Animal Control and Humane Treatment,Closed,02/21/2020,02/20/2020,04/07/2020,100.00,Paid and Satisfied,,5-203-A-1,Prevent the animal other than an altered cat to be at large
3Z33852556,Department of Environmental Protection,Open,06/24/2018,,06/24/2018,500.00,Paid and Satisfied,09/18/2018,19-12-9,failing to provide supportive document to the DPS for the confined space inspection and cleaning
6Z36226245,Department of Housing and Community Affairs,Open,12/19/2019,12/06/2019,12/19/2019,500.00,,03/31/2020,26-9(a)(1),Failure to maintain item/structure in good repair.
1Z42227529,Department of Permitting Services,Open,04/29/2020,04/13/2020,04/29/2020,1000.00,,,19-13-A,"Maintain in a good & effective condition and promptly repair or restore all grade surfaces, walls, drains, dams, and structures, plantings, vegetation, erosion and sediment control measures and other devices."
4Z36222253,Department of Housing and Community Affairs,Open,01/05/2019,12/19/2018,01/05/2019,500.00,,,26-9(a)(1),Failure to maintain item/structure in good repair.
0Z39896332,Animal Control and Humane Treatment,Open,01/31/2018,11/27/2017,01/31/2018,100.00,Abatement Order entered,03/13/2018,5-203-A-1,Prevent the animal other than an altered cat to be at large
5Z39896260,Animal Control and Humane Treatment,Open,12/01/2017,11/10/2017,12/01/2017,500.00,Stet Docket,03/13/2018,5-203-C,Prevent the animal from having unwanted contact with a person or another domesticated animal at all times.
1Z36222558,Department of Housing and Community Affairs,Open,02/15/2019,02/06/2019,02/15/2019,500.00,Show Cause Order Withdrawn,12/10/2019,26-9(a)(1),Failure to maintain item/structure in good repair.
2Z42227502,Department of Permitting Services,Open,02/03/2020,01/24/2020,02/03/2020,1000.00,,,19-2-a,Cease engaging into any land disturbing activity without first the proper permit from DPS.
3Z408514131,Washington Metro. and Transit Auth. Police,Open,10/01/2018,08/23/2018,10/01/2018,50.00,,,54-A-2-9,Cease entering or leaving a fare-paid area of a rail transport station without paying the fare or presenting a valid transfer
2Z42316276,False Alarm,Open,11/10/2018,10/22/2018,11/10/2018,500.00,,,3a-4C(2),requesting police dispatch to a burglar alarm activation without providing the required alarm user registration number.
0Z36223719,Department of Housing and Community Affairs,Open,06/03/2019,05/28/2019,06/03/2019,500.00,Guilty,08/27/2019,26-9(a)(7),Failure to ensure utility services stay connected.
4Z40854160,Washington Metro. and Transit Auth. Police,Closed,07/07/2019,06/27/2019,04/08/2020,50.00,Default Judgment,10/08/2019,54-A-2-9,Cease entering or leaving a fare-paid area of a rail transport station without paying the fare or presenting a valid transfer
5Z36223416,Department of Housing and Community Affairs,Open,05/22/2019,05/08/2019,05/22/2019,500.00,,10/15/2019,29-16(a),Operating a rental facility without first obtaining a rental facility license.
6Z40854358,Washington Metro. and Transit Auth. Police,Closed,07/16/2019,06/19/2019,04/08/2020,50.00,Default Judgment,10/08/2019,54-A-2-9,Cease entering or leaving a fare-paid area of a rail transport station without paying the fare or presenting a valid transfer
5Z36226839,Department of Housing and Community Affairs,Open,02/14/2020,02/11/2020,02/14/2020,500.00,,,26-9(a)(13),"Failure to remove, repair, and/or register unused vehicle"
0Z40952548,Department of Permitting Services,Open,04/21/2017,03/17/2017,04/21/2017,500.00,Abatement Order entered,06/20/2017,59-3-1-6,Allowing the use of a residentially zoned lot as a staging and commerical storage lot
5Z40851256,Washington Metro. and Transit Auth. Police,Closed,09/25/2019,09/16/2019,04/08/2020,50.00,Default Judgment,12/10/2019,54-A-2-9,Cease entering or leaving a fare-paid area of a rail transport station without paying the fare or presenting a valid transfer
4Z39905667,Animal Control and Humane Treatment,Open,07/15/2019,06/04/2019,07/15/2019,100.00,Default Judgment,09/10/2019,5-203-a-9,Obtain and provide proof that an animal is licensed in Montgomery County
4Z39896245,Animal Control and Humane Treatment,Open,12/01/2017,11/20/2017,12/01/2017,500.00,Stet Docket,03/13/2018,5-203-C,Prevent the animal from having unwanted contact with a person or another domesticated animal at all times.
6Z42317330,False Alarm,Open,03/23/2020,03/02/2020,03/23/2020,500.00,Paid and Satisfied,,3a-4C(2),requesting police dispatch to a burglar alarm activation without providing the required alarm user registration number.
3Z36217807,Department of Housing and Community Affairs,Open,03/17/2017,03/09/2017,03/17/2017,500.00,Abatement Order entered,05/30/2017,26-9(a)(8),"Accumulating garbage or rubbish outside of approved storage container, garage or building."
2Z42126275,Animal Control and Humane Treatment,Open,11/30/2018,11/14/2018,11/30/2018,100.00,Guilty,02/12/2019,5-203-A-1,Prevent the animal other than an altered cat to be at large
6Z36219574,Department of Housing and Community Affairs,Open,12/22/2017,12/13/2017,12/22/2017,500.00,Abatement Order entered,03/27/2018,26-9(a)(1),Failure to maintain item/structure in good repair.
3Z40860228,Washington Metro. and Transit Auth. Police,Closed,12/01/2018,11/19/2018,04/08/2020,50.00,Default Judgment,03/12/2019,54-A-2-9,Cease entering or leaving a fare-paid area of a rail transport station without paying the fare or presenting a valid transfer
2Z41767854,Animal Control and Humane Treatment,Open,04/08/2020,04/06/2020,04/08/2020,100.00,,,5-203-A-1,Prevent the animal other than an altered cat to be at large
1Z36226940,Department of Housing and Community Affairs,Open,03/03/2020,02/20/2020,03/03/2020,500.00,,,26-9(a)(13),"Failure to remove, repair, and/or register unused vehicle"
1Z36224616,Department of Housing and Community Affairs,Open,09/20/2019,09/10/2019,09/20/2019,500.00,,,26-9(a)(1),Failure to maintain item/structure in good repair.
4Z40854475,Washington Metro. and Transit Auth. Police,Closed,05/31/2019,05/01/2019,04/08/2020,50.00,Default Judgment,07/09/2019,54-A-2-9,Cease entering or leaving a fare-paid area of a rail transport station without paying the fare or presenting a valid transfer
1Z36221599,Department of Housing and Community Affairs,Open,10/12/2018,10/02/2018,10/12/2018,500.00,Abatement Order entered,03/26/2019,26-9(a)(1),Failure to maintain item/structure in good repair.
5Z40860251,Washington Metro. and Transit Auth. Police,Closed,05/01/2019,03/14/2019,04/08/2020,50.00,Default Judgment,07/09/2019,54-A-2-9,Cease entering or leaving a fare-paid area of a rail transport station without paying the fare or presenting a valid transfer
5Z36217284,Department of Housing and Community Affairs,Closed,11/04/2016,10/27/2016,05/04/2020,500.00,Dismiss without prejudice,,26-6(a),Failure to maintain electrical service in good safe working condition.
5Z36226860,Department of Housing and Community Affairs,Open,03/23/2020,02/13/2020,03/23/2020,500.00,,,26-9(a)(4),Failure to maintain supplied facility in satisfactory working condition.
2Z42209141,Animal Control and Humane Treatment,Open,10/02/2019,09/27/2019,10/02/2019,100.00,Abatement Order entered,01/14/2020,5-203-A-1,Prevent the animal other than an altered cat to be at large
5Z36226293,Department of Housing and Community Affairs,Open,12/19/2019,12/06/2019,12/19/2019,500.00,,03/31/2020,26-9(c)(1),"Failure to maintain plumbing fixture in good sanitary working condition free from defects, leaks, and other obstructions."
3Z36225017,Department of Housing and Community Affairs,Open,11/01/2019,10/21/2019,11/01/2019,500.00,,03/24/2020,26-9(b)(3),"Failure to maintain exterior surfaces free of flaking, peeling or loose paint and free of water seepage and against decay."
2Z41706898,Department of Permitting Services,Open,02/10/2020,01/30/2020,02/10/2020,1000.00,,,19-13-A,"Maintain in a good & effective condition and promptly repair or restore all grade surfaces, walls, drains, dams, and structures, plantings, vegetation, erosion and sediment control measures and other devices."
6Z42317351,False Alarm,Closed,04/21/2020,03/29/2020,04/22/2020,500.00,Paid and Satisfied,,3a-4C(2),requesting police dispatch to a burglar alarm activation without providing the required alarm user registration number.
3Z41767883,Animal Control and Humane Treatment,Closed,12/31/2019,11/26/2019,04/20/2020,100.00,Paid and Satisfied,03/10/2020,5-203-A-1,Prevent the animal other than an altered cat to be at large
5Z33911484,Animal Control and Humane Treatment,Open,03/25/2019,02/19/2019,03/25/2019,100.00,Default Judgment,05/14/2019,5-301-1-b,FAILING TO FOLLOW AN ORDER TO CORRECT
1Z36155078,Washington Metro. and Transit Auth. Police,Open,12/31/2019,,12/31/2019,50.00,,,54-A-2-9,Cease entering or leaving a fare-paid area of a rail transport station without paying the fare or presenting a valid transfer
3Z39889608,Department of Environmental Protection,Open,04/08/2020,03/30/2020,04/08/2020,500.00,,,31B-5-B,Causing or permitting a noise disturbance
5Z42317364,False Alarm,Closed,04/21/2020,03/29/2020,04/22/2020,500.00,Paid and Satisfied,,3a-4C(2),requesting police dispatch to a burglar alarm activation without providing the required alarm user registration number.
2Z40614989,Washington Metro. and Transit Auth. Police,Open,02/25/2020,02/19/2020,02/25/2020,50.00,,,54-A-2-9,Cease entering or leaving a fare-paid area of a rail transport station without paying the fare or presenting a valid transfer
4Z36226320,Department of Housing and Community Affairs,Open,12/19/2019,12/06/2019,12/19/2019,500.00,,03/31/2020,26-9(a)(1),Failure to maintain item/structure in good repair.
0Z35089250,Washington Metro. and Transit Auth. Police,Open,01/29/2020,12/31/2019,01/29/2020,50.00,,,54-A-2-9,Cease entering or leaving a fare-paid area of a rail transport station without paying the fare or presenting a valid transfer
3Z36213355,Department of Housing and Community Affairs,Closed,08/19/2014,08/12/2014,05/04/2020,500.00,Abatement Order Compliance,,26-9(a)(4),Failure to maintain supplied facility in satisfactory working condition.
5Z39893369,Department of Environmental Protection/Solid Waste,Open,02/12/2020,01/21/2020,02/12/2020,100.00,,,48-03(b)6,Failure to provide containers for recyclables in adequate sizes and quantities
6Z39912046,Department of Environmental Protection/Solid Waste,Open,03/27/2020,03/11/2020,03/27/2020,500.00,,,48-19(A)-2-B,Transporting solid waste in the County without a suitable cover
6Z36219245,Department of Housing and Community Affairs,Open,10/20/2017,10/16/2017,10/20/2017,500.00,Show Cause Order Withdrawn,10/23/2018,26-9-a-8,"remove the solid waste that has accumulated outside of the approved containers, garage or building"
6Z36223767,Department of Housing and Community Affairs,Open,06/14/2019,06/03/2019,06/14/2019,500.00,Abatement Order entered,01/21/2020,26-9(b)(3),"Failure to maintain exterior surfaces free of flaking, peeling or loose paint and free of water seepage and against decay."
1Z40614736,Washington Metro. and Transit Auth. Police,Closed,11/30/2018,11/17/2018,04/08/2020,50.00,Default Judgment,03/12/2019,54-A-2-9,Cease entering or leaving a fare-paid area of a rail transport station without paying the fare or presenting a valid transfer
4Z40850604,Washington Metro. and Transit Auth. Police,Closed,11/15/2018,10/31/2018,04/08/2020,50.00,Default Judgment,03/12/2019,54-A-2-9,Cease entering or leaving a fare-paid area of a rail transport station without paying the fare or presenting a valid transfer
4Z42125843,Animal Control and Humane Treatment,Open,06/04/2018,05/26/2018,06/04/2018,100.00,Default Judgment,07/10/2018,5-203-a-2,Refrain from allowing an animal to defecate on another person's property
1Z36223559,Department of Housing and Community Affairs,Open,06/03/2019,05/20/2019,06/03/2019,500.00,Guilty,10/29/2019,26-9(c)(5),Failure to maintain floor covering in good repair and sanitary condition.
5Z39893054,Department of Environmental Protection/Solid Waste,Open,06/30/2019,06/12/2019,06/30/2019,100.00,Default Judgment,11/19/2019,48-03(c)(6)(a)2,Failure to submit annual waste reduction and business recycling report
0Z42317352,False Alarm,Closed,04/21/2020,03/29/2020,04/22/2020,500.00,Paid and Satisfied,,3a-4C(2),requesting police dispatch to a burglar alarm activation without providing the required alarm user registration number.
3Z36226431,Department of Housing and Community Affairs,Open,12/19/2019,12/11/2019,12/19/2019,500.00,,,26-9(a)(8),"Accumulating garbage or rubbish outside of approved storage container, garage or building."
3Z40851268,Washington Metro. and Transit Auth. Police,Closed,09/10/2019,09/02/2019,04/08/2020,50.00,Default Judgment,11/12/2019,54-A-2-9,Cease entering or leaving a fare-paid area of a rail transport station without paying the fare or presenting a valid transfer
3Z40854474,Washington Metro. and Transit Auth. Police,Closed,05/01/2019,03/19/2019,04/08/2020,50.00,Default Judgment,07/09/2019,54-A-2-9,Cease entering or leaving a fare-paid area of a rail transport station without paying the fare or presenting a valid transfer
4Z36213377,Department of Housing and Community Affairs,Closed,08/19/2014,08/12/2014,05/04/2020,500.00,Abatement Order Compliance,,26-9(a)(1),Failure to maintain item/structure in good repair.
1Z35068727,Washington Metro. and Transit Auth. Police,Open,03/03/2020,02/23/2020,03/03/2020,50.00,,,54-A-2-9,Cease entering or leaving a fare-paid area of a rail transport station without paying the fare or presenting a valid transfer
2Z36224638,Department of Housing and Community Affairs,Open,09/17/2019,09/11/2019,09/17/2019,500.00,Guilty,12/17/2019,26-9(b)(5),"Failure to maintain grounds: free of erosion or gullying; grass or weeds over 12 inches high; and/or shrubbery, trees, vines, hedges, and other vegetation, including dead trees and branches."
4Z36217808,Department of Housing and Community Affairs,Open,03/17/2017,03/09/2017,03/17/2017,500.00,Abatement Order entered,05/30/2017,26-9(a)(13),"Failure to remove, repair, and/or register unused vehicle"
5Z42211720,Animal Control and Humane Treatment,Open,10/16/2019,10/13/2019,10/16/2019,500.00,Default Judgment,01/14/2020,5-402-C,"An owner must vaccinate a cat, dog, or ferret older than 4 months of age against rabies and provide proof of the most recent vaccination to an animal control officer within 24 hours."
1Z35038431,Health and Human Services,Open,05/08/2019,04/29/2019,05/08/2019,500.00,Paid and Satisfied,07/30/2019,10-15-03-20-,openings into the buildings not being protected against insects and rodents from entering the building; doors are not tight fitting or self closing
0Z40858699,Washington Metro. and Transit Auth. Police,Open,06/13/2017,05/13/2017,06/13/2017,50.00,,,5-601,Possession of marijuana less than 10 grams
0Z41707358,Department of Permitting Services,Closed,04/15/2020,04/06/2020,04/23/2020,750.00,Dismiss without prejudice,,8-17-e,failure to obtain the final inspection for a mechanical permit
1Z36226611,Department of Housing and Community Affairs,Open,01/16/2020,01/13/2020,01/16/2020,500.00,,,26-9(c)(3),"Failure to maintain wall, ceiling, floor, interior woodwork, door, and/or windows in sound condition and good repair free of flaking, peeling, or loose paint."
5Z36222331,Department of Housing and Community Affairs,Open,01/11/2019,12/31/2018,01/11/2019,500.00,,,26-9(a)(4),Failure to maintain supplied facility in satisfactory working condition.
2Z36219451,Department of Housing and Community Affairs,Open,12/08/2017,11/28/2017,12/08/2017,500.00,Show Cause Order,03/31/2020,26-9(a)(1),Failure to maintain item/structure in good repair.
1Z36225029,Department of Housing and Community Affairs,Open,11/01/2019,10/21/2019,11/01/2019,500.00,,03/24/2020,26-9(a)(8),"Accumulating garbage or rubbish outside of approved storage container, garage or building."
5Z36222667,Department of Housing and Community Affairs,Open,03/01/2019,02/19/2019,03/01/2019,500.00,Abatement Order Compliance,05/28/2019,26-9(a)(2),"Failure to maintain door, window, and/or hatchway in sound working condition."
1Z39896207,Animal Control and Humane Treatment,Open,11/01/2017,09/09/2017,11/01/2017,500.00,Dismiss with prejudice,12/12/2017,5-201-A-1,Cease violating the general prohibitions against cruelty to the animal
4Z36226866,Department of Housing and Community Affairs,Open,03/23/2020,02/13/2020,03/23/2020,500.00,,,26-6(a),Failure to maintain electrical service in good safe working condition.
1Z36222229,Department of Housing and Community Affairs,Open,12/24/2018,12/17/2018,12/24/2018,500.00,Guilty,02/26/2019,26-9(b)(3),"Failure to maintain exterior surfaces free of flaking, peeling or loose paint and free of water seepage and against decay."
6Z42211665,Animal Control and Humane Treatment,Open,08/19/2019,08/06/2019,08/19/2019,500.00,,11/12/2019,5-402-C,Possessing unvaccinated dog
5Z36226895,Department of Housing and Community Affairs,Open,01/21/2020,02/14/2020,01/21/2020,500.00,,,26-9(a)(1),Failure to maintain item/structure in good repair.
1Z36226842,Department of Housing and Community Affairs,Open,03/03/2020,02/13/2020,03/03/2020,500.00,,,26-6(a),Failure to maintain electrical service in good safe working condition.
1Z36217805,Department of Housing and Community Affairs,Open,03/17/2017,03/08/2017,03/17/2017,500.00,Abatement Order entered,05/30/2017,26-9(a)(8),"Accumulating garbage or rubbish outside of approved storage container, garage or building."
4Z36226278,Department of Housing and Community Affairs,Open,12/19/2019,12/06/2019,12/19/2019,500.00,,03/31/2020,26-9(a)(1),Failure to maintain item/structure in good repair.
4Z40860208,Washington Metro. and Transit Auth. Police,Closed,05/01/2019,04/12/2019,04/08/2020,50.00,Default Judgment,07/09/2019,54-A-2-9,Cease entering or leaving a fare-paid area of a rail transport station without paying the fare or presenting a valid transfer
6Z39896198,Animal Control and Humane Treatment,Open,11/15/2017,10/01/2017,11/15/2017,750.00,Abatement Order entered,01/09/2018,5-402-C,"An owner must vaccinate a cat, dog, or ferret older than 4 months of age against rabies and provide proof of the most recent vaccination to an animal control officer within 24 hours."
0Z36225546,Department of Housing and Community Affairs,Open,11/15/2019,11/05/2019,11/15/2019,500.00,Stet Docket,02/18/2020,26-9(a)(4),Failure to maintain supplied facility in satisfactory working condition.
2Z36221999,Department of Housing and Community Affairs,Open,11/27/2018,11/07/2018,11/27/2018,500.00,Abatement Order entered,05/28/2019,26-9(a)(1),Failure to maintain item/structure in good repair.
6Z36225363,Department of Housing and Community Affairs,Open,11/15/2019,11/05/2019,11/15/2019,500.00,Stet Docket,02/18/2020,26-9(a)(4),Failure to maintain supplied facility in satisfactory working condition.
1Z40859960,Washington Metro. and Transit Auth. Police,Open,02/12/2020,02/03/2020,02/12/2020,50.00,,,54-A-2-9,Cease entering or leaving a fare-paid area of a rail transport station without paying the fare or presenting a valid transfer
4Z36226579,Department of Housing and Community Affairs,Open,01/16/2020,01/07/2020,01/16/2020,500.00,,,26-9(a)(2),"Failure to maintain door, window, and/or hatchway in sound working condition."
4Z39889413,Department of Environmental Protection,Open,11/06/2019,10/22/2019,11/06/2019,500.00,Abatement Order entered,01/21/2020,31B-5-B,Causing or permitting a noise disturbance
0Z41707071,Department of Permitting Services,Open,01/28/2020,01/17/2020,01/28/2020,1000.00,,,19-7,Comply with the conditions of the sediment control permit and the Notices of Violation
2Z36227067,Department of Housing and Community Affairs,Open,03/23/2020,03/10/2020,03/23/2020,500.00,,,26-6(a),Failure to maintain electrical service in good safe working condition.
2Z36220046,Department of Housing and Community Affairs,Open,03/08/2018,03/05/2018,03/08/2018,500.00,Abatement Order entered,06/26/2018,26-9(a)(1),Failure to maintain item/structure in good repair.
6Z42317295,False Alarm,Open,03/23/2020,03/02/2020,03/23/2020,500.00,Paid and Satisfied,,3a-4C(2),requesting police dispatch to a burglar alarm activation without providing the required alarm user registration number.
3Z40854586,Washington Metro. and Transit Auth. Police,Closed,09/10/2019,09/02/2019,04/08/2020,0.00,Default Judgment,11/12/2019,54-a-2-1,Cease smoking on the metro platform
0Z42317317,False Alarm,Closed,03/23/2020,03/02/2020,04/22/2020,500.00,Paid and Satisfied,,3a-4c(4),Requesting police dispatch to a burglar alarm activation without providing either the required alarm user registration or alarm business license number.
5Z42210180,Animal Control and Humane Treatment,Open,04/20/2020,04/13/2020,04/20/2020,100.00,,,5-203-a-9,Obtain and provide proof that an animal is licensed in Montgomery County
3Z36225276,Department of Housing and Community Affairs,Open,11/15/2019,11/05/2019,11/15/2019,500.00,Stet Docket,02/18/2020,26-9(a)(4),Failure to maintain supplied facility in satisfactory working condition.
2Z36224932,Department of Housing and Community Affairs,Open,10/11/2019,10/09/2019,10/11/2019,500.00,Continued,02/25/2020,26-9(a)(7),Failure to ensure utility services stay connected.
6Z36222689,Department of Housing and Community Affairs,Open,03/08/2019,02/26/2019,03/08/2019,500.00,,,26-6(a),Failure to maintain electrical service in good safe working condition.
1Z36224875,Department of Housing and Community Affairs,Open,10/23/2019,10/03/2019,10/23/2019,500.00,Abatement Order entered,02/25/2020,26-7(e)(3),Failure to provide heat supply capable of maintaining temperature of at least 68 degrees.
2Z40860206,Washington Metro. and Transit Auth. Police,Closed,04/30/2019,04/02/2019,04/08/2020,50.00,Default Judgment,06/11/2019,54-A-2-9,Cease entering or leaving a fare-paid area of a rail transport station without paying the fare or presenting a valid transfer
1Z42317304,False Alarm,Open,03/23/2020,03/02/2020,03/23/2020,500.00,Paid and Satisfied,,3a-4C(5),Requesting police dispatch to a burglar alarm activation after having been notified that the alarm user was in a suspended police response status.
2Z36225282,Department of Housing and Community Affairs,Open,11/15/2019,11/05/2019,11/15/2019,500.00,Stet Docket,02/18/2020,26-9(a)(4),Failure to maintain supplied facility in satisfactory working condition.
6Z41707371,Department of Permitting Services,Open,04/21/2020,04/16/2020,04/21/2020,500.00,,,8-4,Comply with the state and local code requirements for the plumbing work associated with renovations and additions done to the premises without the required permits.
2Z42209134,Animal Control and Humane Treatment,Open,09/05/2019,08/29/2019,09/05/2019,100.00,,11/12/2019,5-203-a-9,Obtain and provide proof that an animal is licensed in Montgomery County
4Z36222463,Department of Housing and Community Affairs,Open,02/06/2019,01/18/2019,02/06/2019,500.00,Guilty,04/23/2019,26-6(a),Failure to maintain electrical service in good safe working condition.
4Z36224325,Department of Housing and Community Affairs,Open,07/31/2019,07/23/2019,07/31/2019,500.00,Guilty,10/29/2019,26-9(a)(2),"Failure to maintain door, window, and/or hatchway in sound working condition."
5Z40860776,Washington Metro. and Transit Auth. Police,Closed,03/15/2019,02/15/2019,04/08/2020,50.00,Default Judgment,06/11/2019,54-A-2-9,Cease entering or leaving a fare-paid area of a rail transport station without paying the fare or presenting a valid transfer
4Z40854146,Washington Metro. and Transit Auth. Police,Closed,04/30/2019,04/04/2019,04/08/2020,50.00,Default Judgment,07/09/2019,54-A-2-9,Cease entering or leaving a fare-paid area of a rail transport station without paying the fare or presenting a valid transfer
1Z36223951,Department of Housing and Community Affairs,Open,07/01/2019,06/25/2019,07/01/2019,500.00,Abatement Order entered,01/21/2020,26-9-a-13,"remove, repair and/or register the unused vehicle"
4Z36226369,Department of Housing and Community Affairs,Open,12/19/2019,12/06/2019,12/19/2019,500.00,,03/31/2020,26-6(a),Failure to maintain electrical service in good safe working condition.
1Z36226716,Department of Housing and Community Affairs,Open,02/14/2020,01/29/2020,02/14/2020,500.00,,,26-9(a)(4),Failure to maintain supplied facility in satisfactory working condition.
4Z36218781,Department of Housing and Community Affairs,Open,08/24/2017,08/11/2017,08/24/2017,500.00,Default Judgment,01/21/2020,26-9(b)(5),"Failure to maintain grounds: free of erosion or gullying; grass or weeds over 12 inches high; and/or shrubbery, trees, vines, hedges, and other vegetation, including dead trees and branches."
6Z36226742,Department of Housing and Community Affairs,Open,02/07/2020,02/03/2020,02/07/2020,500.00,,,26-9(b)(4),"Failure to maintain apron, driveway, sidewalk, walkway, parking lot, and/or patio in good serviceable and safe condition."
0Z40855234,Washington Metro. and Transit Auth. Police,Closed,08/23/2019,05/30/2019,04/08/2020,50.00,Default Judgment,09/10/2019,54-A-2-9,Cease entering or leaving a fare-paid area of a rail transport station without paying the fare or presenting a valid transfer
2Z40860444,Washington Metro. and Transit Auth. Police,Closed,08/28/2019,08/07/2019,04/08/2020,50.00,Default Judgment,11/12/2019,54-A-2-9,Cease entering or leaving a fare-paid area of a rail transport station without paying the fare or presenting a valid transfer
3Z41706934,Department of Permitting Services,Open,12/31/2019,12/23/2019,12/31/2019,1000.00,,,19-2-a,Cease engaging into any land disturbing activity without first the proper permit from DPS.
4Z39892976,Department of Permitting Services,Open,04/21/2017,04/03/2017,04/21/2017,150.00,Abatement Order entered,06/20/2017,48-03-c-3,failure to recycle the required materials (mixed paper in trash container; no recycling containers or recycling service)
4Z40855063,Washington Metro. and Transit Auth. Police,Closed,03/20/2019,02/24/2019,04/08/2020,50.00,Default Judgment,06/11/2019,54-A-2-9,Cease entering or leaving a fare-paid area of a rail transport station without paying the fare or presenting a valid transfer
3Z36222021,Department of Housing and Community Affairs,Open,11/27/2018,11/14/2018,11/27/2018,500.00,Abatement Order entered,01/29/2019,26-9(b)(2),"Failure to maintain item in reasonable weather-tight, water-tight, and rodent proof manner."
4Z40860292,Washington Metro. and Transit Auth. Police,Closed,11/15/2018,10/26/2018,04/08/2020,50.00,Default Judgment,03/12/2019,54-A-2-9,Cease entering or leaving a fare-paid area of a rail transport station without paying the fare or presenting a valid transfer
0Z36226638,Department of Housing and Community Affairs,Open,03/03/2020,01/14/2020,03/03/2020,500.00,,,26-9(a)(2),"Failure to maintain door, window, and/or hatchway in sound working condition."
0Z36224349,Department of Housing and Community Affairs,Open,07/31/2019,07/23/2019,07/31/2019,500.00,Guilty,10/29/2019,26-9(a)(4),Failure to maintain supplied facility in satisfactory working condition.
6Z41707364,Department of Permitting Services,Open,04/15/2020,04/06/2020,04/15/2020,500.00,,,8-17-e,failure to obtain the final inspection for a mechanical permit
3Z39896244,Animal Control and Humane Treatment,Open,12/01/2017,11/20/2017,12/01/2017,100.00,Stet Docket,03/13/2018,5-203-a-3,Prevent an animal from entering a private property without the property owners's permission
1Z36227017,Department of Housing and Community Affairs,Open,03/23/2020,03/03/2020,03/23/2020,500.00,,,26-9(a)(6),Failure to maintain premises in safe and sanitary condition.
3Z36221979,Department of Housing and Community Affairs,Open,11/27/2018,11/05/2018,11/27/2018,500.00,Abatement Order entered,01/29/2019,26-9(a)(4),Failure to maintain supplied facility in satisfactory working condition.
2Z36224484,Department of Housing and Community Affairs,Open,08/27/2019,08/21/2019,08/27/2019,500.00,Abatement Order entered,01/28/2020,26-9(a)(1),Failure to maintain item/structure in good repair.
2Z36226997,Department of Housing and Community Affairs,Open,03/23/2020,03/03/2020,03/23/2020,500.00,,,26-9(a)(1),Failure to maintain item/structure in good repair.
1Z36225120,Department of Housing and Community Affairs,Open,11/11/2019,10/30/2019,11/11/2019,500.00,,03/24/2020,26-8(a)(1),Failure to provide safe and unobstructed means of escape leading to safe and open space ground level.
1Z36226660,Department of Housing and Community Affairs,Open,01/31/2020,01/22/2020,01/31/2020,500.00,,,26-9(a)(1),Failure to maintain item/structure in good repair.
4Z36225508,Department of Housing and Community Affairs,Open,11/15/2019,11/05/2019,11/15/2019,500.00,Stet Docket,02/18/2020,26-9(a)(4),Failure to maintain supplied facility in satisfactory working condition.
4Z36219453,Department of Housing and Community Affairs,Open,12/08/2017,11/28/2017,12/08/2017,500.00,Show Cause Order Withdrawn,08/28/2018,26-9(a)(1),Failure to maintain item/structure in good repair.
4Z36226719,Department of Housing and Community Affairs,Open,01/21/2020,01/31/2020,01/21/2020,500.00,,,26-9(a)(8),"Accumulating garbage or rubbish outside of approved storage container, garage or building."
1Z36225365,Department of Housing and Community Affairs,Open,11/15/2019,11/05/2019,11/15/2019,500.00,Stet Docket,02/18/2020,26-9(a)(4),Failure to maintain supplied facility in satisfactory working condition.
3Z36222476,Department of Housing and Community Affairs,Open,02/06/2019,01/18/2019,02/06/2019,500.00,Guilty,04/23/2019,26-9(c)(1),"Failure to maintain plumbing fixture in good sanitary working condition free from defects, leaks, and other obstructions."
6Z36225559,Department of Housing and Community Affairs,Open,11/15/2019,11/05/2019,11/15/2019,500.00,Stet Docket,02/18/2020,26-9(a)(4),Failure to maintain supplied facility in satisfactory working condition.
3Z36218920,Department of Housing and Community Affairs,Open,08/24/2017,08/21/2017,08/24/2017,500.00,Continued,01/28/2020,26-9(a)(1),Failure to maintain item/structure in good repair.
2Z36226304,Department of Housing and Community Affairs,Open,12/19/2019,12/06/2019,12/19/2019,500.00,,03/31/2020,26-9(a)(2),"Failure to maintain door, window, and/or hatchway in sound working condition."
5Z36226762,Department of Housing and Community Affairs,Open,02/07/2020,02/03/2020,02/07/2020,500.00,,,26-9(a)(2),"Failure to maintain door, window, and/or hatchway in sound working condition."
5Z41706957,Department of Permitting Services,Open,06/24/2018,06/18/2018,06/24/2018,1000.00,Defendant found in contempt,03/31/2020,19-7,Comply with the conditions of the sediment control permit and the Notices of Violation
0Z42317303,False Alarm,Open,03/23/2020,03/02/2020,03/23/2020,500.00,Paid and Satisfied,,3a-4C(2),requesting police dispatch to a burglar alarm activation without providing the required alarm user registration number.
3Z36220187,Department of Housing and Community Affairs,Open,04/27/2018,04/05/2018,04/27/2018,500.00,Abatement Order entered,06/26/2018,26-9(b)(5),"Failure to maintain grounds: free of erosion or gullying; grass or weeds over 12 inches high; and/or shrubbery, trees, vines, hedges, and other vegetation, including dead trees and branches."
3Z36225318,Department of Housing and Community Affairs,Open,11/15/2019,11/05/2019,11/15/2019,500.00,Stet Docket,02/18/2020,26-9(a)(4),Failure to maintain supplied facility in satisfactory working condition.
4Z40859424,Washington Metro. and Transit Auth. Police,Closed,01/15/2019,12/08/2018,04/08/2020,50.00,Default Judgment,03/12/2019,54-A-2-9,Cease entering or leaving a fare-paid area of a rail transport station without paying the fare or presenting a valid transfer
5Z39886642,Animal Control and Humane Treatment,Open,10/01/2018,08/28/2018,10/01/2018,500.00,Abatement Order entered,12/11/2018,5-201-b,Provide shade and shelterfor an animal on a 90 degrees day.
6Z40851257,Washington Metro. and Transit Auth. Police,Closed,09/18/2019,09/12/2019,04/08/2020,50.00,Default Judgment,12/10/2019,54-A-2-9,Cease entering or leaving a fare-paid area of a rail transport station without paying the fare or presenting a valid transfer
2Z42317326,False Alarm,Open,03/23/2020,03/02/2020,03/23/2020,500.00,Paid and Satisfied,,3a-4C(2),requesting police dispatch to a burglar alarm activation without providing the required alarm user registration number.
0Z36222025,Department of Housing and Community Affairs,Open,11/27/2018,11/14/2018,11/27/2018,500.00,Abatement Order entered,01/29/2019,26-9(a)(1),Failure to maintain item/structure in good repair.
6Z39893370,Department of Environmental Protection/Solid Waste,Open,02/12/2020,01/21/2020,02/12/2020,100.00,,,48-03(b)6,Failure to provide containers for recyclables in adequate sizes and quantities
2z42126170,Animal Control and Humane Treatment,Open,06/24/2019,06/12/2019,06/24/2019,100.00,Abatement Order entered,08/13/2019,5-203-a-9,Obtain and provide proof that an animal is licensed in Montgomery County
5Z36225537,Department of Housing and Community Affairs,Open,11/15/2019,11/05/2019,11/15/2019,500.00,Stet Docket,02/18/2020,26-9(a)(4),Failure to maintain supplied facility in satisfactory working condition.
2Z41707689,Department of Permitting Services,Open,07/11/2019,06/25/2019,07/11/2019,500.00,Guilty,09/17/2019,47-3,obtain a license from the director to sell goods on a private property
6Z40862058,Washington Metro. and Transit Auth. Police,Closed,01/15/2019,12/03/2018,04/08/2020,50.00,Default Judgment,03/12/2019,54-A-2-9,Cease entering or leaving a fare-paid area of a rail transport station without paying the fare or presenting a valid transfer
1Z40855214,Washington Metro. and Transit Auth. Police,Closed,09/18/2019,09/12/2019,04/08/2020,50.00,Default Judgment,12/10/2019,54-A-2-9,Cease entering or leaving a fare-paid area of a rail transport station without paying the fare or presenting a valid transfer
6Z36221912,Department of Housing and Community Affairs,Open,11/02/2018,10/30/2018,11/02/2018,500.00,Abatement Order entered,11/20/2019,26-9(a)(1),Failure to maintain item/structure in good repair.
5Z40854588,Washington Metro. and Transit Auth. Police,Closed,09/25/2019,09/16/2019,04/08/2020,0.00,Default Judgment,12/10/2019,54-A-2-9,Cease entering or leaving a fare-paid area of a rail transport station without paying the fare or presenting a valid transfer
0Z39889409,Department of Environmental Protection,Open,11/30/2018,11/21/2018,11/30/2018,500.00,Stet Docket,08/13/2019,3-9-b,"prevent the open burning of downed trees, branches, scrap wood, brush and etc. which is visible smoke to cross property lines creating an air pollution nuisance."
3Z42211543,Animal Control and Humane Treatment,Open,03/31/2019,03/04/2019,03/31/2019,500.00,Default Judgment,05/14/2019,5-402-C,"An owner must vaccinate a cat, dog, or ferret older than 4 months of age against rabies and provide proof of the most recent vaccination to an animal control officer within 24 hours."
1Z36226772,Department of Housing and Community Affairs,Open,02/07/2020,02/03/2020,02/07/2020,500.00,,,26-9(a)(2),"Failure to maintain door, window, and/or hatchway in sound working condition."
2Z40854473,Washington Metro. and Transit Auth. Police,Closed,05/15/2019,04/24/2019,04/08/2020,50.00,Default Judgment,07/09/2019,54-A-2-9,Cease entering or leaving a fare-paid area of a rail transport station without paying the fare or presenting a valid transfer
1Z36226240,Department of Housing and Community Affairs,Open,12/19/2019,12/06/2019,12/19/2019,500.00,,03/31/2020,26-9(a)(1),Failure to maintain item/structure in good repair.
4Z42317300,False Alarm,Open,03/23/2020,03/02/2020,03/23/2020,500.00,Paid and Satisfied,,3a-4C(2),requesting police dispatch to a burglar alarm activation without providing the required alarm user registration number.
1Z36217819,Department of Housing and Community Affairs,Open,03/24/2017,03/10/2017,03/24/2017,500.00,Abatement Order entered,06/27/2017,26-9(a)(13),"Failure to remove, repair, and/or register unused vehicle"
2Z40616886,Washington Metro. and Transit Auth. Police,Closed,12/01/2018,12/01/2018,04/08/2020,50.00,Default Judgment,03/12/2019,54-A-2-9,Cease entering or leaving a fare-paid area of a rail transport station without paying the fare or presenting a valid transfer
0Z36225119,Department of Housing and Community Affairs,Open,11/11/2019,10/30/2019,11/11/2019,500.00,,03/24/2020,26-9(a)(1),Failure to maintain item/structure in good repair.
2Z35113115,Washington Metro. and Transit Auth. Police,Closed,05/31/2019,04/23/2019,04/08/2020,50.00,Default Judgment,07/09/2019,54-A-2-9,Cease entering or leaving a fare-paid area of a rail transport station without paying the fare or presenting a valid transfer
5Z40850738,Washington Metro. and Transit Auth. Police,Closed,11/30/2018,11/16/2018,04/08/2020,50.00,Default Judgment,03/12/2019,54-A-2-9,Cease entering or leaving a fare-paid area of a rail transport station without paying the fare or presenting a valid transfer
6Z36217922,Department of Housing and Community Affairs,Open,04/13/2017,04/06/2017,04/13/2017,500.00,Abatement Order entered,06/27/2017,26-9(a)(13),"Failure to remove, repair, and/or register unused vehicle"
4Z39896259,Animal Control and Humane Treatment,Open,12/01/2017,11/10/2017,12/01/2017,100.00,Stet Docket,03/13/2018,5-203-A-1,Prevent the animal other than an altered cat to be at large
3Z36226200,Department of Housing and Community Affairs,Open,12/19/2019,12/06/2019,12/19/2019,500.00,,,26-9(a)(1),Failure to maintain item/structure in good repair.
3Z36221244,Department of Housing and Community Affairs,Open,08/31/2108,08/22/2018,08/31/2108,500.00,Abatement Order entered,01/29/2019,26-9(b)(3),"Failure to maintain exterior surfaces free of flaking, peeling or loose paint and free of water seepage and against decay."
6Z40854365,Washington Metro. and Transit Auth. Police,Closed,07/31/2019,07/23/2019,04/08/2020,50.00,Default Judgment,10/08/2019,54-A-2-9,Cease entering or leaving a fare-paid area of a rail transport station without paying the fare or presenting a valid transfer
5Z40860258,Washington Metro. and Transit Auth. Police,Closed,07/09/2019,07/11/2019,04/08/2020,50.00,Default Judgment,10/08/2019,54-A-2-9,Cease entering or leaving a fare-paid area of a rail transport station without paying the fare or presenting a valid transfer
2Z40860528,Washington Metro. and Transit Auth. Police,Closed,05/25/2019,05/10/2019,04/08/2020,50.00,Default Judgment,08/13/2019,54-A-2-9,Cease entering or leaving a fare-paid area of a rail transport station without paying the fare or presenting a valid transfer
0Z40613531,Washington Metro. and Transit Auth. Police,Open,10/28/2019,10/16/2019,10/28/2019,50.00,Default Judgment,02/11/2020,54-A-2-9,Cease entering or leaving a fare-paid area of a rail transport station without paying the fare or presenting a valid transfer
6Z40860784,Washington Metro. and Transit Auth. Police,Closed,08/28/2019,08/09/2019,04/08/2020,50.00,Default Judgment,11/12/2019,54-A-2-9,Cease entering or leaving a fare-paid area of a rail transport station without paying the fare or presenting a valid transfer
4Z40859305,Washington Metro. and Transit Auth. Police,Open,11/25/2019,11/06/2019,11/25/2019,50.00,,02/11/2020,54-A-2-9,Cease entering or leaving a fare-paid area of a rail transport station without paying the fare or presenting a valid transfer
2Z41707185,Department of Permitting Services,Open,11/27/2018,09/21/2018,11/27/2018,500.00,Abatement Order entered,02/19/2019,8-24-a,Comply with the NOV requiring permits and inspections for large additions to the home
0Z36226330,Department of Housing and Community Affairs,Open,12/19/2019,12/06/2019,12/19/2019,500.00,,03/31/2020,26-9(a)(4),Failure to maintain supplied facility in satisfactory working condition.
6Z36226966,Department of Housing and Community Affairs,Open,03/03/2020,02/26/2020,03/03/2020,500.00,,,26-6(a),Failure to maintain electrical service in good safe working condition.
4Z41767877,Animal Control and Humane Treatment,Open,11/07/2019,11/04/2019,11/07/2019,500.00,Abatement Order entered,02/11/2020,5-203-C,Prevent the animal from having unwanted contact with a person or another domesticated animal at all times.
1Z41782371,Board of License Commissioners,Open,02/28/2018,02/22/2018,02/28/2018,1000.00,Guilty,06/19/2018,24-11-B(1)(i),"Did or did offer to deliver, dispense, issue, give away or sell a tobacco product to a minor"
1Z36226247,Department of Housing and Community Affairs,Open,12/19/2019,12/06/2019,12/19/2019,500.00,,03/31/2020,26-9(a)(2),"Failure to maintain door, window, and/or hatchway in sound working condition."
2Z36219395,Department of Housing and Community Affairs,Open,11/17/2017,11/07/2017,11/17/2017,500.00,Abatement Order entered,03/27/2018,26-9(b)(3),"Failure to maintain exterior surfaces free of flaking, peeling or loose paint and free of water seepage and against decay."
2Z42317284,False Alarm,Open,03/23/2020,03/02/2020,03/23/2020,500.00,Paid and Satisfied,,3a-4C(2),requesting police dispatch to a burglar alarm activation without providing the required alarm user registration number.
2Z36213375,Department of Housing and Community Affairs,Closed,08/19/2014,08/12/2014,05/04/2020,500.00,Abatement Order Compliance,,26-6(a),Failure to maintain electrical service in good safe working condition.
4Z42123309,Animal Control and Humane Treatment,Open,02/26/2020,02/23/2020,02/26/2020,100.00,,,5-203-A-1,Prevent the animal other than an altered cat to be at large
3Z36225332,Department of Housing and Community Affairs,Open,11/15/2019,11/05/2019,11/15/2019,500.00,Stet Docket,02/18/2020,26-9(a)(4),Failure to maintain supplied facility in satisfactory working condition.
5Z36222352,Department of Housing and Community Affairs,Open,01/11/2019,01/03/2019,01/11/2019,500.00,,,26-9(a)(1),Failure to maintain item/structure in good repair.
0Z36226449,Department of Housing and Community Affairs,Open,12/19/2019,12/12/2019,12/19/2019,500.00,,,26-6(a),Failure to maintain electrical service in good safe working condition.
3Z36219431,Department of Housing and Community Affairs,Open,12/08/2017,11/27/2017,12/08/2017,500.00,Abatement Order entered,03/27/2018,26-7(e),Failure to maintain space water heater in good and safe working condition.
2Z39905672,Animal Control and Humane Treatment,Open,02/21/2020,02/19/2020,02/21/2020,100.00,,,5-203-a-9,Obtain and provide proof that an animal is licensed in Montgomery County
6Z42209019,Animal Control and Humane Treatment,Open,07/17/2019,07/13/2019,07/17/2019,500.00,Abatement Order entered,09/10/2019,5-203-C,Prevent the animal from having unwanted contact with a person or another domesticated animal at all times.
3Z41707676,Department of Permitting Services,Open,05/22/2019,04/12/2019,05/22/2019,500.00,Abatement Order entered,08/20/2019,26-9(A)(13),"Failure to remove, repair, and/or register unused vehicle"
5Z42126173,Animal Control and Humane Treatment,Open,05/31/2019,06/12/2019,05/31/2019,500.00,Abatement Order entered,08/13/2019,5-201-a-3,Abandoning a domestic animal.
0Z36217804,Department of Housing and Community Affairs,Open,03/17/2017,03/08/2017,03/17/2017,500.00,Abatement Order entered,05/30/2017,26-9(a)(13),"Failure to remove, repair, and/or register unused vehicle"
0Z36220702,Department of Housing and Community Affairs,Open,07/18/2018,06/12/2018,07/18/2018,500.00,Guilty,02/26/2019,26-9(a)(12),Failure to eliminate public nuisance.
0Z39911963,Department of Environmental Protection/Solid Waste,Open,12/17/2019,11/13/2019,12/17/2019,500.00,,03/10/2020,48-19-a-3,A person should not engage in the business of collecting or transporting solid waste in the County without first obtaining a permit (license) from the Director of the Solid Waste Division
5Z36221932,Department of Housing and Community Affairs,Open,11/27/2018,11/01/2018,11/27/2018,500.00,Abatement Order entered,01/29/2019,26-9(a)(1),Failure to maintain item/structure in good repair.
1Z40860177,Washington Metro. and Transit Auth. Police,Closed,09/10/2019,07/10/2019,04/08/2020,50.00,Default Judgment,11/12/2019,54-A-2-9,Cease entering or leaving a fare-paid area of a rail transport station without paying the fare or presenting a valid transfer
6Z36224901,Department of Housing and Community Affairs,Open,10/11/2019,10/07/2019,10/11/2019,500.00,Abatement Order entered,02/25/2020,26-9(a)(4),Failure to maintain supplied facility in satisfactory working condition.
0Z36226988,Department of Housing and Community Affairs,Open,03/23/2020,02/27/2020,03/23/2020,500.00,,,26-9(a)(2),"Failure to maintain door, window, and/or hatchway in sound working condition."
0Z39896220,Animal Control and Humane Treatment,Open,04/24/2018,04/04/2018,04/24/2018,100.00,Stet Docket,07/10/2018,5-203-a-9,Obtain and provide proof that an animal is licensed in Montgomery County
3Z40854425,Washington Metro. and Transit Auth. Police,Closed,05/15/2019,04/15/2019,04/08/2020,50.00,Default Judgment,07/09/2019,54-A-2-9,Cease entering or leaving a fare-paid area of a rail transport station without paying the fare or presenting a valid transfer
2Z36226773,Department of Housing and Community Affairs,Open,02/07/2020,02/03/2020,02/07/2020,500.00,,,26-9(a)(1),Failure to maintain item/structure in good repair.
6Z36213358,Department of Housing and Community Affairs,Closed,08/19/2014,08/12/2014,05/04/2020,500.00,Abatement Order Compliance,,26-9(a)(1),Failure to maintain item/structure in good repair.
6Z36225223,Department of Housing and Community Affairs,Open,11/15/2019,11/05/2019,11/15/2019,500.00,Stet Docket,02/18/2020,26-9(a)(4),Failure to maintain supplied facility in satisfactory working condition.
3Z36221601,Department of Housing and Community Affairs,Open,10/12/2018,10/02/2018,10/12/2018,500.00,Abatement Order entered,03/26/2019,26-9(b)(5),"Failure to maintain grounds: free of erosion or gullying; grass or weeds over 12 inches high; and/or shrubbery, trees, vines, hedges, and other vegetation, including dead trees and branches."
4Z42317342,False Alarm,Open,04/21/2020,03/29/2020,04/21/2020,500.00,,,3a-4C(2),requesting police dispatch to a burglar alarm activation without providing the required alarm user registration number.
4Z42105270,Animal Control and Humane Treatment,Open,01/28/2020,01/19/2020,01/28/2020,100.00,,,5-203-A-1,Prevent the animal other than an altered cat to be at large
6Z42123255,Animal Control and Humane Treatment,Open,03/06/2020,03/04/2020,03/06/2020,500.00,,,5-203-C,Prevent the animal from having unwanted contact with a person or another domesticated animal at all times.
1Z36225225,Department of Housing and Community Affairs,Open,11/15/2019,11/05/2019,11/15/2019,500.00,Stet Docket,02/18/2020,26-9(a)(4),Failure to maintain supplied facility in satisfactory working condition.
2Z40855054,Washington Metro. and Transit Auth. Police,Closed,12/31/2018,12/22/2018,04/08/2020,50.00,Default Judgment,03/12/2019,54-A-2-9,Cease entering or leaving a fare-paid area of a rail transport station without paying the fare or presenting a valid transfer
4Z40615523,Washington Metro. and Transit Auth. Police,Open,01/29/2020,12/19/2019,01/29/2020,,,,6-7,violating the village of frienship heights noise reduction (regulation #7)
4Z36220391,Department of Housing and Community Affairs,Open,05/04/2018,05/02/2018,05/04/2018,500.00,,02/19/2019,26-9(a)(8),"Accumulating garbage or rubbish outside of approved storage container, garage or building."
6Z40860294,Washington Metro. and Transit Auth. Police,Closed,11/30/2018,11/01/2018,04/08/2020,50.00,Default Judgment,04/09/2019,54-A-2-9,Cease entering or leaving a fare-paid area of a rail transport station without paying the fare or presenting a valid transfer
3Z36226984,Department of Housing and Community Affairs,Open,03/03/2020,02/26/2020,03/03/2020,500.00,,,26-9(a)(4),Failure to maintain supplied facility in satisfactory working condition.
4Z40860418,Washington Metro. and Transit Auth. Police,Closed,03/15/2019,02/25/2019,04/08/2020,50.00,Default Judgment,06/11/2019,54-A-2-9,Cease entering or leaving a fare-paid area of a rail transport station without paying the fare or presenting a valid transfer
0Z36226337,Department of Housing and Community Affairs,Open,12/19/2019,12/06/2019,12/19/2019,500.00,,03/31/2020,26-8(f),Failure to provide required address for the dwelling unit.
4Z36226523,Department of Housing and Community Affairs,Open,12/30/2019,12/20/2019,12/30/2019,500.00,,,26-9(a)(8),"Accumulating garbage or rubbish outside of approved storage container, garage or building."
2Z36221838,Department of Housing and Community Affairs,Open,11/02/2018,10/24/2018,11/02/2018,500.00,Abatement Order entered,02/26/2019,26-9(c)(3),"Failure to maintain wall, ceiling, floor, interior woodwork, door, and/or windows in sound condition and good repair free of flaking, peeling, or loose paint."
1Z42317374,False Alarm,Closed,04/21/2020,03/29/2020,04/28/2020,500.00,Paid and Satisfied,,3a-4C(2),requesting police dispatch to a burglar alarm activation without providing the required alarm user registration number.
4Z36222365,Department of Housing and Community Affairs,Open,01/11/2019,01/07/2019,01/11/2019,500.00,Abatement Order entered,03/26/2019,26-9(a)(8),"Accumulating garbage or rubbish outside of approved storage container, garage or building."
6Z40860231,Washington Metro. and Transit Auth. Police,Closed,12/15/2018,11/30/2018,04/08/2020,50.00,Default Judgment,03/12/2019,54-A-2-9,Cease entering or leaving a fare-paid area of a rail transport station without paying the fare or presenting a valid transfer
3Z36220705,Department of Housing and Community Affairs,Open,07/18/2018,06/12/2018,07/18/2018,500.00,Guilty,02/26/2019,26-9(a)(2),"Failure to maintain door, window, and/or hatchway in sound working condition."
6Z42126370,Animal Control and Humane Treatment,Open,01/15/2018,12/22/2017,01/15/2018,500.00,Stet Docket,04/10/2018,5-203-b-1,Preven the animal(s) from causing loud noises that are persistent enough to disturb another person's quiet enjoyment
1Z42211723,Animal Control and Humane Treatment,Closed,11/06/2019,10/30/2019,04/08/2020,100.00,Abatement Order entered,02/11/2020,5-203-A-1,Prevent the animal other than an altered cat to be at large
4Z42317370,False Alarm,Open,04/21/2020,03/29/2020,04/21/2020,500.00,,,3a-4c(4),Requesting police dispatch to a burglar alarm activation without providing either the required alarm user registration or alarm business license number.
2Z36221852,Department of Housing and Community Affairs,Open,11/02/2018,10/24/2018,11/02/2018,500.00,Abatement Order entered,02/26/2019,26-9(c)(1),"Failure to maintain plumbing fixture in good sanitary working condition free from defects, leaks, and other obstructions."
6Z36224614,Department of Housing and Community Affairs,Open,09/20/2019,09/10/2019,09/20/2019,500.00,,,26-9(b)(3),"Failure to maintain exterior surfaces free of flaking, peeling or loose paint and free of water seepage and against decay."
5Z42317378,False Alarm,Closed,04/21/2020,03/29/2020,04/22/2020,500.00,Paid and Satisfied,,3a-4C(2),requesting police dispatch to a burglar alarm activation without providing the required alarm user registration number.
2Z36225366,Department of Housing and Community Affairs,Open,11/15/2019,11/05/2019,11/15/2019,500.00,Stet Docket,02/18/2020,26-9(a)(4),Failure to maintain supplied facility in satisfactory working condition.
5Z39892977,Department of Environmental Protection/Solid Waste,Open,04/21/2017,04/03/2017,04/21/2017,750.00,Abatement Order entered,06/20/2017,48-24-b-3,All owners and occupants of industrial and commercial land or buildings must provide sufficient number of approved containers for solid waste
6Z42317323,False Alarm,Closed,03/23/2020,03/02/2020,04/22/2020,500.00,Paid and Satisfied,,3a-4C(2),requesting police dispatch to a burglar alarm activation without providing the required alarm user registration number.
5Z42317343,False Alarm,Open,04/21/2020,03/29/2020,04/21/2020,500.00,,,3a-4C(2),requesting police dispatch to a burglar alarm activation without providing the required alarm user registration number.
0Z40851398,Washington Metro. and Transit Auth. Police,Open,03/27/2020,03/11/2020,03/27/2020,50.00,,,54-A-2-9,Cease entering or leaving a fare-paid area of a rail transport station without paying the fare or presenting a valid transfer
0Z36213359,Department of Housing and Community Affairs,Closed,08/19/2014,08/12/2014,05/04/2020,500.00,Abatement Order Compliance,,26-9(a)(1),Failure to maintain item/structure in good repair.
5Z40860195,Washington Metro. and Transit Auth. Police,Closed,09/10/2019,08/28/2019,04/08/2020,50.00,Default Judgment,11/12/2019,54-A-2-9,Cease entering or leaving a fare-paid area of a rail transport station without paying the fare or presenting a valid transfer
6Z40861288,Washington Metro. and Transit Auth. Police,Closed,08/28/2019,08/21/2019,04/08/2020,50.00,Default Judgment,11/12/2019,54-A-2-9,Cease entering or leaving a fare-paid area of a rail transport station without paying the fare or presenting a valid transfer
5Z36226433,Department of Housing and Community Affairs,Open,12/19/2019,12/12/2019,12/19/2019,500.00,,,26-9(a)(1),Failure to maintain item/structure in good repair.
2Z40852506,Washington Metro. and Transit Auth. Police,Closed,03/31/2019,02/23/2019,04/08/2020,50.00,Default Judgment,07/09/2019,54-A-2-9,Cease entering or leaving a fare-paid area of a rail transport station without paying the fare or presenting a valid transfer
2Z40855607,Washington Metro. and Transit Auth. Police,Open,06/27/2018,06/07/2018,06/27/2018,50.00,,,5-601,Possession of marijuana less than 10 grams
3Z36226417,Department of Housing and Community Affairs,Open,12/19/2019,12/11/2019,12/19/2019,500.00,,,26-9(a)(9),"Failure to exterminate insects, rodents, or other vermin."
1Z36219457,Department of Housing and Community Affairs,Open,12/08/2017,11/28/2017,12/08/2017,500.00,Show Cause Order,03/31/2020,26-9(b)(3),"Failure to maintain exterior surfaces free of flaking, peeling or loose paint and free of water seepage and against decay."
4Z36222029,Department of Housing and Community Affairs,Open,11/27/2018,11/15/2018,11/27/2018,500.00,Abatement Order entered,01/29/2019,29-16(a),Operating a rental facility without first obtaining a rental facility license.
1Z42209091,Animal Control and Humane Treatment,Open,04/30/2019,04/17/2019,04/30/2019,100.00,Paid and Satisfied,07/09/2019,5-201-a-10,"Abuse/neglect of pet animal by unnecessarily failing to provide nutrious food in a sufficient quantity, necessary vet care, proper drink, air space and shelter"
0Z40860785,Washington Metro. and Transit Auth. Police,Closed,08/28/2019,08/13/2019,04/08/2020,50.00,Default Judgment,11/12/2019,54-A-2-9,Cease entering or leaving a fare-paid area of a rail transport station without paying the fare or presenting a valid transfer
5Z40854189,Washington Metro. and Transit Auth. Police,Closed,05/01/2019,01/23/2019,04/08/2020,50.00,Default Judgment,07/09/2019,54-A-2-9,Cease entering or leaving a fare-paid area of a rail transport station without paying the fare or presenting a valid transfer
5Z40850605,Washington Metro. and Transit Auth. Police,Closed,11/15/2018,10/31/2018,04/08/2020,50.00,Default Judgment,03/12/2019,54-A-2-9,Cease entering or leaving a fare-paid area of a rail transport station without paying the fare or presenting a valid transfer
4Z40851269,Washington Metro. and Transit Auth. Police,Closed,08/28/2019,08/20/2019,04/08/2020,50.00,Default Judgment,11/12/2019,54-A-2-9,Cease entering or leaving a fare-paid area of a rail transport station without paying the fare or presenting a valid transfer
2Z42126352,Animal Control and Humane Treatment,Open,01/15/2018,12/22/2017,01/15/2018,500.00,Stet Docket,04/10/2018,5-203-b-1,Preven the animal(s) from causing loud noises that are persistent enough to disturb another person's quiet enjoyment
0Z36224265,Department of Housing and Community Affairs,Open,07/29/2019,07/16/2019,07/29/2019,500.00,Guilty,01/28/2020,26-9(c)(5),Failure to maintain floor covering in good repair and sanitary condition.
4Z39893354,Department of Environmental Protection/Solid Waste,Open,12/31/2018,12/18/2018,12/31/2018,500.00,Default Judgment,04/16/2019,48-21-B,Cease the collection of solid waste within Montgomery County before the hours of 7:00 am and less than 500 feet of a residential or occupied structure
0Z36220086,Department of Housing and Community Affairs,Open,03/26/2018,03/12/2018,03/26/2018,500.00,,05/14/2019,26-9(b)(3),"Failure to maintain exterior surfaces free of flaking, peeling or loose paint and free of water seepage and against decay."
4Z41707355,Department of Permitting Services,Closed,04/15/2020,04/06/2020,04/23/2020,750.00,Dismiss without prejudice,,8-17-e,failure to obtain the final inspection for a mechanical permit
3Z41707396,Department of Permitting Services,Open,12/30/2019,12/26/2019,12/30/2019,500.00,,,8-28-b,obtain the final inspection approval before occupying the basement accessory apartment
4Z42317377,False Alarm,Closed,04/21/2020,03/29/2020,04/22/2020,500.00,Paid and Satisfied,,3a-4C(2),requesting police dispatch to a burglar alarm activation without providing the required alarm user registration number.
0Z36220968,Department of Housing and Community Affairs,Open,08/02/2018,07/16/2018,08/02/2018,500.00,Abatement Order entered,10/23/2018,26-9(a)(1),Failure to maintain item/structure in good repair.
1Z40850587,Washington Metro. and Transit Auth. Police,Closed,01/31/2019,01/10/2019,04/08/2020,50.00,Default Judgment,04/09/2019,54-A-2-9,Cease entering or leaving a fare-paid area of a rail transport station without paying the fare or presenting a valid transfer
2Z39893359,Department of Environmental Protection-Solid Waste,Open,05/25/2019,05/16/2019,05/25/2019,100.00,Default Judgment,08/20/2019,48-03(b)6,Failure to provide containers for recyclables in adequate sizes and quantities
5Z36225607,Department of Housing and Community Affairs,Open,11/15/2019,11/12/2019,11/15/2019,500.00,,03/24/2020,26-9(c)(3),"Failure to maintain wall, ceiling, floor, interior woodwork, door, and/or windows in sound condition and good repair free of flaking, peeling, or loose paint."
3Z40859955,Washington Metro. and Transit Auth. Police,Closed,09/04/2019,08/24/2019,04/08/2020,50.00,Default Judgment,11/12/2019,54-A-2-9,Cease entering or leaving a fare-paid area of a rail transport station without paying the fare or presenting a valid transfer
5Z36226867,Department of Housing and Community Affairs,Open,03/23/2020,02/13/2020,03/23/2020,500.00,,,26-9(a)(4),Failure to maintain supplied facility in satisfactory working condition.
0Z42126350,Animal Control and Humane Treatment,Open,01/15/2018,12/22/2017,01/15/2018,500.00,Stet Docket,04/10/2018,5-203-b-1,Preven the animal(s) from causing loud noises that are persistent enough to disturb another person's quiet enjoyment
1Z40859309,Washington Metro. and Transit Auth. Police,Open,10/08/2019,10/01/2019,10/08/2019,50.00,Default Judgment,01/14/2020,54-A-2-9,Cease entering or leaving a fare-paid area of a rail transport station without paying the fare or presenting a valid transfer
0Z36224174,Department of Housing and Community Affairs,Open,07/11/2019,07/03/2019,07/11/2019,500.00,Guilty,10/29/2019,26-9(a)(1),Failure to maintain item/structure in good repair.
4Z40860796,Washington Metro. and Transit Auth. Police,Open,11/25/2019,11/06/2019,11/25/2019,50.00,,02/11/2020,54-A-2-9,Cease entering or leaving a fare-paid area of a rail transport station without paying the fare or presenting a valid transfer
0Z36227135,Department of Housing and Community Affairs,Open,03/24/2020,03/18/2020,03/24/2020,500.00,,,26-9(b)(3),"Failure to maintain exterior surfaces free of flaking, peeling or loose paint and free of water seepage and against decay."
0Z42317345,False Alarm,Open,04/21/2020,03/29/2020,04/21/2020,500.00,,,3a-4C(2),requesting police dispatch to a burglar alarm activation without providing the required alarm user registration number.
6Z36222570,Department of Housing and Community Affairs,Open,02/15/2019,02/07/2019,02/15/2019,500.00,,05/28/2019,26-9(b)(5),"Failure to maintain grounds: free of erosion or gullying; grass or weeds over 12 inches high; and/or shrubbery, trees, vines, hedges, and other vegetation, including dead trees and branches."
4Z36225102,Department of Housing and Community Affairs,Open,11/11/2019,10/30/2019,11/11/2019,500.00,,03/24/2020,26-8(a)(1),Failure to provide safe and unobstructed means of escape leading to safe and open space ground level.
2Z40860423,Washington Metro. and Transit Auth. Police,Closed,08/23/2019,06/16/2019,04/08/2020,50.00,Default Judgment,09/10/2019,54-A-2-9,Cease entering or leaving a fare-paid area of a rail transport station without paying the fare or presenting a valid transfer
6Z36222101,Department of Housing and Community Affairs,Open,12/11/2018,12/03/2018,12/11/2018,500.00,,02/26/2019,26-9(b)(4),"Failure to maintain apron, driveway, sidewalk, walkway, parking lot, and/or patio in good serviceable and safe condition."
2Z42126954,Animal Control and Humane Treatment,Open,09/15/2018,08/29/2018,09/15/2018,100.00,,12/18/2018,5-203-A-1,Prevent the animal other than an altered cat to be at large
2Z36225184,Department of Housing and Community Affairs,Open,11/15/2019,11/05/2019,11/15/2019,500.00,,,26-9(c)(3),"Failure to maintain wall, ceiling, floor, interior woodwork, door, and/or windows in sound condition and good repair free of flaking, peeling, or loose paint."
3Z36222385,Department of Housing and Community Affairs,Open,01/11/2019,01/09/2019,01/11/2019,500.00,Abatement Order entered,04/23/2019,26-9(a)(13),"Failure to remove, repair, and/or register unused vehicle"
1Z36224462,Department of Housing and Community Affairs,Open,08/23/2019,08/15/2019,08/23/2019,500.00,Guilty,12/17/2019,26-9(a)(4),Failure to maintain supplied facility in satisfactory working condition.
2Z36225303,Department of Housing and Community Affairs,Open,11/15/2019,11/05/2019,11/15/2019,500.00,Stet Docket,02/18/2020,26-9(a)(4),Failure to maintain supplied facility in satisfactory working condition.
2Z36225478,Department of Housing and Community Affairs,Open,11/15/2019,11/05/2019,11/15/2019,500.00,Stet Docket,02/18/2020,26-9(a)(4),Failure to maintain supplied facility in satisfactory working condition.
1Z36220955,Department of Housing and Community Affairs,Open,07/18/2018,07/12/2018,07/18/2018,500.00,Motion to vacate,02/19/2019,26-9(a)(1),Failure to maintain item/structure in good repair.
4Z36225109,Department of Housing and Community Affairs,Open,11/11/2019,10/30/2019,11/11/2019,500.00,,03/24/2020,26-8(a)(1),Failure to provide safe and unobstructed means of escape leading to safe and open space ground level.
1Z36224483,Department of Housing and Community Affairs,Open,08/23/2019,08/20/2019,08/23/2019,500.00,Guilty,12/17/2019,26-9(a)(1),Failure to maintain item/structure in good repair.
2Z36217855,Department of Housing and Community Affairs,Open,03/31/2017,03/23/2017,03/31/2017,500.00,Abatement Order entered,06/27/2017,26-9(a)(13),"Failure to remove, repair, and/or register unused vehicle"
5Z39912003,Department of Environmental Protection/Solid Waste,Open,12/17/2019,12/11/2019,12/17/2019,500.00,,03/10/2020,48-10,Cease depositing solid waste on a public or private property without written permission from the owner
0Z40953500,Department of Permitting Services,Open,04/01/2018,01/12/2018,04/01/2018,500.00,Abatement Order entered,06/19/2018,8-28-b,obtain the final inspection approval before occupying the basement accessory apartment
2Z36226395,Department of Housing and Community Affairs,Open,12/19/2019,12/10/2019,12/19/2019,500.00,,,26-6(a),Failure to maintain electrical service in good safe working condition.
5Z36226755,Department of Housing and Community Affairs,Open,02/07/2020,02/03/2020,02/07/2020,500.00,,,26-9(a)(1),Failure to maintain item/structure in good repair.
2Z36225436,Department of Housing and Community Affairs,Open,11/15/2019,11/05/2019,11/15/2019,500.00,Stet Docket,02/18/2020,26-9(a)(4),Failure to maintain supplied facility in satisfactory working condition.
6Z36223949,Department of Housing and Community Affairs,Open,07/11/2019,06/24/2019,07/11/2019,500.00,Continued,03/24/2020,26-9(b)(5),"Failure to maintain grounds: free of erosion or gullying; grass or weeds over 12 inches high; and/or shrubbery, trees, vines, hedges, and other vegetation, including dead trees and branches."
1Z42317262,False Alarm,Open,03/03/2020,01/28/2020,03/03/2020,500.00,,,3a-4c(4),Requesting police dispatch to a burglar alarm activation without providing either the required alarm user registration or alarm business license number.
3Z36220082,Department of Housing and Community Affairs,Open,03/26/2018,03/12/2018,03/26/2018,500.00,Guilty,05/14/2019,26-9(b)(3),"Failure to maintain exterior surfaces free of flaking, peeling or loose paint and free of water seepage and against decay."
2Z36226885,Department of Housing and Community Affairs,Open,01/21/2020,02/14/2020,01/21/2020,500.00,,,26-9(a)(1),Failure to maintain item/structure in good repair.
6Z36223753,Department of Housing and Community Affairs,Open,06/14/2019,05/31/2019,06/14/2019,500.00,Dismiss without prejudice,10/15/2019,26-9(b)(1),"Failure to maintain item in reasonable weather-tight, water-tight, and rodent proof condition, free from foreign matter and capable of affording privacy."
3Z36225500,Department of Housing and Community Affairs,Open,11/15/2019,11/05/2019,11/15/2019,500.00,Stet Docket,02/18/2020,26-9(a)(4),Failure to maintain supplied facility in satisfactory working condition.
5Z36226349,Department of Housing and Community Affairs,Open,12/19/2019,12/06/2019,12/19/2019,500.00,,03/31/2020,26-9(a)(1),Failure to maintain item/structure in good repair.
1Z36222103,Department of Housing and Community Affairs,Open,12/11/2018,12/03/2018,12/11/2018,500.00,Abatement Order entered,04/16/2019,29-16(a),Operating a rental facility without first obtaining a rental facility license.
1Z36226730,Department of Housing and Community Affairs,Open,02/07/2020,02/03/2020,02/07/2020,500.00,,,26-9(c)(1),"Failure to maintain plumbing fixture in good sanitary working condition free from defects, leaks, and other obstructions."
6Z42126349,Animal Control and Humane Treatment,Open,01/15/2018,12/22/2017,01/15/2018,500.00,Stet Docket,04/10/2018,5-203-b-1,Preven the animal(s) from causing loud noises that are persistent enough to disturb another person's quiet enjoyment
3Z39890658,Department of Environmental Protection/Solid Waste,Open,10/01/2019,09/30/2019,10/01/2019,100.00,Guilty,01/21/2020,48-03-c-3,failure to recycle the required materials (mixed paper in trash container; no recycling containers or recycling service)
1Z36224350,Department of Housing and Community Affairs,Open,07/31/2019,07/23/2019,07/31/2019,500.00,Guilty,10/29/2019,26-9(c)(1),"Failure to maintain plumbing fixture in good sanitary working condition free from defects, leaks, and other obstructions."
0Z39882997,Department of Permitting Services,Open,07/10/2019,07/01/2019,07/10/2019,1000.00,Guilty,01/14/2020,19-2-a,Cease engaging into any land disturbing activity without first the proper permit from DPS.
6Z36222486,Department of Housing and Community Affairs,Open,02/06/2019,01/18/2019,02/06/2019,500.00,Guilty,04/23/2019,26-9(c)(3),"Failure to maintain wall, ceiling, floor, interior woodwork, door, and/or windows in sound condition and good repair free of flaking, peeling, or loose paint."
1Z36227157,Department of Housing and Community Affairs,Open,03/24/2020,03/18/2020,03/24/2020,500.00,,,26-14(a),"Failure to demolish, remove or repair a condemned structure"
1Z36220087,Department of Housing and Community Affairs,Open,03/26/2018,03/12/2018,03/26/2018,500.00,Guilty,05/14/2019,26-9(b)(3),"Failure to maintain exterior surfaces free of flaking, peeling or loose paint and free of water seepage and against decay."
5Z39889715,Department of Environmental Protection,Open,09/17/2015,09/16/2015,09/17/2015,500.00,Abatement Order entered,11/17/2015,31B-5-B,Causing or permitting a noise disturbance
5Z36225460,Department of Housing and Community Affairs,Open,11/15/2019,11/05/2019,11/15/2019,500.00,Stet Docket,02/18/2020,26-9(a)(4),Failure to maintain supplied facility in satisfactory working condition.
5Z36223766,Department of Housing and Community Affairs,Open,06/14/2019,06/03/2019,06/14/2019,500.00,Abatement Order entered,01/21/2020,26-9(b)(3),"Failure to maintain exterior surfaces free of flaking, peeling or loose paint and free of water seepage and against decay."
3Z36222658,Department of Housing and Community Affairs,Open,03/01/2019,02/19/2019,03/01/2019,500.00,Abatement Order Compliance,05/28/2019,26-9(a)(1),Failure to maintain item/structure in good repair.
4Z36225270,Department of Housing and Community Affairs,Open,11/15/2019,11/05/2019,11/15/2019,500.00,Stet Docket,02/18/2020,26-9(a)(4),Failure to maintain supplied facility in satisfactory working condition.
3Z41707480,Department of Permitting Services,Open,01/21/2020,02/07/2020,01/21/2020,500.00,,,8-24-a,Comply with the NOV requiring permits and inspections for large additions to the home
6Z41707175,Department of Permitting Services,Open,03/19/2019,03/08/2019,03/19/2019,500.00,Continued,08/20/2019,8-24-a,Comply with the NOV requiring permits and inspections for large additions to the home
6Z36223361,Department of Housing and Community Affairs,Open,05/07/2019,05/02/2019,05/07/2019,500.00,Guilty,08/27/2019,26-9(b)(5),"Failure to maintain grounds: free of erosion or gullying; grass or weeds over 12 inches high; and/or shrubbery, trees, vines, hedges, and other vegetation, including dead trees and branches."
3Z36224898,Department of Housing and Community Affairs,Open,10/11/2019,10/07/2019,10/11/2019,500.00,Abatement Order entered,02/25/2020,26-9(a)(1),Failure to maintain item/structure in good repair.
1Z42125945,Animal Control and Humane Treatment,Open,11/15/2018,10/24/2018,11/15/2018,500.00,Abatement Order entered,01/08/2019,5-203-C,Prevent the animal from having unwanted contact with a person or another domesticated animal at all times.
1Z36223720,Department of Housing and Community Affairs,Open,06/03/2019,05/29/2019,06/03/2019,500.00,Guilty,08/27/2019,26-9(b)(3),"Failure to maintain exterior surfaces free of flaking, peeling or loose paint and free of water seepage and against decay."
6Z36226700,Department of Housing and Community Affairs,Open,01/31/2020,01/27/2020,01/31/2020,500.00,,,26-6(a),Failure to maintain electrical service in good safe working condition.
5Z36222660,Department of Housing and Community Affairs,Open,03/01/2019,02/19/2019,03/01/2019,500.00,Default Judgment,05/28/2019,48-24(a),Failure to remove solid waste (abandoned/non-functional vehicle).
0Z42125944,Animal Control and Humane Treatment,Open,11/15/2018,10/24/2018,11/15/2018,100.00,Abatement Order entered,01/08/2019,5-203-A-1,Prevent the animal other than an altered cat to be at large
2Z42125918,Animal Control and Humane Treatment,Open,02/05/2019,02/03/2019,02/05/2019,100.00,Default Judgment,04/09/2019,5-203-a-9,Obtain and provide proof that an animal is licensed in Montgomery County
0Z36221010,Department of Housing and Community Affairs,Open,08/02/2018,07/18/2018,08/02/2018,500.00,Abatement Order entered,10/23/2018,26-9(a)(1),Failure to maintain item/structure in good repair.
6Z36226238,Department of Housing and Community Affairs,Open,12/19/2019,12/06/2019,12/19/2019,500.00,,03/31/2020,26-9(a)(1),Failure to maintain item/structure in good repair.
3Z39896125,Animal Control and Humane Treatment,Open,04/27/2016,04/19/2016,04/27/2016,500.00,Guilty,07/12/2016,5-402-C,"An owner must vaccinate a cat, dog, or ferret older than 4 months of age against rabies and provide proof of the most recent vaccination to an animal control officer within 24 hours."
4Z42209101,Animal Control and Humane Treatment,Open,07/26/2019,06/23/2019,07/26/2019,100.00,,10/08/2019,5-203-a-9,Obtain and provide proof that an animal is licensed in Montgomery County
5Z41768018,Animal Control and Humane Treatment,Open,03/06/2020,03/04/2020,03/06/2020,500.00,,,5-203-C,Prevent the animal from having unwanted contact with a person or another domesticated animal at all times.
5Z36226279,Department of Housing and Community Affairs,Open,12/19/2019,12/06/2019,12/19/2019,500.00,,03/31/2020,26-9(a)(4),Failure to maintain supplied facility in satisfactory working condition.
1Z41707478,Department of Permitting Services,Open,01/21/2020,02/05/2020,01/21/2020,500.00,,,8-24-a,Comply with the NOV requiring permits and inspections for large additions to the home
1Z36226086,Department of Housing and Community Affairs,Open,12/19/2019,12/03/2019,12/19/2019,500.00,,,26-9(c)(3),"Failure to maintain wall, ceiling, floor, interior woodwork, door, and/or windows in sound condition and good repair free of flaking, peeling, or loose paint."
5Z36226475,Department of Housing and Community Affairs,Open,12/19/2019,12/16/2019,12/19/2019,1000.00,,,29-51(j),Failure to Report Rental Status of Each Unit in Rental Survey
6Z36226511,Department of Housing and Community Affairs,Open,12/30/2019,12/18/2019,12/30/2019,500.00,,,26-7(e),Failure to maintain space water heater in good and safe working condition.
1Z41708045,Department of Permitting Services,Open,02/01/2019,01/28/2019,02/01/2019,500.00,Show Cause Order Withdrawn,01/21/2020,59-3-1-6,Allowing the use of a residentially zoned lot as a staging and commerical storage lot
4Z36225025,Department of Housing and Community Affairs,Open,11/01/2019,10/21/2019,11/01/2019,500.00,,03/24/2020,26-9(b)(5),"Failure to maintain grounds: free of erosion or gullying; grass or weeds over 12 inches high; and/or shrubbery, trees, vines, hedges, and other vegetation, including dead trees and branches."
3Z36225052,Department of Housing and Community Affairs,Open,11/01/2019,10/24/2019,11/01/2019,500.00,,03/24/2020,26-14(a),"Failure to demolish, remove or repair a condemned structure"
3Z41782569,Board of License Commissioners,Open,02/18/2020,12/05/2019,02/18/2020,1000.00,,,24-11-B(1)(i),"Did or did offer to deliver, dispense, issue, give away or sell a tobacco product to a minor"
1Z42115620,Police Department,Open,07/20/2019,07/15/2019,07/20/2019,500.00,,10/08/2019,47-5-a-2,Provide a current vendors license to sell merchandise to a resident of Montgomery County
0Z36226267,Department of Housing and Community Affairs,Open,12/19/2019,12/06/2019,12/19/2019,500.00,,03/31/2020,26-6(a),Failure to maintain electrical service in good safe working condition.
1Z36222355,Department of Housing and Community Affairs,Open,01/11/2019,01/03/2019,01/11/2019,500.00,,,26-9(a)(2),"Failure to maintain door, window, and/or hatchway in sound working condition."
1Z36225645,Department of Housing and Community Affairs,Open,12/05/2019,11/19/2019,12/05/2019,500.00,,03/31/2020,26-9(b)(3),"Failure to maintain exterior surfaces free of flaking, peeling or loose paint and free of water seepage and against decay."
2Z36224596,Department of Housing and Community Affairs,Open,09/30/2019,09/09/2019,09/30/2019,500.00,Continued,01/28/2020,26-9(a)(8),"Accumulating garbage or rubbish outside of approved storage container, garage or building."
1Z36224091,Department of Housing and Community Affairs,Open,07/11/2019,06/27/2019,07/11/2019,30.00,,10/22/2019,26-9(a)(9),"Failure to exterminate insects, rodents, or other vermin."
4Z36226537,Department of Housing and Community Affairs,Open,01/16/2020,12/26/2019,01/16/2020,500.00,,,26-6(a),Failure to maintain electrical service in good safe working condition.
3Z36226277,Department of Housing and Community Affairs,Open,12/19/2019,12/06/2019,12/19/2019,500.00,,03/31/2020,26-6(a),Failure to maintain electrical service in good safe working condition.
6Z39895631,Animal Control and Humane Treatment,Open,01/10/2017,12/28/2016,01/10/2017,500.00,Stet Docket,04/11/2017,5-402-C,"An owner must vaccinate a cat, dog, or ferret older than 4 months of age against rabies and provide proof of the most recent vaccination to an animal control officer within 24 hours."
6Z42317218,False Alarm,Open,03/03/2020,01/28/2020,03/03/2020,500.00,,,3a-4C(2),requesting police dispatch to a burglar alarm activation without providing the required alarm user registration number.
4Z36222659,Department of Housing and Community Affairs,Open,03/01/2019,02/19/2019,03/01/2019,500.00,Abatement Order Compliance,05/28/2019,26-9(a)(8),"Accumulating garbage or rubbish outside of approved storage container, garage or building."
3Z36226648,Department of Housing and Community Affairs,Open,01/24/2020,01/15/2020,01/24/2020,500.00,,,26-9(a)(13),"Failure to remove, repair, and/or register unused vehicle"
2Z36226437,Department of Housing and Community Affairs,Open,12/19/2019,12/12/2019,12/19/2019,500.00,,,26-9(a)(1),Failure to maintain item/structure in good repair.
5Z36226727,Department of Housing and Community Affairs,Open,02/07/2020,02/03/2020,02/07/2020,500.00,,,26-9(a)(2),"Failure to maintain door, window, and/or hatchway in sound working condition."
5Z36221295,Department of Housing and Community Affairs,Open,08/31/2108,08/23/2018,08/31/2108,500.00,Continued,11/27/2018,26-9(a)(8),"Accumulating garbage or rubbish outside of approved storage container, garage or building."
3Z42125912,Animal Control and Humane Treatment,Open,12/15/2018,12/03/2018,12/15/2018,100.00,Guilty,,5-203-A-1,Prevent the animal other than an altered cat to be at large
3Z36224534,Department of Housing and Community Affairs,Open,09/06/2019,08/28/2019,09/06/2019,500.00,Abatement Order entered,11/19/2019,26-9(a)(1),Failure to maintain item/structure in good repair.
4Z36224381,Department of Housing and Community Affairs,Open,08/09/2019,08/01/2019,08/09/2019,500.00,Guilty,12/17/2019,26-9(b)(5),"Failure to maintain grounds: free of erosion or gullying; grass or weeds over 12 inches high; and/or shrubbery, trees, vines, hedges, and other vegetation, including dead trees and branches."
1Z40850979,Washington Metro. and Transit Auth. Police,Open,12/31/2019,12/10/2019,12/31/2019,50.00,,,54-A-2-9,Cease entering or leaving a fare-paid area of a rail transport station without paying the fare or presenting a valid transfer
6Z36227085,Department of Housing and Community Affairs,Open,03/23/2020,03/10/2020,03/23/2020,500.00,,,26-6(a),Failure to maintain electrical service in good safe working condition.
6Z36221723,Department of Housing and Community Affairs,Open,10/15/2018,10/09/2018,10/15/2018,500.00,Abatement Order entered,01/29/2019,26-9(A)(13),"Failure to remove, repair, and/or register unused vehicle"
2Z36224652,Department of Housing and Community Affairs,Open,09/20/2019,09/16/2019,09/20/2019,500.00,,,26-9(b)(3),"Failure to maintain exterior surfaces free of flaking, peeling or loose paint and free of water seepage and against decay."
0Z41708051,Department of Permitting Services,Open,08/29/2018,08/16/2018,08/29/2018,500.00,Guilty,10/16/2018,59-3-3-3(H-2)ii,Conducting business in the open yard area with outdoor storage of commercial  material and equipment
2Z41707094,Department of Permitting Services,Open,03/13/2020,03/10/2020,03/13/2020,1000.00,,,19-13-A,"Maintain in a good & effective condition and promptly repair or restore all grade surfaces, walls, drains, dams, and structures, plantings, vegetation, erosion and sediment control measures and other devices."
2Z36219458,Department of Housing and Community Affairs,Open,12/08/2017,11/28/2017,12/08/2017,500.00,Show Cause Order,03/31/2020,26-9(a)(1),Failure to maintain item/structure in good repair.
1Z36225372,Department of Housing and Community Affairs,Open,11/15/2019,11/05/2019,11/15/2019,500.00,Stet Docket,02/18/2020,26-9(a)(4),Failure to maintain supplied facility in satisfactory working condition.
4Z42126368,Animal Control and Humane Treatment,Open,01/15/2018,12/22/2017,01/15/2018,500.00,Stet Docket,04/10/2018,5-203-b-1,Preven the animal(s) from causing loud noises that are persistent enough to disturb another person's quiet enjoyment
4Z36220510,Department of Housing and Community Affairs,Open,06/01/2018,05/24/2018,06/01/2018,500.00,Abatement Order entered,07/31/2018,26-9(a)(13),"Failure to remove, repair, and/or register unused vehicle"
3Z36220047,Department of Housing and Community Affairs,Open,03/08/2018,03/05/2018,03/08/2018,500.00,Abatement Order entered,06/26/2018,26-9(a)(8),"Accumulating garbage or rubbish outside of approved storage container, garage or building."
5Z36226944,Department of Housing and Community Affairs,Open,03/03/2020,02/20/2020,03/03/2020,500.00,,,26-9(a)(13),"Failure to remove, repair, and/or register unused vehicle"
6Z39912039,Department of Environmental Protection/Solid Waste,Open,02/18/2020,02/12/2020,02/18/2020,500.00,,,48-19(A)-2-A,Transporting solid waste in the County without a suitable cover to prevent loss of material
1Z36224931,Department of Housing and Community Affairs,Open,10/11/2019,10/09/2019,10/11/2019,500.00,Continued,02/25/2020,26-9(a)(8),"Accumulating garbage or rubbish outside of approved storage container, garage or building."
5Z36224172,Department of Housing and Community Affairs,Open,07/11/2019,07/03/2019,07/11/2019,500.00,Guilty,10/29/2019,26-9(a)(8),"Accumulating garbage or rubbish outside of approved storage container, garage or building."
6Z36226896,Department of Housing and Community Affairs,Open,01/21/2020,02/14/2020,01/21/2020,500.00,,,26-9(b)(4),"Failure to maintain apron, driveway, sidewalk, walkway, parking lot, and/or patio in good serviceable and safe condition."
3Z36226522,Department of Housing and Community Affairs,Open,12/30/2019,12/20/2019,12/30/2019,500.00,,,26-9(a)(1),Failure to maintain item/structure in good repair.
3Z36221209,Department of Housing and Community Affairs,Open,08/24/2018,08/16/2018,08/24/2018,500.00,Abatement Order entered,11/27/2018,26-9(a)(13),"Failure to remove, repair, and/or register unused vehicle"
4Z36226803,Department of Housing and Community Affairs,Open,01/21/2020,02/06/2020,01/21/2020,500.00,,,26-9(a)(8),"Accumulating garbage or rubbish outside of approved storage container, garage or building."
5z42126355,Animal Control and Humane Treatment,Open,01/15/2018,12/22/2017,01/15/2018,500.00,Stet Docket,,5-203-b-1,Preven the animal(s) from causing loud noises that are persistent enough to disturb another person's quiet enjoyment
4Z36227139,Department of Housing and Community Affairs,Open,03/24/2020,03/18/2020,03/24/2020,500.00,,,26-6(a),Failure to maintain electrical service in good safe working condition.
4Z41707712,Department of Permitting Services,Open,02/25/2019,02/12/2019,02/25/2019,500.00,Continued,06/18/2019,8-24-a,Comply with the NOV requiring permits and inspections for large additions to the home
2Z36226500,Department of Housing and Community Affairs,Open,12/30/2019,12/18/2019,12/30/2019,500.00,,,26-9(a)(1),Failure to maintain item/structure in good repair.
3Z42209177,Animal Control and Humane Treatment,Open,07/14/2019,07/20/2019,07/14/2019,500.00,,10/08/2019,5-201-b,Provide shade and shelterfor an animal on a 90 degrees day.
4Z42126354,Animal Control and Humane Treatment,Open,01/15/2018,12/22/2017,01/15/2018,500.00,Stet Docket,04/10/2018,5-203-b-1,Preven the animal(s) from causing loud noises that are persistent enough to disturb another person's quiet enjoyment
2Z36222685,Department of Housing and Community Affairs,Open,03/08/2019,02/26/2019,03/08/2019,500.00,,,26-9(a)(1),Failure to maintain item/structure in good repair.
6Z42126090,Animal Control and Humane Treatment,Open,12/30/2019,12/18/2019,12/30/2019,500.00,,03/10/2020,5-402-C,"An owner must vaccinate a cat, dog, or ferret older than 4 months of age against rabies and provide proof of the most recent vaccination to an animal control officer within 24 hours."
1Z36220976,Department of Housing and Community Affairs,Open,08/02/2018,07/16/2018,08/02/2018,500.00,Abatement Order entered,10/23/2018,26-9(a)(1),Failure to maintain item/structure in good repair.
4Z36225340,Department of Housing and Community Affairs,Open,11/15/2019,11/05/2019,11/15/2019,500.00,Stet Docket,02/18/2020,26-9(a)(4),Failure to maintain supplied facility in satisfactory working condition.
1Z39893057,Department of Environmental Protection/Solid Waste,Open,09/25/2019,09/17/2019,09/25/2019,150.00,Abatement Order entered,12/10/2019,48-03(c)7,"Failure to produce container(s) for recycling recyclables/mixed paper and commingles inside container for debris, recyclables as debris"
5Z36225131,Department of Housing and Community Affairs,Open,11/11/2019,10/30/2019,11/11/2019,500.00,,03/24/2020,26-8(a)(1),Failure to provide safe and unobstructed means of escape leading to safe and open space ground level.
2Z36223000,Department of Housing and Community Affairs,Open,04/05/2019,03/19/2019,04/05/2019,500.00,Abatement Order entered,06/25/2019,26-14(a),"Failure to demolish, remove or repair a condemned structure"
3Z36224877,Department of Housing and Community Affairs,Open,10/23/2019,10/03/2019,10/23/2019,500.00,Abatement Order entered,02/25/2020,26-9(a)(2),"Failure to maintain door, window, and/or hatchway in sound working condition."
6Z36224355,Department of Housing and Community Affairs,Open,07/31/2019,07/23/2019,07/31/2019,500.00,Guilty,10/29/2019,26-9(a)(1),Failure to maintain item/structure in good repair.
3Z40851394,Washington Metro. and Transit Auth. Police,Open,03/03/2020,02/18/2020,03/03/2020,50.00,,,54-A-2-9,Cease entering or leaving a fare-paid area of a rail transport station without paying the fare or presenting a valid transfer
3Z41767890,Animal Control and Humane Treatment,Open,01/14/2020,01/10/2020,01/14/2020,100.00,,03/10/2020,5-203-A-1,Prevent the animal other than an altered cat to be at large
4Z40852473,Washington Metro. and Transit Auth. Police,Open,03/20/2018,03/05/2018,03/20/2018,50.00,,,54-A-2-9,Cease entering or leaving a fare-paid area of a rail transport station without paying the fare or presenting a valid transfer
6Z36220680,Department of Housing and Community Affairs,Open,06/15/2018,05/31/2018,06/15/2018,500.00,Abatement Order entered,08/28/2018,26-9(a)(1),Failure to maintain item/structure in good repair.
5Z36226664,Department of Housing and Community Affairs,Open,01/31/2020,01/22/2020,01/31/2020,500.00,,,26-9(a)(2),"Failure to maintain door, window, and/or hatchway in sound working condition."
2Z36223154,Department of Housing and Community Affairs,Open,04/19/2019,04/09/2019,04/19/2019,500.00,Guilty,08/27/2019,26-8(b)(1),Failure to provide working smoke detector.
2Z36221859,Department of Housing and Community Affairs,Open,11/02/2018,10/24/2018,11/02/2018,500.00,Abatement Order entered,02/26/2019,26-7(e)(3),Failure to provide heat supply capable of maintaining temperature of at least 68 degrees.
6Z36225188,Department of Housing and Community Affairs,Open,11/15/2019,11/05/2019,11/15/2019,500.00,Stet Docket,02/18/2020,26-9(a)(4),Failure to maintain supplied facility in satisfactory working condition.
0Z36226253,Department of Housing and Community Affairs,Open,12/19/2019,12/06/2019,12/19/2019,500.00,,03/31/2020,26-8(f),Failure to provide required address for the dwelling unit.
3Z39890665,Department of Environmental Protection/Solid Waste,Open,12/31/2019,12/13/2019,12/31/2019,0.00,,03/10/2020,48-24-b-3,All owners and occupants of industrial and commercial land or buildings must provide sufficient number of approved containers for solid waste
4Z36227041,Department of Housing and Community Affairs,Open,03/23/2020,03/05/2020,03/23/2020,500.00,,,26-9(a)(1),Failure to maintain item/structure in good repair.
3Z33911489,Animal Control and Humane Treatment,Open,05/16/2019,05/14/2019,05/16/2019,100.00,Default Judgment,08/13/2019,5-203-A-1,Prevent the animal other than an altered cat to be at large
0Z36221724,Department of Housing and Community Affairs,Open,10/23/2018,10/09/2018,10/23/2018,500.00,,,29-5(c),Failure to provide access for inspection.
6Z36225636,Department of Housing and Community Affairs,Open,12/05/2019,11/19/2019,12/05/2019,500.00,,03/31/2020,26-9(b)(5),"Failure to maintain grounds: free of erosion or gullying; grass or weeds over 12 inches high; and/or shrubbery, trees, vines, hedges, and other vegetation, including dead trees and branches."
4Z36226887,Department of Housing and Community Affairs,Open,01/21/2020,02/14/2020,01/21/2020,500.00,,,26-9(a)(4),Failure to maintain supplied facility in satisfactory working condition.
3Z36225290,Department of Housing and Community Affairs,Open,11/15/2019,11/05/2019,11/15/2019,500.00,Stet Docket,02/18/2020,26-9(a)(4),Failure to maintain supplied facility in satisfactory working condition.
6Z36224488,Department of Housing and Community Affairs,Open,09/06/2019,08/22/2019,09/06/2019,500.00,Abatement Order entered,12/17/2019,26-9(b)(3),"Failure to maintain exterior surfaces free of flaking, peeling or loose paint and free of water seepage and against decay."
6Z42126363,Animal Control and Humane Treatment,Open,01/15/2018,12/22/2017,01/15/2018,500.00,Stet Docket,04/10/2018,5-203-b-1,Preven the animal(s) from causing loud noises that are persistent enough to disturb another person's quiet enjoyment
6Z36217782,Department of Housing and Community Affairs,Open,03/13/2017,03/06/2017,03/13/2017,500.00,Abatement Order entered,05/30/2017,26-9(a)(13),"Failure to remove, repair, and/or register unused vehicle"
1Z36222159,Department of Housing and Community Affairs,Open,12/24/2018,12/10/2018,12/24/2018,500.00,Guilty,05/28/2019,29-16(a),Operating a rental facility without first obtaining a rental facility license.
1Z42126484,Animal Control and Humane Treatment,Open,07/31/2018,07/19/2018,07/31/2018,100.00,Abatement Order entered,10/09/2018,5-203-A-1,Prevent the animal other than an altered cat to be at large
6Z36221926,Department of Housing and Community Affairs,Open,11/27/2018,10/31/2018,11/27/2018,500.00,Guilty,08/06/2019,26-9(a)(13),"Failure to remove, repair, and/or register unused vehicle"
3Z36223561,Department of Housing and Community Affairs,Open,06/03/2019,05/20/2019,06/03/2019,500.00,Dismiss without prejudice,10/29/2019,26-7(e)(3),Failure to provide heat supply capable of maintaining temperature of at least 68 degrees.
3Z36224156,Department of Housing and Community Affairs,Open,07/19/2019,07/02/2019,07/19/2019,500.00,Guilty,10/29/2019,26-9(c)(3),"Failure to maintain wall, ceiling, floor, interior woodwork, door, and/or windows in sound condition and good repair free of flaking, peeling, or loose paint."
3Z42126199,Animal Control and Humane Treatment,Open,09/13/2019,09/05/2019,09/13/2019,250.00,Default Judgment,01/14/2020,5-402-C,Possessing unvaccinated dog
1Z36220304,Department of Housing and Community Affairs,Open,05/04/2018,04/25/2018,05/04/2018,500.00,Abatement Order entered,08/28/2018,26-14(a),"Failure to demolish, remove or repair a condemned structure"
1Z36222691,Department of Housing and Community Affairs,Open,03/08/2019,02/26/2019,03/08/2019,500.00,,,26-8(b)(1),Failure to provide working smoke detector.
6Z39896373,Animal Control and Humane Treatment,Open,02/01/2018,12/21/2017,02/01/2018,500.00,Default Judgment,04/10/2018,5-203-C,Prevent the animal from having unwanted contact with a person or another domesticated animal at all times.
5Z36224382,Department of Housing and Community Affairs,Open,08/09/2019,08/01/2019,08/09/2019,500.00,,12/17/2019,26-9(a)(13),"Failure to remove, repair, and/or register unused vehicle"
3Z36226620,Department of Housing and Community Affairs,Open,01/16/2020,01/13/2020,01/16/2020,500.00,,,26-8(d)(4),Failure to provide working single cylinder deadbolt lock.
1z40856691,Washington Metro. and Transit Auth. Police,Open,03/19/2020,03/09/2020,03/19/2020,50.00,,,54-A-2-9,Cease entering or leaving a fare-paid area of a rail transport station without paying the fare or presenting a valid transfer
4Z36226698,Department of Housing and Community Affairs,Open,01/31/2020,01/27/2020,01/31/2020,500.00,,,26-9(c)(3),"Failure to maintain wall, ceiling, floor, interior woodwork, door, and/or windows in sound condition and good repair free of flaking, peeling, or loose paint."
6Z36224117,Department of Housing and Community Affairs,Open,07/11/2019,06/28/2019,07/11/2019,500.00,Dismiss without prejudice,10/15/2019,26-9(b)(3),"Failure to maintain exterior surfaces free of flaking, peeling or loose paint and free of water seepage and against decay."
5Z39912031,Department of Environmental Protection/Solid Waste,Open,12/30/2019,12/23/2019,12/30/2019,100.00,,03/10/2020,48-48-a,Failure to comply with recycling codes
2Z36226913,Department of Housing and Community Affairs,Open,01/21/2020,02/18/2020,01/21/2020,500.00,,,26-9(a)(13),"Failure to remove, repair, and/or register unused vehicle"
2Z36225261,Department of Housing and Community Affairs,Open,11/15/2019,11/05/2019,11/15/2019,500.00,Stet Docket,02/18/2020,26-9(a)(4),Failure to maintain supplied facility in satisfactory working condition.
5Z39889561,Department of Environmental Protection,Open,07/15/2019,06/25/2019,07/15/2019,750.00,Continued,01/14/2020,31B-5-B,Causing or permitting a noise disturbance
5Z40851991,Washington Metro. and Transit Auth. Police,Open,02/18/2020,02/13/2020,02/18/2020,50.00,,,54-A-2-9,Cease entering or leaving a fare-paid area of a rail transport station without paying the fare or presenting a valid transfer
3Z36226067,Department of Housing and Community Affairs,Open,12/19/2019,11/29/2019,12/19/2019,500.00,Dismiss without prejudice,,26-9(a)(13),"Failure to remove, repair, and/or register unused vehicle"
1Z39889697,Department of Environmental Protection/Solid Waste,Open,01/10/2020,12/17/2019,01/10/2020,500.00,,,48-21-B,Cease the collection of solid waste within Montgomery County before the hours of 7:00 am and less than 500 feet of a residential or occupied structure
1Z36223097,Department of Housing and Community Affairs,Open,04/05/2019,03/28/2019,04/05/2019,500.00,Abatement Order entered,05/28/2019,26-9(a)(1),Failure to maintain item/structure in good repair.
2Z42126261,Animal Control and Humane Treatment,Open,11/01/2018,09/05/2018,11/01/2018,100.00,Abatement Order entered,04/09/2019,54-A-2-9,Cease entering or leaving a fare-paid area of a rail transport station without paying the fare or presenting a valid transfer
3Z36224177,Department of Housing and Community Affairs,Open,07/19/2019,07/03/2019,07/19/2019,500.00,Abatement Order entered,10/22/2019,26-9(a)(8),"Accumulating garbage or rubbish outside of approved storage container, garage or building."
0Z36226771,Department of Housing and Community Affairs,Open,02/07/2020,02/03/2020,02/07/2020,500.00,,,26-9(a)(1),Failure to maintain item/structure in good repair.
5Z39896218,Animal Control and Humane Treatment,Open,04/24/2018,04/04/2018,04/24/2018,100.00,Stet Docket,07/10/2018,5-203-A-1,Prevent the animal other than an altered cat to be at large
6Z36226784,Department of Housing and Community Affairs,Open,02/07/2020,02/03/2020,02/07/2020,500.00,,,26-9(a)(2),"Failure to maintain door, window, and/or hatchway in sound working condition."
5Z42126362,Animal Control and Humane Treatment,Open,01/15/2018,12/22/2017,01/15/2018,500.00,Stet Docket,04/10/2018,5-203-b-1,Preven the animal(s) from causing loud noises that are persistent enough to disturb another person's quiet enjoyment
1Z36220871,Department of Housing and Community Affairs,Open,07/13/2018,07/09/2018,07/13/2018,500.00,CC Appeal,03/20/2019,26-9(a)(13),"Failure to remove, repair, and/or register unused vehicle"
2Z40851960,Washington Metro. and Transit Auth. Police,Open,01/29/2020,12/20/2019,01/29/2020,50.00,,,54-A-2-9,Cease entering or leaving a fare-paid area of a rail transport station without paying the fare or presenting a valid transfer
0Z41707652,Department of Permitting Services,Open,03/23/2020,02/13/2020,03/23/2020,500.00,,,59-3-1-6,Allowing the use of a residentially zoned lot as a staging and commerical storage lot
5Z36226062,Department of Housing and Community Affairs,Open,12/19/2019,11/29/2019,12/19/2019,500.00,,,26-9(a)(4),Failure to maintain supplied facility in satisfactory working condition.
4Z36225368,Department of Housing and Community Affairs,Open,11/15/2019,11/05/2019,11/15/2019,500.00,Stet Docket,02/18/2020,26-9(a)(4),Failure to maintain supplied facility in satisfactory working condition.
4Z36224465,Department of Housing and Community Affairs,Open,08/23/2019,08/15/2019,08/23/2019,500.00,Guilty,12/17/2019,26-13(c)(3),Occupying or allowing the occupancy of a condemned dwelling/structure.
0Z42126357,Animal Control and Humane Treatment,Open,01/15/2018,12/22/2017,01/15/2018,500.00,Stet Docket,04/10/2018,5-203-b-1,Preven the animal(s) from causing loud noises that are persistent enough to disturb another person's quiet enjoyment
3Z36224989,Department of Housing and Community Affairs,Open,10/23/2019,10/17/2019,10/23/2019,500.00,,02/25/2020,26-6(a),Failure to maintain electrical service in good safe working condition.
3Z36225675,Department of Housing and Community Affairs,Open,12/05/2019,11/21/2019,12/05/2019,500.00,,03/31/2020,26-9(c)(1),"Failure to maintain plumbing fixture in good sanitary working condition free from defects, leaks, and other obstructions."
5Z36225495,Department of Housing and Community Affairs,Open,11/15/2019,11/05/2019,11/15/2019,500.00,Stet Docket,02/18/2020,26-9(a)(4),Failure to maintain supplied facility in satisfactory working condition.
1Z36224182,Department of Housing and Community Affairs,Open,07/19/2019,07/05/2019,07/19/2019,500.00,Abatement Order entered,01/21/2020,26-9(a)(2),"Failure to maintain door, window, and/or hatchway in sound working condition."
5Z36225467,Department of Housing and Community Affairs,Open,11/15/2019,11/05/2019,11/15/2019,500.00,Stet Docket,02/18/2020,26-9(a)(4),Failure to maintain supplied facility in satisfactory working condition.
0Z36226435,Department of Housing and Community Affairs,Open,12/19/2019,12/12/2019,12/19/2019,500.00,,,26-9(a)(12),Failure to eliminate public nuisance.
6Z36220533,Department of Housing and Community Affairs,Open,06/01/2018,05/29/2018,06/01/2018,500.00,Abatement Order entered,10/23/2018,26-9(a)(8),"Accumulating garbage or rubbish outside of approved storage container, garage or building."
3Z42126353,Animal Control and Humane Treatment,Open,01/15/2018,12/22/2017,01/15/2018,500.00,Stet Docket,04/10/2018,5-203-b-1,Preven the animal(s) from causing loud noises that are persistent enough to disturb another person's quiet enjoyment
6Z40851957,Washington Metro. and Transit Auth. Police,Open,12/20/2019,12/02/2019,12/20/2019,50.00,,02/11/2020,54-A-2-9,Cease entering or leaving a fare-paid area of a rail transport station without paying the fare or presenting a valid transfer
5Z41708035,Department of Permitting Services,Open,09/24/2018,09/06/2018,09/24/2018,500.00,Abatement Order entered,01/29/2019,59-6-2-5-L1,Parking vehicle on non-surfaced area of front yard
0Z36221402,Department of Housing and Community Affairs,Open,09/14/2018,09/10/2018,09/14/2018,500.00,Show Cause Order Withdrawn,02/25/2020,26-9(b)(3),"Failure to maintain exterior surfaces free of flaking, peeling or loose paint and free of water seepage and against decay."
1Z36222684,Department of Housing and Community Affairs,Open,03/08/2019,02/26/2019,03/08/2019,500.00,,,26-9(a)(1),Failure to maintain item/structure in good repair.
0Z36220184,Department of Housing and Community Affairs,Open,04/27/2018,04/05/2018,04/27/2018,500.00,,06/26/2018,26-9(a)(1),Failure to maintain item/structure in good repair.
3Z36226767,Department of Housing and Community Affairs,Open,02/07/2020,02/03/2020,02/07/2020,500.00,,,26-9(a)(2),"Failure to maintain door, window, and/or hatchway in sound working condition."
3Z36225388,Department of Housing and Community Affairs,Open,11/15/2019,11/05/2019,11/15/2019,500.00,Stet Docket,02/18/2020,26-9(a)(4),Failure to maintain supplied facility in satisfactory working condition.
6Z36222577,Department of Housing and Community Affairs,Open,02/15/2019,02/07/2019,02/15/2019,500.00,Abatement Order entered,05/28/2019,26-9(b)(3),"Failure to maintain exterior surfaces free of flaking, peeling or loose paint and free of water seepage and against decay."
5Z42211664,Animal Control and Humane Treatment,Open,08/19/2019,08/06/2019,08/19/2019,100.00,Defendant found in contempt,03/31/2020,5-203-a-9,Obtain and provide proof that an animal is licensed in Montgomery County
0Z42317163,False Alarm,Open,01/24/2020,12/19/2019,01/24/2020,500.00,,,3a-4C(2),requesting police dispatch to a burglar alarm activation without providing the required alarm user registration number.
1Z36225589,Department of Housing and Community Affairs,Open,12/05/2019,11/07/2019,12/05/2019,500.00,,03/31/2020,26-9(b)(5),"Failure to maintain grounds: free of erosion or gullying; grass or weeds over 12 inches high; and/or shrubbery, trees, vines, hedges, and other vegetation, including dead trees and branches."
1Z42125896,Animal Control and Humane Treatment,Open,06/30/2018,06/04/2018,06/30/2018,100.00,Guilty,10/09/2018,5-203-a-3,Prevent an animal from entering a private property without the property owners's permission
6Z36224866,Department of Housing and Community Affairs,Open,10/11/2019,10/02/2019,10/11/2019,500.00,Abatement Order entered,02/25/2020,26-9(a)(13),"Failure to remove, repair, and/or register unused vehicle"
2Z41767728,Animal Control and Humane Treatment,Open,02/26/2020,02/24/2020,02/26/2020,500.00,,,5-402-a,Vaccinate the animal and provide proof of vaccination to the MC Animal Services Division
5Z40851956,Washington Metro. and Transit Auth. Police,Open,12/11/2019,11/27/2019,12/11/2019,50.00,,02/11/2020,54-A-2-9,Cease entering or leaving a fare-paid area of a rail transport station without paying the fare or presenting a valid transfer
4Z36226509,Department of Housing and Community Affairs,Open,12/30/2019,12/18/2019,12/30/2019,500.00,,,26-9(a)(1),Failure to maintain item/structure in good repair.
4Z41707803,Department of Permitting Services,Open,02/03/2020,01/30/2020,02/03/2020,1000.00,,,19-2-a,Cease engaging into any land disturbing activity without first the proper permit from DPS.
0Z36225224,Department of Housing and Community Affairs,Open,11/15/2019,11/05/2019,11/15/2019,500.00,Stet Docket,02/18/2020,26-9(a)(4),Failure to maintain supplied facility in satisfactory working condition.
6Z36222661,Department of Housing and Community Affairs,Open,03/01/2019,02/19/2019,03/01/2019,500.00,Abatement Order Compliance,05/28/2019,26-9(a)(1),Failure to maintain item/structure in good repair.
2Z36224883,Department of Housing and Community Affairs,Open,10/23/2019,10/03/2019,10/23/2019,500.00,Abatement Order entered,02/25/2020,26-9(a)(4),Failure to maintain supplied facility in satisfactory working condition.
1Z36226317,Department of Housing and Community Affairs,Open,12/19/2019,12/06/2019,12/19/2019,500.00,,03/31/2020,26-9(a)(4),Failure to maintain supplied facility in satisfactory working condition.
3Z36216295,Department of Housing and Community Affairs,Open,03/25/2016,03/18/2016,03/25/2016,500.00,Defendant found in contempt,03/24/2020,26-9(a)(4),Failure to maintain supplied facility in satisfactory working condition.
4z42117128,Police Department,Open,03/21/2018,03/04/2018,03/21/2018,100.00,Guilty,06/12/2018,32-19-B,Cease the aggressive panhandling in front of a public store and sidewalk
0Z40859931,Washington Metro. and Transit Auth. Police,Open,01/14/2020,01/04/2020,01/14/2020,50.00,,03/10/2020,54-A-2-9,Cease entering or leaving a fare-paid area of a rail transport station without paying the fare or presenting a valid transfer
2Z36226857,Department of Housing and Community Affairs,Open,03/23/2020,02/13/2020,03/23/2020,500.00,,,26-6(a),Failure to maintain electrical service in good safe working condition.
2Z42123307,Animal Control and Humane Treatment,Open,02/12/2020,02/10/2020,02/12/2020,100.00,,,5-203-a-9,Obtain and provide proof that an animal is licensed in Montgomery County
4Z39896266,Animal Control and Humane Treatment,Open,02/01/2018,11/22/2017,02/01/2018,500.00,Abatement Order entered,04/10/2018,5-203-C,Prevent the animal from having unwanted contact with a person or another domesticated animal at all times.
1Z40614988,Washington Metro. and Transit Auth. Police,Open,02/03/2020,01/15/2020,02/03/2020,50.00,,,54-A-2-9,Cease entering or leaving a fare-paid area of a rail transport station without paying the fare or presenting a valid transfer
0Z36227065,Department of Housing and Community Affairs,Open,03/23/2020,03/10/2020,03/23/2020,500.00,,,26-7(e),Failure to maintain space water heater in good and safe working condition.
0Z36226358,Department of Housing and Community Affairs,Open,12/19/2019,12/06/2019,12/19/2019,500.00,,03/31/2020,26-9(c)(1),"Failure to maintain plumbing fixture in good sanitary working condition free from defects, leaks, and other obstructions."
4Z36226971,Department of Housing and Community Affairs,Open,03/03/2020,02/26/2020,03/03/2020,500.00,,,26-9(a)(4),Failure to maintain supplied facility in satisfactory working condition.
2z40851393,Washington Metro. and Transit Auth. Police,Open,02/12/2020,02/06/2020,02/12/2020,50.00,,,54-A-2-9,Cease entering or leaving a fare-paid area of a rail transport station without paying the fare or presenting a valid transfer
1Z42126127,Animal Control and Humane Treatment,Open,03/15/2019,02/13/2019,03/15/2019,100.00,Guilty,07/09/2019,5-203-A-1,Prevent the animal other than an altered cat to be at large
5Z42126369,Animal Control and Humane Treatment,Open,01/15/2018,12/22/2017,01/15/2018,500.00,Stet Docket,04/10/2018,5-203-b-1,Preven the animal(s) from causing loud noises that are persistent enough to disturb another person's quiet enjoyment
1Z36226639,Department of Housing and Community Affairs,Open,03/03/2020,01/14/2020,03/03/2020,500.00,,,26-9(a)(2),"Failure to maintain door, window, and/or hatchway in sound working condition."
2Z36220956,Department of Housing and Community Affairs,Open,07/18/2018,07/12/2018,07/18/2018,500.00,Motion to vacate,02/19/2019,26-9(a)(12),Failure to eliminate public nuisance.
6Z36226343,Department of Housing and Community Affairs,Open,12/19/2019,12/06/2019,12/19/2019,500.00,,03/31/2020,26-6(a),Failure to maintain electrical service in good safe working condition.
4Z36226397,Department of Housing and Community Affairs,Open,12/19/2019,12/10/2019,12/19/2019,500.00,,,26-8(e),Failure to supply/ install/ maintain required locks.
2Z40855222,Washington Metro. and Transit Auth. Police,Open,10/16/2019,10/05/2019,10/16/2019,50.00,Default Judgment,01/14/2020,54-A-2-9,Cease entering or leaving a fare-paid area of a rail transport station without paying the fare or presenting a valid transfer
5Z40855239,Washington Metro. and Transit Auth. Police,Open,12/02/2019,11/18/2019,12/02/2019,50.00,Guilty,02/11/2020,54-A-2-9,Cease entering or leaving a fare-paid area of a rail transport station without paying the fare or presenting a valid transfer
6Z36226875,Department of Housing and Community Affairs,Open,01/21/2020,02/14/2020,01/21/2020,500.00,,,26-9(a)(4),Failure to maintain supplied facility in satisfactory working condition.
2Z36226836,Department of Housing and Community Affairs,Open,01/21/2020,02/11/2020,01/21/2020,500.00,,,26-9(a)(13),"Failure to remove, repair, and/or register unused vehicle"
2Z39905651,Animal Control and Humane Treatment,Open,01/01/2019,12/23/2018,01/01/2019,100.00,Guilty,02/12/2019,5-203-A-1,Prevent the animal other than an altered cat to be at large
5Z36223507,Department of Housing and Community Affairs,Open,05/22/2019,05/16/2019,05/22/2019,500.00,Abatement Order entered,10/22/2019,29-16(a),Operating a rental facility without first obtaining a rental facility license.
4Z42126361,Animal Control and Humane Treatment,Open,01/15/2018,12/22/2017,01/15/2018,500.00,Stet Docket,04/10/2018,5-203-b-1,Preven the animal(s) from causing loud noises that are persistent enough to disturb another person's quiet enjoyment
5Z39896848,Animal Control and Humane Treatment,Open,09/05/2019,08/27/2019,09/05/2019,100.00,,11/12/2019,5-203-A-1,Prevent the animal other than an altered cat to be at large
5Z36223773,Department of Housing and Community Affairs,Open,06/14/2019,06/03/2019,06/14/2019,500.00,Continued,01/28/2020,26-9(a)(8),"Accumulating garbage or rubbish outside of approved storage container, garage or building."
3Z36226977,Department of Housing and Community Affairs,Open,03/03/2020,02/26/2020,03/03/2020,500.00,,,26-9(a)(4),Failure to maintain supplied facility in satisfactory working condition.
3Z36219004,Department of Housing and Community Affairs,Open,09/08/2017,08/29/2017,09/08/2017,500.00,,10/08/2019,26-9(a)(1),Failure to maintain item/structure in good repair.
1Z36225533,Department of Housing and Community Affairs,Open,11/15/2019,11/05/2019,11/15/2019,500.00,Stet Docket,02/18/2020,26-9(a)(4),Failure to maintain supplied facility in satisfactory working condition.
5Z36225222,Department of Housing and Community Affairs,Open,11/15/2019,11/05/2019,11/15/2019,500.00,Stet Docket,02/18/2020,26-9(a)(4),Failure to maintain supplied facility in satisfactory working condition.
2Z36224624,Department of Housing and Community Affairs,Open,09/17/2019,09/10/2019,09/17/2019,500.00,Guilty,12/17/2019,26-9(a)(1),Failure to maintain item/structure in good repair.
4Z36227132,Department of Housing and Community Affairs,Open,03/24/2020,03/18/2020,03/24/2020,500.00,,,26-9(a)(1),Failure to maintain item/structure in good repair.
5Z36220476,Department of Housing and Community Affairs,Open,05/25/2018,05/17/2018,05/25/2018,500.00,Abatement Order entered,07/24/2018,26-9(a)(8),"Accumulating garbage or rubbish outside of approved storage container, garage or building."
4Z39905632,Animal Control and Humane Treatment,Open,08/26/2018,08/13/2018,08/26/2018,500.00,Abatement Order entered,10/09/2018,5-203-C,Prevent the animal from having unwanted contact with a person or another domesticated animal at all times.
2Z36225520,Department of Housing and Community Affairs,Open,11/15/2019,11/05/2019,11/15/2019,500.00,Stet Docket,02/18/2020,26-9(a)(4),Failure to maintain supplied facility in satisfactory working condition.
4Z36219194,Department of Housing and Community Affairs,Open,10/13/2017,10/09/2017,10/13/2017,500.00,Defendant found in contempt,03/31/2020,26-9(a)(1),Failure to maintain item/structure in good repair.
5Z36224116,Department of Housing and Community Affairs,Open,07/11/2019,06/28/2019,07/11/2019,500.00,Dismiss without prejudice,10/15/2019,26-9(a)(1),Failure to maintain item/structure in good repair.
3Z41163300,Board of License Commissioners,Open,03/15/2019,02/25/2019,03/15/2019,1000.00,Default Judgment,08/20/2019,24-11-B(1)(i),"Did or did offer to deliver, dispense, issue, give away or sell a tobacco product to a minor"
2Z42211654,Animal Control and Humane Treatment,Open,07/07/2019,07/02/2019,07/07/2019,100.00,,10/08/2019,5-203-a-9,Obtain and provide proof that an animal is licensed in Montgomery County
3Z36225514,Department of Housing and Community Affairs,Open,11/15/2019,11/05/2019,11/15/2019,500.00,Stet Docket,02/18/2020,26-9(a)(4),Failure to maintain supplied facility in satisfactory working condition.
3Z36226879,Department of Housing and Community Affairs,Open,01/21/2020,02/14/2020,01/21/2020,500.00,,,26-9(a)(2),"Failure to maintain door, window, and/or hatchway in sound working condition."
4Z36226341,Department of Housing and Community Affairs,Open,12/19/2019,12/06/2019,12/19/2019,500.00,,03/31/2020,26-9(a)(4),Failure to maintain supplied facility in satisfactory working condition.
1Z36222572,Department of Housing and Community Affairs,Open,02/15/2019,02/07/2019,02/15/2019,500.00,Abatement Order entered,05/28/2019,26-9(b)(5),"Failure to maintain grounds: free of erosion or gullying; grass or weeds over 12 inches high; and/or shrubbery, trees, vines, hedges, and other vegetation, including dead trees and branches."
0Z36226610,Department of Housing and Community Affairs,Open,01/16/2020,01/13/2020,01/16/2020,500.00,,,26-7(c)(2),Failure to provide screens.
0Z39893364,Department of Environmental Protection/Solid Waste,Open,09/16/2019,09/11/2019,09/16/2019,750.00,Abatement Order entered,12/10/2019,48-10,Cease depositing solid waste on a public or private property without written permission from the owner
0Z36225112,Department of Housing and Community Affairs,Open,11/11/2019,10/30/2019,11/11/2019,500.00,,03/24/2020,26-8(a)(1),Failure to provide safe and unobstructed means of escape leading to safe and open space ground level.
5Z36225418,Department of Housing and Community Affairs,Open,11/15/2019,11/05/2019,11/15/2019,500.00,Stet Docket,02/18/2020,26-9(a)(4),Failure to maintain supplied facility in satisfactory working condition.
6Z36221093,Department of Housing and Community Affairs,Open,08/10/2018,07/31/2018,08/10/2018,500.00,Abatement Order entered,03/26/2019,26-9(a)(1),Failure to maintain item/structure in good repair.
3Z36226270,Department of Housing and Community Affairs,Open,12/19/2019,12/06/2019,12/19/2019,500.00,,03/31/2020,26-9(a)(1),Failure to maintain item/structure in good repair.
3Z36225535,Department of Housing and Community Affairs,Open,11/15/2019,11/05/2019,11/15/2019,500.00,Stet Docket,02/18/2020,26-9(a)(4),Failure to maintain supplied facility in satisfactory working condition.
1Z36226877,Department of Housing and Community Affairs,Open,01/21/2020,02/14/2020,01/21/2020,500.00,,,26-6(a),Failure to maintain electrical service in good safe working condition.
5Z36219454,Department of Housing and Community Affairs,Open,12/08/2017,11/28/2017,12/08/2017,500.00,Show Cause Order,03/31/2020,26-9(a)(1),Failure to maintain item/structure in good repair.
2Z42211675,Animal Control and Humane Treatment,Open,11/06/2019,10/28/2019,11/06/2019,100.00,,03/10/2020,5-203-a-9,Obtain and provide proof that an animal is licensed in Montgomery County
4Z36221959,Department of Housing and Community Affairs,Open,11/27/2018,11/05/2018,11/27/2018,500.00,Show Cause Order,10/29/2019,26-6(a),Failure to maintain electrical service in good safe working condition.
6Z36220701,Department of Housing and Community Affairs,Open,07/18/2018,06/12/2018,07/18/2018,500.00,Guilty,02/26/2019,26-14(a),"Failure to demolish, remove or repair a condemned structure"
2Z41706969,Department of Permitting Services,Open,10/25/2018,10/22/2018,10/25/2018,1000.00,,,19-5-b,"Install interim erosion & sediment control measure to protect stream channels, other properties or the general public from damage that will remain in effect until modifications or revisions to the plan are approved or implemented by the DPS."
4Z36221847,Department of Housing and Community Affairs,Open,11/02/2018,10/24/2018,11/02/2018,500.00,Abatement Order entered,02/26/2019,26-9(a)(2),"Failure to maintain door, window, and/or hatchway in sound working condition."
0Z4107701,Department of Permitting Services,Open,10/26/2018,10/02/2018,10/26/2018,,,,59-3-3-3(H-2)ii,Conducting business in the open yard area with outdoor storage of commercial  material and equipment
3Z36218927,Department of Housing and Community Affairs,Open,08/24/2017,08/21/2017,08/24/2017,500.00,Continued,01/28/2020,26-9(a)(1),Failure to maintain item/structure in good repair.
5Z36226286,Department of Housing and Community Affairs,Open,12/19/2019,12/06/2019,12/19/2019,500.00,,03/31/2020,26-9(a)(1),Failure to maintain item/structure in good repair.
5Z41707132,Department of Permitting Services,Open,09/06/2019,08/23/2019,09/06/2019,500.00,Abatement Order entered,11/19/2019,8-24-a,Comply with the NOV requiring permits and inspections for large additions to the home
3Z36225241,Department of Housing and Community Affairs,Open,11/15/2019,11/05/2019,11/15/2019,500.00,Stet Docket,02/18/2020,26-9(a)(4),Failure to maintain supplied facility in satisfactory working condition.
1Z36226450,Department of Housing and Community Affairs,Open,12/19/2019,12/12/2019,12/19/2019,500.00,,,26-6(a),Failure to maintain electrical service in good safe working condition.
0Z46591951,Washington Metro. and Transit Auth. Police,Open,03/27/2020,03/15/2020,03/27/2020,50.00,,,54-A-2-9,Cease entering or leaving a fare-paid area of a rail transport station without paying the fare or presenting a valid transfer
2Z36220725,Department of Housing and Community Affairs,Open,06/22/2018,06/14/2018,06/22/2018,500.00,Default Judgment,01/14/2020,26-9(b)(5),"Failure to maintain grounds: free of erosion or gullying; grass or weeds over 12 inches high; and/or shrubbery, trees, vines, hedges, and other vegetation, including dead trees and branches."
0Z36226918,Department of Housing and Community Affairs,Open,01/21/2020,02/18/2020,01/21/2020,500.00,,,26-9(a)(12),Failure to eliminate public nuisance.
1Z36226590,Department of Housing and Community Affairs,Open,01/16/2020,01/07/2020,01/16/2020,500.00,,,26-9(a)(1),Failure to maintain item/structure in good repair.
3Z36224289,Department of Housing and Community Affairs,Open,07/29/2019,07/19/2019,07/29/2019,500.00,Guilty,12/17/2019,26-9(a)(1),Failure to maintain item/structure in good repair.
4Z41707453,Department of Permitting Services,Open,07/11/2019,07/02/2019,07/11/2019,500.00,Continued,11/19/2019,59-3-1-6,Allowing the use of a residentially zoned lot as a staging and commerical storage lot
5Z36227000,Department of Housing and Community Affairs,Open,03/23/2020,03/03/2020,03/23/2020,500.00,,,26-9(a)(1),Failure to maintain item/structure in good repair.
1Z36226338,Department of Housing and Community Affairs,Open,12/19/2019,12/06/2019,12/19/2019,500.00,,03/31/2020,26-8(e),Failure to supply/ install/ maintain required locks.
3Z40850883,Washington Metro. and Transit Auth. Police,Open,12/11/2019,11/22/2019,12/11/2019,50.00,,02/11/2020,54-A-2-9,Cease entering or leaving a fare-paid area of a rail transport station without paying the fare or presenting a valid transfer
5Z39905640,Animal Control and Humane Treatment,Open,09/15/2018,08/29/2018,09/15/2018,100.00,Guilty,12/11/2018,5-203-A-1,Prevent the animal other than an altered cat to be at large
3Z42209016,Animal Control and Humane Treatment,Open,07/23/2019,07/03/2019,07/23/2019,500.00,Abatement Order entered,09/10/2019,5-301-b,violation of an order issued by the Gaithersburg City Animal Control to keep the animal muzzled
0Z42126364,Animal Control and Humane Treatment,Open,01/15/2018,12/22/2017,01/15/2018,500.00,Stet Docket,04/10/2018,5-203-b-1,Preven the animal(s) from causing loud noises that are persistent enough to disturb another person's quiet enjoyment
4Z36220818,Department of Housing and Community Affairs,Open,06/29/2018,06/25/2018,06/29/2018,500.00,Abatement Order entered,10/29/2019,26-9(a)(1),Failure to maintain item/structure in good repair.
4Z42126207,Animal Control and Humane Treatment,Open,10/08/2019,10/31/2019,10/08/2019,100.00,Default Judgment,01/14/2020,5-203-A-1,Prevent the animal other than an altered cat to be at large
5Z36223171,Department of Housing and Community Affairs,Open,04/19/2019,04/10/2019,04/19/2019,500.00,Abatement Order entered,01/21/2020,26-9(a)(1),Failure to maintain item/structure in good repair.
2Z36223427,Department of Housing and Community Affairs,Open,05/22/2019,05/08/2019,05/22/2019,500.00,Abatement Order entered,10/22/2019,26-9(a)(4),Failure to maintain supplied facility in satisfactory working condition.
4Z42209129,Animal Control and Humane Treatment,Open,09/05/2019,08/23/2019,09/05/2019,500.00,,11/12/2019,5-201-A-1,Cease violating the general prohibitions against cruelty to the animal
1Z36218001,Department of Housing and Community Affairs,Open,05/05/2017,04/27/2017,05/05/2017,500.00,Abatement Order entered,07/25/2017,26-9(a)(2),"Failure to maintain door, window, and/or hatchway in sound working condition."
0Z36218000,Department of Housing and Community Affairs,Open,05/05/2017,04/27/2017,05/05/2017,500.00,Abatement Order entered,07/25/2017,26-9(a)(1),Failure to maintain item/structure in good repair.
6Z36225118,Department of Housing and Community Affairs,Open,11/11/2019,10/30/2019,11/11/2019,500.00,,03/24/2020,26-7(e)(4),Failure to maintain water temperature between 120-140 degrees Fahrenheit.
6Z39889562,Department of Environmental Protection,Open,07/13/2019,06/25/2019,07/13/2019,750.00,Continued,01/14/2020,31B-5-B,Causing or permitting a noise disturbance
3Z39893101,Department of Environmental Protection/Solid Waste,Open,01/20/2020,01/02/2020,01/20/2020,100.00,,,48-03-c-3,failure to recycle the required materials (mixed paper in trash container; no recycling containers or recycling service)
3Z42207357,Animal Control and Humane Treatment,Open,01/28/2020,01/23/2020,01/28/2020,500.00,,,5-301-b,violation of an order issued by the Gaithersburg City Animal Control to keep the animal muzzled
0Z36225560,Department of Housing and Community Affairs,Open,11/15/2019,11/05/2019,11/15/2019,500.00,Stet Docket,02/18/2020,26-9(a)(4),Failure to maintain supplied facility in satisfactory working condition.
5Z36225173,Department of Housing and Community Affairs,Open,11/15/2019,11/04/2019,11/15/2019,500.00,,03/24/2020,26-9(c)(1),"Failure to maintain plumbing fixture in good sanitary working condition free from defects, leaks, and other obstructions."
6Z36225258,Department of Housing and Community Affairs,Open,11/15/2019,11/05/2019,11/15/2019,500.00,Stet Docket,02/18/2020,26-9(a)(4),Failure to maintain supplied facility in satisfactory working condition.
0Z36225399,Department of Housing and Community Affairs,Open,11/15/2019,11/05/2019,11/15/2019,500.00,Stet Docket,02/18/2020,26-9(a)(4),Failure to maintain supplied facility in satisfactory working condition.
2Z36225128,Department of Housing and Community Affairs,Open,11/11/2019,10/30/2019,11/11/2019,500.00,,03/24/2020,26-8(a)(1),Failure to provide safe and unobstructed means of escape leading to safe and open space ground level.
4Z41768017,Animal Control and Humane Treatment,Open,03/06/2020,03/04/2020,03/06/2020,500.00,,,5-203-C,Prevent the animal from having unwanted contact with a person or another domesticated animal at all times.
2Z36222230,Department of Housing and Community Affairs,Open,12/24/2018,12/17/2018,12/24/2018,500.00,,,26-9(a)(1),Failure to maintain item/structure in good repair.
4Z36225396,Department of Housing and Community Affairs,Open,11/15/2019,11/05/2019,11/15/2019,500.00,Stet Docket,02/18/2020,26-9(a)(4),Failure to maintain supplied facility in satisfactory working condition.
6Z33958763,Washington Metro. and Transit Auth. Police,Open,03/27/2020,03/13/2020,03/27/2020,50.00,,,54-A-2-9,Cease entering or leaving a fare-paid area of a rail transport station without paying the fare or presenting a valid transfer
6Z36225419,Department of Housing and Community Affairs,Open,11/15/2019,11/05/2019,11/15/2019,500.00,Stet Docket,02/18/2020,26-9(a)(4),Failure to maintain supplied facility in satisfactory working condition.
4Z39912002,Department of Environmental Protection/Solid Waste,Open,12/17/2019,12/11/2019,12/17/2019,500.00,,03/10/2020,48-20-a,Obtain a collector's/haulers valid tag for the vehicle before transporting or collecting solid waste within Montgomery County
2Z36220718,Department of Housing and Community Affairs,Open,06/22/2018,06/13/2018,06/22/2018,500.00,Abatement Order entered,08/28/2018,26-9(b)(5),"Failure to maintain grounds: free of erosion or gullying; grass or weeds over 12 inches high; and/or shrubbery, trees, vines, hedges, and other vegetation, including dead trees and branches."
6Z36224467,Department of Housing and Community Affairs,Open,08/23/2019,08/15/2019,08/23/2019,500.00,Guilty,12/17/2019,26-9(b)(3),"Failure to maintain exterior surfaces free of flaking, peeling or loose paint and free of water seepage and against decay."
5Z36226503,Department of Housing and Community Affairs,Open,12/30/2019,12/18/2019,12/30/2019,500.00,,,26-9(a)(1),Failure to maintain item/structure in good repair.
1Z42126358,Animal Control and Humane Treatment,Open,01/15/2018,12/22/2017,01/15/2018,500.00,Stet Docket,04/10/2018,5-203-b-1,Preven the animal(s) from causing loud noises that are persistent enough to disturb another person's quiet enjoyment
2Z41707696,Department of Permitting Services,Open,12/05/2019,11/04/2019,12/05/2019,500.00,,,59-3-1-6,Allowing the use of a residentially zoned lot as a staging and commerical storage lot
3Z39891813,Department of Permitting Services,Open,04/19/2019,04/08/2019,04/19/2019,500.00,Abatement Order entered,07/30/2019,8-24-a,Comply with the NOV requiring permits and inspections for large additions to the home
4Z36216296,Department of Housing and Community Affairs,Open,03/25/2016,03/18/2016,03/25/2016,500.00,Defendant found in contempt,03/24/2020,26-9(a)(2),"Failure to maintain door, window, and/or hatchway in sound working condition."
6Z36225342,Department of Housing and Community Affairs,Open,11/15/2019,11/05/2019,11/15/2019,500.00,Stet Docket,02/18/2020,26-9(a)(4),Failure to maintain supplied facility in satisfactory working condition.
3Z36223001,Department of Housing and Community Affairs,Open,03/29/2019,03/20/2019,03/29/2019,500.00,,,26-9(a)(1),Failure to maintain item/structure in good repair.
0Z36224195,Department of Housing and Community Affairs,Open,07/19/2019,07/09/2019,07/19/2019,500.00,Guilty,10/29/2019,26-9(b)(3),"Failure to maintain exterior surfaces free of flaking, peeling or loose paint and free of water seepage and against decay."
1Z36225393,Department of Housing and Community Affairs,Open,11/15/2019,11/05/2019,11/15/2019,500.00,Stet Docket,02/18/2020,26-9(a)(4),Failure to maintain supplied facility in satisfactory working condition.
1Z36225337,Department of Housing and Community Affairs,Open,11/15/2019,11/05/2019,11/15/2019,500.00,Stet Docket,02/18/2020,26-9(a)(4),Failure to maintain supplied facility in satisfactory working condition.
5Z42316853,False Alarm,Open,07/29/2019,06/24/2019,07/29/2019,500.00,,10/15/2019,3a-4C(2),requesting police dispatch to a burglar alarm activation without providing the required alarm user registration number.
4Z40952853,Department of Permitting Services,Open,04/25/2017,04/11/2017,04/25/2017,1000.00,Abatement Order entered,07/18/2017,19-7,Comply with the conditions of the sediment control permit and the Notices of Violation
4Z36225214,Department of Housing and Community Affairs,Open,11/15/2019,11/05/2019,11/15/2019,500.00,Stet Docket,02/18/2020,26-9(a)(4),Failure to maintain supplied facility in satisfactory working condition.
6Z36225202,Department of Housing and Community Affairs,Open,11/15/2019,11/05/2019,11/15/2019,500.00,Stet Docket,02/18/2020,26-9(a)(4),Failure to maintain supplied facility in satisfactory working condition.
6Z40851278,Washington Metro. and Transit Auth. Police,Open,12/31/2019,12/09/2019,12/31/2019,50.00,,,54-A-2-9,Cease entering or leaving a fare-paid area of a rail transport station without paying the fare or presenting a valid transfer
4Z33911497,Animal Control and Humane Treatment,Open,02/04/2020,01/29/2020,02/04/2020,150.00,,,5-203-a-3,Prevent an animal from entering a private property without the property owners's permission
4Z36222484,Department of Housing and Community Affairs,Open,02/06/2019,01/18/2019,02/06/2019,500.00,Guilty,04/23/2019,26-9(c)(1),"Failure to maintain plumbing fixture in good sanitary working condition free from defects, leaks, and other obstructions."
5Z36221736,Department of Housing and Community Affairs,Open,10/23/2018,10/11/2018,10/23/2018,500.00,,,29-16(a),Operating a rental facility without first obtaining a rental facility license.
1Z36222509,Department of Housing and Community Affairs,Open,02/06/2019,01/24/2019,02/06/2019,500.00,Abatement Order entered,05/28/2019,26-9(a)(4),Failure to maintain supplied facility in satisfactory working condition.
3Z36226634,Department of Housing and Community Affairs,Open,03/03/2020,01/14/2020,03/03/2020,500.00,,,26-9(a)(1),Failure to maintain item/structure in good repair.
3Z36220817,Department of Housing and Community Affairs,Open,06/29/2018,06/25/2018,06/29/2018,500.00,Abatement Order entered,10/29/2019,26-9(a)(1),Failure to maintain item/structure in good repair.
6Z36227071,Department of Housing and Community Affairs,Open,03/23/2020,03/10/2020,03/23/2020,500.00,,,26-9(a)(4),Failure to maintain supplied facility in satisfactory working condition.
6Z36217803,Department of Housing and Community Affairs,Open,03/13/2017,03/08/2017,03/13/2017,500.00,Abatement Order entered,07/25/2017,26-8(a)(1),Failure to provide safe and unobstructed means of escape leading to safe and open space ground level.
2Z36226682,Department of Housing and Community Affairs,Open,01/31/2020,01/27/2020,01/31/2020,500.00,,,26-9(a)(2),"Failure to maintain door, window, and/or hatchway in sound working condition."
4Z36225333,Department of Housing and Community Affairs,Open,11/15/2019,11/05/2019,11/15/2019,500.00,Stet Docket,02/18/2020,26-9(a)(4),Failure to maintain supplied facility in satisfactory working condition.
6Z36226903,Department of Housing and Community Affairs,Open,01/21/2020,02/14/2020,01/21/2020,500.00,,,26-9(a)(1),Failure to maintain item/structure in good repair.
1Z36222334,Department of Housing and Community Affairs,Open,01/11/2019,12/31/2018,01/11/2019,500.00,,,26-9(c)(1),"Failure to maintain plumbing fixture in good sanitary working condition free from defects, leaks, and other obstructions."
3Z42317166,False Alarm,Open,01/24/2020,12/19/2019,01/24/2020,500.00,,,3a-4C(2),requesting police dispatch to a burglar alarm activation without providing the required alarm user registration number.
5Z36225453,Department of Housing and Community Affairs,Open,11/15/2019,11/05/2019,11/15/2019,500.00,Stet Docket,02/18/2020,26-9(a)(4),Failure to maintain supplied facility in satisfactory working condition.
1Z36226667,Department of Housing and Community Affairs,Open,01/31/2020,01/22/2020,01/31/2020,500.00,,,26-9(a)(9),"Failure to exterminate insects, rodents, or other vermin."
6Z42123304,Animal Control and Humane Treatment,Open,01/25/2020,01/13/2020,01/25/2020,100.00,,,5-203-A-1,Prevent the animal other than an altered cat to be at large
6Z36225566,Department of Housing and Community Affairs,Open,11/15/2019,11/05/2019,11/15/2019,500.00,Stet Docket,02/18/2020,26-9(a)(4),Failure to maintain supplied facility in satisfactory working condition.
3Z39896440,Animal Control and Humane Treatment,Open,01/31/2018,11/02/2017,01/31/2018,500.00,Guilty,05/08/2018,5-402-C,"An owner must vaccinate a cat, dog, or ferret older than 4 months of age against rabies and provide proof of the most recent vaccination to an animal control officer within 24 hours."
3Z36224485,Department of Housing and Community Affairs,Open,08/27/2019,08/21/2019,08/27/2019,500.00,Abatement Order entered,01/28/2020,26-9(b)(3),"Failure to maintain exterior surfaces free of flaking, peeling or loose paint and free of water seepage and against decay."
1Z42126365,Animal Control and Humane Treatment,Open,01/15/2018,12/22/2017,01/15/2018,500.00,Stet Docket,04/10/2018,5-203-b-1,Preven the animal(s) from causing loud noises that are persistent enough to disturb another person's quiet enjoyment
6Z40990375,Animal Control and Humane Treatment,Open,02/28/2019,02/13/2019,02/28/2019,500.00,,05/14/2019,5-203-C,Prevent the animal from having unwanted contact with a person or another domesticated animal at all times.
6Z40854162,Washington Metro. and Transit Auth. Police,Open,02/10/2020,01/24/2020,02/10/2020,50.00,,,54-A-2-9,Cease entering or leaving a fare-paid area of a rail transport station without paying the fare or presenting a valid transfer
1Z41708031,Department of Permitting Services,Open,09/15/2018,08/21/2018,09/15/2018,500.00,Dismiss with prejudice,01/15/2019,59-3-1-6,Allowing the use of a residentially zoned lot as a staging and commerical storage lot
5Z33911498,Animal Control and Humane Treatment,Open,02/04/2020,01/29/2020,02/04/2020,100.00,,,5-203-a-9,Obtain and provide proof that an animal is licensed in Montgomery County
4Z36222477,Department of Housing and Community Affairs,Open,02/06/2019,01/18/2019,02/06/2019,500.00,Guilty,04/23/2019,26-9(c)(1),"Failure to maintain plumbing fixture in good sanitary working condition free from defects, leaks, and other obstructions."
2Z42317221,False Alarm,Open,03/03/2020,01/28/2020,03/03/2020,500.00,,,3a-4C(2),requesting police dispatch to a burglar alarm activation without providing the required alarm user registration number.
4Z36226362,Department of Housing and Community Affairs,Open,12/19/2019,12/06/2019,12/19/2019,500.00,,03/31/2020,26-9(c)(1),"Failure to maintain plumbing fixture in good sanitary working condition free from defects, leaks, and other obstructions."
1Z36224658,Department of Housing and Community Affairs,Open,09/20/2019,09/17/2019,09/20/2019,500.00,,,26-9(b)(2),"Failure to maintain item in reasonable weather-tight, water-tight, and rodent proof manner."
5Z36225411,Department of Housing and Community Affairs,Open,11/15/2019,11/05/2019,11/15/2019,500.00,Stet Docket,02/18/2020,26-9(a)(4),Failure to maintain supplied facility in satisfactory working condition.
6z39895519,Animal Control and Humane Treatment,Open,11/18/2016,11/11/2016,11/18/2016,500.00,Abatement Order entered,07/18/2017,5-203-C,Prevent the animal from having unwanted contact with a person or another domesticated animal at all times.
5Z39889414,Department of Environmental Protection,Open,11/06/2019,10/29/2019,11/06/2019,500.00,Paid and Satisfied,01/21/2020,31B-5-B,Causing or permitting a noise disturbance
5Z42211622,Animal Control and Humane Treatment,Open,06/30/2019,06/17/2019,06/30/2019,500.00,,10/08/2019,5-402-C,"An owner must vaccinate a cat, dog, or ferret older than 4 months of age against rabies and provide proof of the most recent vaccination to an animal control officer within 24 hours."
4Z36223436,Department of Housing and Community Affairs,Open,05/22/2019,05/09/2019,05/22/2019,500.00,Guilty,08/27/2019,26-9(b)(5),"Failure to maintain grounds: free of erosion or gullying; grass or weeds over 12 inches high; and/or shrubbery, trees, vines, hedges, and other vegetation, including dead trees and branches."
1Z39893015,Department of Environmental Protection/Solid Waste,Open,05/11/2018,05/01/2018,05/11/2018,500.00,Default Judgment,07/17/2018,48-24-c,Provide trash lids for all of the trash containers or dumpsters on the property
1Z36225323,Department of Housing and Community Affairs,Open,11/15/2019,11/05/2019,11/15/2019,500.00,Stet Docket,02/18/2020,26-9(a)(4),Failure to maintain supplied facility in satisfactory working condition.
5Z36218544,Department of Housing and Community Affairs,Open,07/21/2017,07/12/2017,07/21/2017,500.00,,,26-9(c)(5),Failure to maintain floor covering in good repair and sanitary condition.
6Z36219588,Department of Housing and Community Affairs,Open,12/29/2017,12/19/2017,04/11/2018,500.00,Abatement Order entered,04/24/2018,26-9(b)(4),"Failure to maintain apron, driveway, sidewalk, walkway, parking lot, and/or patio in good serviceable and safe condition."
6Z36222325,Department of Housing and Community Affairs,Open,01/11/2019,12/31/2018,01/11/2019,500.00,,,26-9(a)(1),Failure to maintain item/structure in good repair.
5Z42211622,Animal Control and Humane Treatment,Open,06/30/2019,06/17/2019,06/30/2019,500.00,,10/08/2019,5-402-C,Possessing unvaccinated dog
2Z36225289,Department of Housing and Community Affairs,Open,11/15/2019,11/05/2019,11/15/2019,500.00,Stet Docket,02/18/2020,26-9(a)(4),Failure to maintain supplied facility in satisfactory working condition.
3Z39889853,Department of Environmental Protection,Open,05/09/2017,04/20/2017,05/09/2017,750.00,Abatement Order entered,07/18/2017,31-B-6-b & c,"PREVENT A LOUD CONSTRUCTION ACTIVITY WHICH CREATES A NOISE DISTURBANCE THAT WAS UNPLEASANT, ANNOYING, OFFENSIVE, LOUD OR OBNOXIOUS AND WAS UNUSUAL FOR THE TIME OF THE DAY THAT IT WAS PRODUCED"
5z42123303,Animal Control and Humane Treatment,Open,01/15/2020,01/13/2020,01/15/2020,100.00,,,5-203-A-1,Prevent the animal other than an altered cat to be at large
4Z36223359,Department of Housing and Community Affairs,Open,05/07/2019,05/02/2019,05/07/2019,500.00,Guilty,08/27/2019,26-9(c)(5),Failure to maintain floor covering in good repair and sanitary condition.
6Z36221737,Department of Housing and Community Affairs,Open,10/23/2018,10/11/2018,10/23/2018,500.00,,,26-9(a)(4),Failure to maintain supplied facility in satisfactory working condition.
5Z36223654,Department of Housing and Community Affairs,Open,06/03/2019,05/24/2019,06/03/2019,500.00,Guilty,08/27/2019,26-13(c)(3),Occupying or allowing the occupancy of a condemned dwelling/structure.
4Z39893095,Department of Environmental Protection/Solid Waste,Open,12/31/2019,11/13/2019,12/31/2019,100.00,,03/10/2020,48-03-c-3,failure to recycle the required materials (mixed paper in trash container; no recycling containers or recycling service)
6Z39889471,Department of Environmental Protection,Open,08/19/2019,08/05/2019,08/19/2019,500.00,Default Judgment,11/19/2019,48-21-B,Cease the collection of solid waste within Montgomery County before the hours of 7:00 am and less than 500 feet of a residential or occupied structure
5Z36226517,Department of Housing and Community Affairs,Open,12/30/2019,12/18/2019,12/30/2019,500.00,,,26-9(a)(7),Failure to ensure utility services stay connected.
6Z36226770,Department of Housing and Community Affairs,Open,02/07/2020,02/03/2020,02/07/2020,500.00,,,26-9(a)(1),Failure to maintain item/structure in good repair.
2Z36222244,Department of Housing and Community Affairs,Open,01/11/2019,12/18/2018,01/11/2019,500.00,Guilty,,26-9(a)(1),Failure to maintain item/structure in good repair.
3Z36223134,Department of Housing and Community Affairs,Open,04/19/2019,04/03/2019,04/19/2019,500.00,Abatement Order entered,07/30/2019,26-9(a)(13),"Failure to remove, repair, and/or register unused vehicle"
3Z39889566,Department of Environmental Protection,Open,01/31/2020,01/02/2020,01/31/2020,500.00,,,31-B-5-b,Cease creating a noise disturbance by allowing amplified music to be played for several hours
3Z36226592,Department of Housing and Community Affairs,Open,01/16/2020,01/07/2020,01/16/2020,500.00,,,26-9(c)(5),Failure to maintain floor covering in good repair and sanitary condition.
0Z42126371,Animal Control and Humane Treatment,Open,01/15/2018,12/22/2017,01/15/2018,500.00,Stet Docket,04/10/2018,5-203-b-1,Preven the animal(s) from causing loud noises that are persistent enough to disturb another person's quiet enjoyment
1Z36222327,Department of Housing and Community Affairs,Open,01/11/2019,12/31/2018,01/11/2019,500.00,,,26-9(b)(4),"Failure to maintain apron, driveway, sidewalk, walkway, parking lot, and/or patio in good serviceable and safe condition."
5Z36226979,Department of Housing and Community Affairs,Open,03/03/2020,02/26/2020,03/03/2020,500.00,,,26-6(a),Failure to maintain electrical service in good safe working condition.
4Z36222575,Department of Housing and Community Affairs,Open,02/15/2019,02/07/2019,02/15/2019,500.00,Abatement Order entered,05/28/2019,26-9(a)(12),Failure to eliminate public nuisance.
3Z36224905,Department of Housing and Community Affairs,Open,10/23/2019,10/08/2019,10/23/2019,500.00,Continued,02/25/2020,26-9(a)(8),"Accumulating garbage or rubbish outside of approved storage container, garage or building."
5Z36221841,Department of Housing and Community Affairs,Open,11/02/2018,10/24/2018,11/02/2018,500.00,Abatement Order entered,02/26/2019,26-9(c)(5),Failure to maintain floor covering in good repair and sanitary condition.
3Z39896265,Animal Control and Humane Treatment,Open,02/01/2018,11/22/2017,02/01/2018,100.00,Abatement Order entered,04/10/2018,5-203-A-1,Prevent the animal other than an altered cat to be at large
1Z36225456,Department of Housing and Community Affairs,Open,11/15/2019,11/05/2019,11/15/2019,500.00,Stet Docket,02/18/2020,26-9(a)(4),Failure to maintain supplied facility in satisfactory working condition.
1Z36224861,Department of Housing and Community Affairs,Open,10/11/2019,10/02/2019,10/11/2019,500.00,Dismiss without prejudice,02/25/2020,26-9(a)(8),"Accumulating garbage or rubbish outside of approved storage container, garage or building."
4Z36224416,Department of Housing and Community Affairs,Open,08/14/2019,08/07/2019,08/14/2019,500.00,Guilty,12/17/2019,26-9(a)(1),Failure to maintain item/structure in good repair.
0Z39893371,Department of Environmental Protection/Solid Waste,Open,02/10/2020,02/04/2020,02/10/2020,150.00,,,48-03(b)6,Failure to provide containers for recyclables in adequate sizes and quantities
6Z36221009,Department of Housing and Community Affairs,Open,08/02/2018,07/18/2018,08/02/2018,500.00,Abatement Order entered,10/23/2018,26-9(b)(1),"Failure to maintain item in reasonable weather-tight, water-tight, and rodent proof condition, free from foreign matter and capable of affording privacy."
3Z36225395,Department of Housing and Community Affairs,Open,11/15/2019,11/05/2019,11/15/2019,500.00,Stet Docket,02/18/2020,26-9(a)(4),Failure to maintain supplied facility in satisfactory working condition.
6Z36226973,Department of Housing and Community Affairs,Open,03/03/2020,02/26/2020,03/03/2020,500.00,,,26-9(a)(2),"Failure to maintain door, window, and/or hatchway in sound working condition."
6Z36224082,Department of Housing and Community Affairs,Open,07/11/2019,06/27/2019,07/11/2019,30.00,,10/22/2019,26-9(a)(9),"Failure to exterminate insects, rodents, or other vermin."
2Z36226318,Department of Housing and Community Affairs,Open,12/19/2019,12/06/2019,12/19/2019,500.00,,03/31/2020,26-9(a)(1),Failure to maintain item/structure in good repair.
6Z41768019,Animal Control and Humane Treatment,Open,03/26/2020,03/05/2020,03/26/2020,150.00,,,5-203-A-1,Prevent the animal other than an altered cat to be at large
6Z36224670,Department of Housing and Community Affairs,Open,09/30/2019,09/17/2019,09/30/2019,500.00,Continued,01/28/2020,26-9(a)(13),"Failure to remove, repair, and/or register unused vehicle"
0Z40952492,Department of Permitting Services,Open,07/17/2019,07/11/2019,07/17/2019,1000.00,Abatement Order entered,11/19/2019,19-7,Comply with the conditions of the sediment control permit and the Notices of Violation
6Z41767900,Animal Control and Humane Treatment,Open,01/28/2020,01/25/2020,01/28/2020,500.00,,,5-402-C,Possessing unvaccinated dog
1Z42211618,Animal Control and Humane Treatment,Open,06/30/2019,06/04/2019,06/30/2019,520.00,Dismiss without prejudice,09/10/2019,5-402-C,Possessing unvaccinated dog
0Z36222690,Department of Housing and Community Affairs,Open,03/08/2019,02/26/2019,03/08/2019,500.00,,,26-9(a)(1),Failure to maintain item/structure in good repair.
6Z42126356,Animal Control and Humane Treatment,Open,01/15/2018,12/22/2017,01/15/2018,500.00,Stet Docket,04/10/2018,5-203-b-1,Preven the animal(s) from causing loud noises that are persistent enough to disturb another person's quiet enjoyment
5Z35186401,Department of Environmental Protection,Open,12/31/2019,12/17/2019,12/31/2019,500.00,Paid and Satisfied,,31B-5-B,Causing or permitting a noise disturbance
5Z35089682,Washington Metro. and Transit Auth. Police,Open,12/20/2019,11/08/2019,12/20/2019,50.00,,02/11/2020,54-A-2-9,Cease entering or leaving a fare-paid area of a rail transport station without paying the fare or presenting a valid transfer
5Z41706901,Department of Permitting Services,Open,01/15/2018,11/22/2017,01/15/2018,1000.00,Default Judgment,04/17/2018,19-7,Comply with the conditions of the sediment control permit and the Notices of Violation
2Z36223483,Department of Housing and Community Affairs,Open,05/22/2019,05/14/2019,05/22/2019,500.00,Dismiss without prejudice,08/27/2019,26-9(a)(8),"Accumulating garbage or rubbish outside of approved storage container, garage or building."
1Z36222481,Department of Housing and Community Affairs,Open,02/06/2019,01/18/2019,02/06/2019,500.00,Guilty,04/23/2019,26-9(a)(1),Failure to maintain item/structure in good repair.
1Z36225239,Department of Housing and Community Affairs,Open,11/15/2019,11/05/2019,11/15/2019,500.00,Stet Docket,02/18/2020,26-9(a)(4),Failure to maintain supplied facility in satisfactory working condition.
0Z42211673,Animal Control and Humane Treatment,Open,08/19/2019,08/07/2019,08/19/2019,500.00,Show Cause Order Withdrawn,02/25/2020,5-301-b,violation of an order issued by the Gaithersburg City Animal Control to keep the animal muzzled
5Z36222464,Department of Housing and Community Affairs,Open,02/06/2019,01/18/2019,02/06/2019,500.00,Guilty,04/23/2019,26-9(c)(3),"Failure to maintain wall, ceiling, floor, interior woodwork, door, and/or windows in sound condition and good repair free of flaking, peeling, or loose paint."
4Z36227020,Department of Housing and Community Affairs,Open,03/24/2020,03/03/2020,03/24/2020,500.00,,,26-9(a)(13),"Failure to remove, repair, and/or register unused vehicle"
2Z41706821,Department of Permitting Services,Open,01/30/2019,12/27/2018,01/30/2019,500.00,Abatement Order entered,04/16/2019,59-6-7-4(F),Posting signs in public right-of-way
4Z36222421,Department of Housing and Community Affairs,Open,01/18/2019,01/10/2019,01/18/2019,500.00,Abatement Order entered,05/28/2019,29-16(a),Operating a rental facility without first obtaining a rental facility license.
2Z42126359,Animal Control and Humane Treatment,Open,01/15/2018,12/22/2017,01/15/2018,500.00,Stet Docket,04/10/2018,5-203-b-1,Preven the animal(s) from causing loud noises that are persistent enough to disturb another person's quiet enjoyment
3Z36223358,Department of Housing and Community Affairs,Open,05/07/2019,05/02/2019,05/07/2019,500.00,Guilty,08/27/2019,26-9(a)(1),Failure to maintain item/structure in good repair.
0Z36226512,Department of Housing and Community Affairs,Open,12/30/2019,12/18/2019,12/30/2019,500.00,,,26-9(a)(1),Failure to maintain item/structure in good repair.
6Z40851992,Washington Metro. and Transit Auth. Police,Open,02/18/2020,02/13/2020,02/18/2020,50.00,,,54-A-2-9,Cease entering or leaving a fare-paid area of a rail transport station without paying the fare or presenting a valid transfer
3Z39892009,Department of Permitting Services,Open,02/15/2019,02/12/2019,02/15/2019,500.00,Default Judgment,04/16/2019,17-29-A,Comply with the state and local code requirements electrical wiring associated with renovations and addition performed without a permit
0Z36226519,Department of Housing and Community Affairs,Open,12/30/2019,12/19/2019,12/30/2019,500.00,,,29-16(a),Operating a rental facility without first obtaining a rental facility license.
6Z42316847,False Alarm,Open,07/29/2019,06/24/2019,07/29/2019,500.00,,10/15/2019,3a-4C(2),requesting police dispatch to a burglar alarm activation without providing the required alarm user registration number.
2Z36221404,Department of Housing and Community Affairs,Open,09/14/2018,09/10/2018,09/14/2018,500.00,Show Cause Order Withdrawn,02/25/2020,26-9(b)(5),"Failure to maintain grounds: free of erosion or gullying; grass or weeds over 12 inches high; and/or shrubbery, trees, vines, hedges, and other vegetation, including dead trees and branches."
4Z39889553,Department of Environmental Protection,Open,06/30/2019,06/05/2019,06/30/2019,750.00,Continued,01/14/2020,31B-5-B,Causing or permitting a noise disturbance
0Z36221822,Department of Housing and Community Affairs,Open,10/26/2018,10/18/2018,10/26/2018,500.00,Abatement Order entered,02/26/2019,26-9(a)(8),"Accumulating garbage or rubbish outside of approved storage container, garage or building."
5Z42299976,Health and Human Services,Open,11/25/2019,11/07/2019,11/25/2019,500.00,,,15-8-A,Cease the operation of a food service facility or an iterienant food service facility without a valid license from the Health & Human Services director
5Z36226916,Department of Housing and Community Affairs,Open,01/21/2020,02/18/2020,01/21/2020,500.00,,,26-9(a)(13),"Failure to remove, repair, and/or register unused vehicle"
5Z36226524,Department of Housing and Community Affairs,Open,12/30/2019,12/20/2019,12/30/2019,500.00,,,26-9(a)(8),"Accumulating garbage or rubbish outside of approved storage container, garage or building."
4z36222505,Department of Housing and Community Affairs,Open,04/30/2019,01/24/2019,04/30/2019,500.00,Abatement Order entered,07/23/2019,26-9(c)(1),"Failure to maintain plumbing fixture in good sanitary working condition free from defects, leaks, and other obstructions."
1Z41707989,Department of Permitting Services,Open,10/23/2018,10/08/2018,10/23/2018,500.00,,,8-4,Comply with the state and local code requirements for the plumbing work associated with renovations and additions done to the premises without the required permits.
4Z36224479,Department of Housing and Community Affairs,Open,08/23/2019,08/20/2019,08/23/2019,500.00,Guilty,12/17/2019,26-9(b)(4),"Failure to maintain apron, driveway, sidewalk, walkway, parking lot, and/or patio in good serviceable and safe condition."
2Z36221845,Department of Housing and Community Affairs,Open,11/02/2018,10/24/2018,11/02/2018,500.00,Abatement Order entered,02/26/2019,26-6(a),Failure to maintain electrical service in good safe working condition.
0Z41110993,Office of Consumer Protection,Open,07/15/2019,07/03/2019,07/15/2019,500.00,,01/14/2020,11-4-y,taking payment for automotive body repairs without performing the repairs
6Z39886643,Animal Control and Humane Treatment,Open,10/15/2018,08/28/2018,10/15/2018,500.00,Abatement Order entered,12/11/2018,5-201-b,Provide shade and shelterfor an animal on a 90 degrees day.
4Z36221399,Department of Housing and Community Affairs,Open,09/14/2018,09/10/2018,09/14/2018,500.00,Show Cause Order Withdrawn,02/25/2020,26-14(a),"Failure to demolish, remove or repair a condemned structure"
0Z36226078,Department of Housing and Community Affairs,Open,12/19/2019,12/02/2019,12/19/2019,500.00,,,26-9(a)(8),"Accumulating garbage or rubbish outside of approved storage container, garage or building."
5Z36223542,Department of Housing and Community Affairs,Open,06/03/2019,05/16/2019,06/03/2019,500.00,,08/27/2019,26-9(a)(1),Failure to maintain item/structure in good repair.
5Z40953498,Department of Permitting Services,Open,12/31/2017,12/08/2017,12/31/2017,500.00,Abatement Order entered,04/17/2018,59-6-2-5-L1,Parking vehicle on non-surfaced area of front yard
3Z36224184,Department of Housing and Community Affairs,Open,07/19/2019,07/05/2019,07/19/2019,500.00,Abatement Order entered,01/21/2020,26-9(a)(2),"Failure to maintain door, window, and/or hatchway in sound working condition."
2Z36225100,Department of Housing and Community Affairs,Open,11/11/2019,10/30/2019,11/11/2019,500.00,,03/24/2020,26-9(b)(3),"Failure to maintain exterior surfaces free of flaking, peeling or loose paint and free of water seepage and against decay."
4Z36220664,Department of Housing and Community Affairs,Open,06/01/2018,05/30/2018,06/01/2018,500.00,Abatement Order entered,07/31/2018,26-13(c)(3),Occupying or allowing the occupancy of a condemned dwelling/structure.
1Z36225491,Department of Housing and Community Affairs,Open,11/15/2019,11/05/2019,11/15/2019,500.00,Stet Docket,02/18/2020,26-9(a)(4),Failure to maintain supplied facility in satisfactory working condition.
5Z36225334,Department of Housing and Community Affairs,Open,11/15/2019,11/05/2019,11/15/2019,500.00,Stet Docket,02/18/2020,26-9(a)(4),Failure to maintain supplied facility in satisfactory working condition.
3Z39889881,Department of Environmental Protection,Open,02/27/2018,02/20/2018,02/27/2018,500.00,Abatement Order entered,07/17/2018,31B-6-B-2,Cease creating a noise disturbance across a propety line while engaged in a party
1Z36226702,Department of Housing and Community Affairs,Open,01/31/2020,01/27/2020,01/31/2020,500.00,,,26-9(a)(4),Failure to maintain supplied facility in satisfactory working condition.
0Z39902478,Police Department,Open,04/26/2016,03/27/2016,04/26/2016,500.00,Guilty,07/12/2016,31B-5-B,Causing or permitting a noise disturbance
5Z36219510,Department of Housing and Community Affairs,Open,12/15/2017,12/05/2017,12/15/2017,500.00,Continued,04/24/2018,26-9(a)(1),Failure to maintain item/structure in good repair.
4Z42125934,Animal Control and Humane Treatment,Open,08/26/2018,08/08/2018,08/26/2018,100.00,Default Judgment,10/09/2018,5-203-A-1,Prevent the animal other than an altered cat to be at large
4Z36224087,Department of Housing and Community Affairs,Open,07/11/2019,06/27/2019,07/11/2019,30.00,,10/22/2019,26-9(a)(9),"Failure to exterminate insects, rodents, or other vermin."
2Z39896285,Animal Control and Humane Treatment,Open,05/11/2018,05/05/2018,05/11/2018,500.00,Paid and Satisfied,07/10/2018,5-203-C,Prevent the animal from having unwanted contact with a person or another domesticated animal at all times.
2Z36221292,Department of Housing and Community Affairs,Open,08/31/2108,08/23/2018,08/31/2108,500.00,Guilty,02/26/2019,26-9(a)(4),Failure to maintain supplied facility in satisfactory working condition.
6Z39905662,Animal Control and Humane Treatment,Open,04/30/2019,04/29/2019,04/30/2019,100.00,Abatement Order entered,09/10/2019,5-203-A-1,Prevent the animal other than an altered cat to be at large
2Z42211563,Animal Control and Humane Treatment,Open,04/15/2019,03/29/2019,04/15/2019,100.00,Guilty,06/11/2019,5-203-a-2,Refrain from allowing an animal to defecate on another person's property
0Z36226736,Department of Housing and Community Affairs,Open,02/07/2020,02/03/2020,02/07/2020,500.00,,,26-9(c)(5),Failure to maintain floor covering in good repair and sanitary condition.
0Z41767887,Animal Control and Humane Treatment,Open,12/29/2019,12/29/2019,12/29/2019,500.00,,03/31/2020,5-301-b,violation of an order issued by the Gaithersburg City Animal Control to keep the animal muzzled
1Z36225064,Department of Housing and Community Affairs,Open,11/01/2019,10/29/2019,11/01/2019,500.00,,03/24/2020,26-9(b)(5),"Failure to maintain grounds: free of erosion or gullying; grass or weeds over 12 inches high; and/or shrubbery, trees, vines, hedges, and other vegetation, including dead trees and branches."
4Z36224199,Department of Housing and Community Affairs,Open,07/19/2019,07/09/2019,07/19/2019,500.00,,10/29/2019,26-9(b)(1),"Failure to maintain item in reasonable weather-tight, water-tight, and rodent proof condition, free from foreign matter and capable of affording privacy."
6Z36220477,Department of Housing and Community Affairs,Open,05/25/2018,05/17/2018,05/25/2018,500.00,Abatement Order entered,07/24/2018,26-9(a)(8),"Accumulating garbage or rubbish outside of approved storage container, garage or building."
2Z42126366,Animal Control and Humane Treatment,Open,01/15/2018,12/22/2017,01/15/2018,500.00,Stet Docket,04/10/2018,5-203-b-1,Preven the animal(s) from causing loud noises that are persistent enough to disturb another person's quiet enjoyment
3Z36226991,Department of Housing and Community Affairs,Open,03/23/2020,03/02/2020,03/23/2020,500.00,,,26-13(d),Defacing or removing condemnation placard from dwelling/structure.
1Z36226541,Department of Housing and Community Affairs,Open,01/03/2020,12/26/2019,01/03/2020,500.00,,,26-9(a)(13),"Failure to remove, repair, and/or register unused vehicle"
1Z41707121,Department of Permitting Services,Open,01/03/2020,12/26/2019,01/03/2020,500.00,,,8-24-a,Comply with the NOV requiring permits and inspections for large additions to the home
3Z36225010,Department of Housing and Community Affairs,Open,10/25/2019,10/21/2019,10/25/2019,500.00,,02/25/2020,26-9(b)(5),"Failure to maintain grounds: free of erosion or gullying; grass or weeds over 12 inches high; and/or shrubbery, trees, vines, hedges, and other vegetation, including dead trees and branches."
1Z36221851,Department of Housing and Community Affairs,Open,11/02/2018,10/24/2018,11/02/2018,500.00,Abatement Order entered,02/26/2019,26-9(a)(2),"Failure to maintain door, window, and/or hatchway in sound working condition."
3Z36223855,Department of Housing and Community Affairs,Open,07/11/2019,06/11/2019,07/11/2019,500.00,,10/29/2019,26-9(b)(5),"Failure to maintain grounds: free of erosion or gullying; grass or weeds over 12 inches high; and/or shrubbery, trees, vines, hedges, and other vegetation, including dead trees and branches."
3Z36224555,Department of Housing and Community Affairs,Open,09/06/2019,09/03/2019,09/06/2019,500.00,Abatement Order entered,01/28/2020,26-9(a)(1),Failure to maintain item/structure in good repair.
2Z36226451,Department of Housing and Community Affairs,Open,12/19/2019,12/12/2019,12/19/2019,500.00,,,26-6(a),Failure to maintain electrical service in good safe working condition.
0Z34050016,Department of Housing and Community Affairs,Open,03/29/2019,02/22/2019,03/29/2019,500.00,,,10B-13-j,"Violation of a Decision & Order of the Commission on Common Ownership Communities of October 24, 2007, to submit Architectural Change Requests for new deck & security door and to comply with decision on the request"
6Z36226952,Department of Housing and Community Affairs,Open,03/03/2020,02/24/2020,03/03/2020,500.00,,,26-9(a)(2),"Failure to maintain door, window, and/or hatchway in sound working condition."
0Z40953479,Department of Permitting Services,Open,05/08/2017,03/02/2017,05/08/2017,500.00,Abatement Order entered,07/18/2017,59-6-2-5-L3(a),Parking more than three light commercial vehicles on the subject residentially zoned property
0Z36226778,Department of Housing and Community Affairs,Open,02/07/2020,02/03/2020,02/07/2020,500.00,,,26-8(a)(1),Failure to provide safe and unobstructed means of escape leading to safe and open space ground level.
1Z36225694,Department of Housing and Community Affairs,Open,12/05/2019,11/22/2019,12/05/2019,500.00,,03/31/2020,26-9(a)(1),Failure to maintain item/structure in good repair.
6Z36227057,Department of Housing and Community Affairs,Open,03/23/2020,03/06/2020,03/23/2020,500.00,,,26-9(a)(1),Failure to maintain item/structure in good repair.
1Z36226653,Department of Housing and Community Affairs,Open,01/31/2020,01/16/2020,01/31/2020,500.00,,,26-8(f),Failure to provide required address for the dwelling unit.
1Z36224329,Department of Housing and Community Affairs,Open,07/31/2019,07/23/2019,07/31/2019,500.00,Guilty,10/29/2019,26-9(a)(4),Failure to maintain supplied facility in satisfactory working condition.
2Z41768008,Animal Control and Humane Treatment,Open,11/06/2019,10/02/2019,11/06/2019,100.00,Abatement Order entered,02/11/2020,5-203-a-3,Prevent an animal from entering a private property without the property owners's permission
6Z35114225,Washington Metro. and Transit Auth. Police,Open,03/19/2020,02/28/2020,03/19/2020,50.00,,,54-A-2-9,Cease entering or leaving a fare-paid area of a rail transport station without paying the fare or presenting a valid transfer
6Z39889856,Department of Environmental Protection,Open,05/10/2017,05/02/2017,05/10/2017,1000.00,Abatement Order entered,10/17/2017,31B-5-B,Causing or permitting a noise disturbance
3Z36223715,Department of Housing and Community Affairs,Open,06/03/2019,05/28/2019,06/03/2019,500.00,Guilty,08/27/2019,26-9(a)(7),Failure to ensure utility services stay connected.
5Z36220812,Department of Housing and Community Affairs,Open,06/29/2018,06/25/2018,06/29/2018,500.00,Show Cause Order,10/29/2019,26-9(a)(2),"Failure to maintain door, window, and/or hatchway in sound working condition."
5Z36226419,Department of Housing and Community Affairs,Open,12/30/2019,12/11/2019,12/30/2019,500.00,,,26-9(a)(13),"Failure to remove, repair, and/or register unused vehicle"
1Z36225463,Department of Housing and Community Affairs,Open,11/15/2019,11/05/2019,11/15/2019,500.00,Stet Docket,02/18/2020,26-9(a)(4),Failure to maintain supplied facility in satisfactory working condition.
4Z42211726,Animal Control and Humane Treatment,Open,10/01/2019,09/12/2019,10/01/2019,100.00,Default Judgment,12/10/2019,5-203-a-9,Obtain and provide proof that an animal is licensed in Montgomery County
0Z36222683,Department of Housing and Community Affairs,Open,03/08/2019,02/26/2019,03/08/2019,500.00,,,26-9(a)(4),Failure to maintain supplied facility in satisfactory working condition.
4Z35114223,Washington Metro. and Transit Auth. Police,Open,03/03/2020,02/25/2020,03/03/2020,50.00,,,54-A-2-9,Cease entering or leaving a fare-paid area of a rail transport station without paying the fare or presenting a valid transfer
2Z36226052,Department of Housing and Community Affairs,Open,12/19/2019,11/26/2019,12/19/2019,500.00,,,26-9(a)(4),Failure to maintain supplied facility in satisfactory working condition.
3Z39896846,Animal Control and Humane Treatment,Open,06/30/2019,06/03/2019,06/30/2019,500.00,Abatement Order entered,09/10/2019,5-201-a-10,"Abuse/neglect of pet animal by unnecessarily failing to provide nutrious food in a sufficient quantity, necessary vet care, proper drink, air space and shelter"
6Z36220813,Department of Housing and Community Affairs,Open,06/29/2018,06/25/2018,06/29/2018,500.00,Continued,10/29/2019,26-9(a)(4),Failure to maintain supplied facility in satisfactory working condition.
6Z36225573,Department of Housing and Community Affairs,Open,11/15/2019,11/05/2019,11/15/2019,500.00,Stet Docket,02/18/2020,26-9(a)(4),Failure to maintain supplied facility in satisfactory working condition.
0Z42126084,Animal Control and Humane Treatment,Open,06/30/2019,06/18/2019,06/30/2019,500.00,Default Judgment,09/10/2019,5-201-b,Provide shade and shelterfor an animal on a 90 degrees day.
6Z39909554,Department of Environmental Protection/Solid Waste,Open,01/15/2020,12/21/2019,01/15/2020,500.00,,,48-19-A,Obtain a valid collectors license before collecting and transporting solid waste within the county.
5Z36221743,Department of Housing and Community Affairs,Open,10/23/2018,10/12/2018,10/23/2018,500.00,,,26-9(a)(13),"Failure to remove, repair, and/or register unused vehicle"
2Z36225590,Department of Housing and Community Affairs,Open,12/05/2019,11/07/2019,12/05/2019,500.00,,03/31/2020,26-9(a)(8),"Accumulating garbage or rubbish outside of approved storage container, garage or building."
0Z36224741,Department of Housing and Community Affairs,Open,09/30/2019,09/23/2019,09/30/2019,500.00,Continued,01/28/2020,26-9(a)(8),"Accumulating garbage or rubbish outside of approved storage container, garage or building."
2Z36224582,Department of Housing and Community Affairs,Open,09/30/2019,09/05/2019,09/30/2019,500.00,Abatement Order entered,01/28/2020,26-9(a)(2),"Failure to maintain door, window, and/or hatchway in sound working condition."
5Z42211566,Animal Control and Humane Treatment,Open,04/20/2019,03/29/2019,04/20/2019,100.00,Guilty,06/11/2019,5-203-a-9,Obtain and provide proof that an animal is licensed in Montgomery County
3Z36225437,Department of Housing and Community Affairs,Open,11/15/2019,11/05/2019,11/15/2019,500.00,Stet Docket,02/18/2020,26-9(a)(4),Failure to maintain supplied facility in satisfactory working condition.
2Z40990490,Animal Control and Humane Treatment,Open,02/16/2017,01/22/2017,02/16/2017,100.00,Abatement Order entered,08/08/2017,5-203-A-1,Prevent the animal other than an altered cat to be at large
5Z36225040,Department of Housing and Community Affairs,Open,11/01/2019,10/22/2019,11/01/2019,500.00,,03/24/2020,26-9(a)(1),Failure to maintain item/structure in good repair.
1Z40990188,Animal Control and Humane Treatment,Open,04/25/2017,03/21/2017,04/25/2017,100.00,Abatement Order entered,08/08/2017,5-203-A-1,Prevent the animal other than an altered cat to be at large
5Z36226993,Department of Housing and Community Affairs,Open,03/23/2020,03/03/2020,03/23/2020,500.00,,,26-9(a)(1),Failure to maintain item/structure in good repair.
6Z36227064,Department of Housing and Community Affairs,Open,03/23/2020,03/10/2020,03/23/2020,500.00,,,26-9(a)(1),Failure to maintain item/structure in good repair.
3Z40990190,Animal Control and Humane Treatment,Open,04/25/2017,03/21/2017,04/25/2017,500.00,Abatement Order entered,08/08/2017,5-203-C,Prevent the animal from having unwanted contact with a person or another domesticated animal at all times.
4Z36226635,Department of Housing and Community Affairs,Open,03/03/2020,01/14/2020,03/03/2020,500.00,,,26-9(a)(2),"Failure to maintain door, window, and/or hatchway in sound working condition."
0Z42211610,Animal Control and Humane Treatment,Open,05/25/2019,05/20/2019,05/25/2019,100.00,Default Judgment,08/13/2019,5-203-a-5,"Prevent an animal from causing unsanitary, dangerous, or offensive conditions because of the size or number of the animals in a single location"
0Z36221857,Department of Housing and Community Affairs,Open,11/02/2018,10/24/2018,11/02/2018,500.00,Abatement Order entered,02/26/2019,26-9(a)(4),Failure to maintain supplied facility in satisfactory working condition.
2Z36226311,Department of Housing and Community Affairs,Open,12/19/2019,12/06/2019,12/19/2019,500.00,,03/31/2020,26-9(a)(12),Failure to eliminate public nuisance.
5Z4061537,Washington Metro. and Transit Auth. Police,Open,08/28/2017,07/06/2017,08/28/2017,50.00,,,54-A-2-9,Cease entering or leaving a fare-paid area of a rail transport station without paying the fare or presenting a valid transfer
6Z36225251,Department of Housing and Community Affairs,Open,11/15/2019,11/05/2019,11/15/2019,500.00,Stet Docket,02/18/2020,26-9(a)(4),Failure to maintain supplied facility in satisfactory working condition.
1Z36225421,Department of Housing and Community Affairs,Open,11/15/2019,11/05/2019,11/15/2019,500.00,Stet Docket,02/18/2020,26-9(a)(4),Failure to maintain supplied facility in satisfactory working condition.
4Z36217556,Department of Housing and Community Affairs,Open,01/25/2017,12/30/2016,01/25/2017,500.00,Abatement Order entered,08/22/2017,26-9(b)(5),"Failure to maintain grounds: free of erosion or gullying; grass or weeds over 12 inches high; and/or shrubbery, trees, vines, hedges, and other vegetation, including dead trees and branches."
3Z36224331,Department of Housing and Community Affairs,Open,07/31/2019,07/23/2019,07/31/2019,500.00,Guilty,10/29/2019,26-9(a)(4),Failure to maintain supplied facility in satisfactory working condition.
4Z36218977,Department of Housing and Community Affairs,Open,09/01/2017,08/25/2017,09/01/2017,500.00,,,26-9(c)(1),"Failure to maintain plumbing fixture in good sanitary working condition free from defects, leaks, and other obstructions."
2Z40990287,Animal Control and Humane Treatment,Open,04/25/2017,03/29/2017,04/25/2017,100.00,Abatement Order entered,08/08/2017,5-203-A-1,Prevent the animal other than an altered cat to be at large
3Z36225220,Department of Housing and Community Affairs,Open,11/15/2019,11/05/2019,11/15/2019,500.00,Stet Docket,02/18/2020,26-9(a)(4),Failure to maintain supplied facility in satisfactory working condition.
1Z36226933,Department of Housing and Community Affairs,Open,03/03/2020,02/20/2020,03/03/2020,500.00,,,26-9(b)(5),"Failure to maintain grounds: free of erosion or gullying; grass or weeds over 12 inches high; and/or shrubbery, trees, vines, hedges, and other vegetation, including dead trees and branches."
0Z36222914,Department of Housing and Community Affairs,Open,03/18/2019,03/13/2019,03/18/2019,500.00,Abatement Order entered,06/18/2019,26-9(a)(1),Failure to maintain item/structure in good repair.
3Z40990491,Animal Control and Humane Treatment,Open,02/16/2017,01/22/2017,02/16/2017,100.00,Abatement Order entered,08/08/2017,5-203-a-3,Prevent an animal from entering a private property without the property owners's permission
0Z36224076,Department of Housing and Community Affairs,Open,07/01/2019,06/27/2019,07/01/2019,500.00,Abatement Order entered,01/21/2020,26-9-a-8,"remove the solid waste that has accumulated outside of the approved containers, garage or building"
5Z40990241,Animal Control and Humane Treatment,Open,04/19/2017,03/20/2017,04/19/2017,100.00,Abatement Order entered,08/08/2017,5-203-A-1,Prevent the animal other than an altered cat to be at large
3Z36218976,Department of Housing and Community Affairs,Open,09/01/2017,08/25/2017,09/01/2017,500.00,,,26-9(c)(1),"Failure to maintain plumbing fixture in good sanitary working condition free from defects, leaks, and other obstructions."
0Z36220723,Department of Housing and Community Affairs,Open,06/22/2018,06/14/2018,06/22/2018,500.00,Show Cause Order,03/10/2020,26-9(a)(1),Failure to maintain item/structure in good repair.
0Z36226302,Department of Housing and Community Affairs,Open,12/19/2019,12/06/2019,12/19/2019,500.00,,03/31/2020,26-9(c)(1),"Failure to maintain plumbing fixture in good sanitary working condition free from defects, leaks, and other obstructions."
6Z40855240,Washington Metro. and Transit Auth. Police,Open,12/02/2019,11/15/2019,12/02/2019,50.00,,02/11/2020,54-A-2-9,Cease entering or leaving a fare-paid area of a rail transport station without paying the fare or presenting a valid transfer
4Z3988982,Department of Environmental Protection,Open,05/15/2019,04/09/2019,05/15/2019,500.00,,,19-50-c,Prevent vehicle fluids from draining onto the dirt and gravel from the vehicle equipment storage lot and then flowing into the waters of the State.
2Z36218149,Department of Housing and Community Affairs,Open,05/31/2017,05/24/2017,05/31/2017,500.00,Abatement Order entered,08/22/2017,26-9(a)(8),"Accumulating garbage or rubbish outside of approved storage container, garage or building."
2Z36225464,Department of Housing and Community Affairs,Open,11/15/2019,11/05/2019,11/15/2019,500.00,Stet Docket,02/18/2020,26-9(a)(4),Failure to maintain supplied facility in satisfactory working condition.
0Z36224685,Department of Housing and Community Affairs,Open,10/11/2019,09/17/2019,10/11/2019,500.00,Abatement Order entered,01/28/2020,26-9(a)(9),"Failure to exterminate insects, rodents, or other vermin."
3Z39896454,Animal Control and Humane Treatment,Open,04/19/2017,03/18/2017,04/19/2017,500.00,Abatement Order entered,08/08/2017,5-203-C,Prevent the animal from having unwanted contact with a person or another domesticated animal at all times.
2Z36218982,Department of Housing and Community Affairs,Open,09/01/2017,08/25/2017,09/01/2017,500.00,,,26-9(c)(1),"Failure to maintain plumbing fixture in good sanitary working condition free from defects, leaks, and other obstructions."
2Z36226864,Department of Housing and Community Affairs,Open,03/23/2020,02/13/2020,03/23/2020,500.00,,,26-9(c)(3),"Failure to maintain wall, ceiling, floor, interior woodwork, door, and/or windows in sound condition and good repair free of flaking, peeling, or loose paint."
1Z36218981,Department of Housing and Community Affairs,Open,09/01/2017,08/25/2017,09/01/2017,500.00,,,26-7(e)(3),Failure to provide heat supply capable of maintaining temperature of at least 68 degrees.
4Z39896455,Animal Control and Humane Treatment,Open,04/19/2017,03/18/2017,04/19/2017,100.00,Abatement Order entered,08/08/2017,5-203-A-1,Prevent the animal other than an altered cat to be at large
4Z42126165,Animal Control and Humane Treatment,Open,05/31/2019,05/21/2019,05/31/2019,500.00,Abatement Order entered,01/28/2020,5-201-a-10,"Abuse/neglect of pet animal by unnecessarily failing to provide nutrious food in a sufficient quantity, necessary vet care, proper drink, air space and shelter"
6Z40860287,Animal Control and Humane Treatment,Open,10/15/2018,09/21/2018,10/18/2018,50.00,Guilty,12/11/2018,54-A-2-9,Cease entering or leaving a fare-paid area of a rail transport station without paying the fare or presenting a valid transfer
4Z36226292,Department of Housing and Community Affairs,Open,12/19/2019,12/06/2019,12/19/2019,500.00,,03/31/2020,26-9(a)(1),Failure to maintain item/structure in good repair.
1Z36218148,Department of Housing and Community Affairs,Open,05/31/2017,05/24/2017,05/31/2017,500.00,Abatement Order entered,08/22/2017,26-9(a)(2),"Failure to maintain door, window, and/or hatchway in sound working condition."
6Z40615518,Washington Metro. and Transit Auth. Police,Open,08/23/2019,05/24/2019,08/23/2019,100.00,,,5-601,Possession of marijuana less than 10 grams
6Z36220708,Department of Housing and Community Affairs,Open,07/18/2018,06/12/2018,07/18/2018,500.00,Guilty,02/26/2019,26-9(a)(4),Failure to maintain supplied facility in satisfactory working condition.
4Z36218795,Department of Housing and Community Affairs,Open,08/24/2017,08/11/2017,08/24/2017,500.00,,,26-9(c)(5),Failure to maintain floor covering in good repair and sanitary condition.
3Z36224191,Department of Housing and Community Affairs,Open,07/19/2019,07/09/2019,07/19/2019,500.00,,10/29/2019,26-9(b)(5),"Failure to maintain grounds: free of erosion or gullying; grass or weeds over 12 inches high; and/or shrubbery, trees, vines, hedges, and other vegetation, including dead trees and branches."
1Z40990496,Animal Control and Humane Treatment,Open,02/14/2017,02/01/2017,02/14/2017,100.00,Guilty,08/08/2017,5-203-A-1,Prevent the animal other than an altered cat to be at large
6Z36218979,Department of Housing and Community Affairs,Open,09/01/2017,08/25/2017,09/01/2017,500.00,,,26-9(a)(1),Failure to maintain item/structure in good repair.
5Z36218978,Department of Housing and Community Affairs,Open,09/01/2017,08/25/2017,09/01/2017,500.00,,,26-9(a)(4),Failure to maintain supplied facility in satisfactory working condition.
2Z40953187,Department of Permitting Services,Open,02/14/2017,01/31/2017,02/14/2017,500.00,Abatement Order entered,08/22/2017,59-7-4-2(A)1,Allowing the operation of a commerical enterprise without a valid permit
2Z40990497,Animal Control and Humane Treatment,Open,02/14/2017,02/01/2017,02/14/2017,500.00,Guilty,08/08/2017,5-203-C,Prevent the animal from having unwanted contact with a person or another domesticated animal at all times.
4Z40990240,Animal Control and Humane Treatment,Open,04/19/2017,03/20/2017,04/19/2017,100.00,Abatement Order entered,08/08/2017,5-203-A-1,Prevent the animal other than an altered cat to be at large
0Z36218980,Department of Housing and Community Affairs,Open,09/01/2017,08/25/2017,09/01/2017,500.00,,,26-9(c)(3),"Failure to maintain wall, ceiling, floor, interior woodwork, door, and/or windows in sound condition and good repair free of flaking, peeling, or loose paint."
5Z41707503,Department of Permitting Services,Open,03/23/2020,02/26/2020,03/23/2020,500.00,,,8-17-e,failure to obtain the final inspection for a mechanical permit
4Z36226761,Department of Housing and Community Affairs,Open,02/07/2020,02/03/2020,02/07/2020,500.00,,,26-9(c)(5),Failure to maintain floor covering in good repair and sanitary condition.
1Z39889564,Department of Environmental Protection,Open,09/05/2019,08/29/2019,09/05/2019,500.00,Abatement Order entered,11/19/2019,31B-5-B,Causing or permitting a noise disturbance
3Z36224856,Department of Housing and Community Affairs,Open,10/11/2019,10/02/2019,10/11/2019,500.00,Dismiss without prejudice,02/25/2020,26-9(a)(2),"Failure to maintain door, window, and/or hatchway in sound working condition."
3Z41707326,Department of Permitting Services,Open,06/30/2017,05/26/2017,06/30/2017,500.00,Abatement Order entered,08/29/2017,8-24-a,Comply with the NOV requiring permits and inspections for large additions to the home
3Z39895649,Animal Control and Humane Treatment,Open,03/24/2017,03/07/2017,03/24/2017,500.00,Stet Docket,05/09/2017,5-301-c-1,violating a written order by MCASD to enforce the law for the  multiple impoundments
1Z36216783,Department of Housing and Community Affairs,Open,08/09/2016,08/01/2016,08/09/2016,500.00,Show Cause Order,09/19/2017,26-9(b)(5),"Failure to maintain grounds: free of erosion or gullying; grass or weeds over 12 inches high; and/or shrubbery, trees, vines, hedges, and other vegetation, including dead trees and branches."
6Z36221128,Department of Housing and Community Affairs,Open,08/10/2018,08/06/2018,08/10/2018,500.00,Abatement Order entered,10/23/2018,26-9(a)(1),Failure to maintain item/structure in good repair.
2Z36222447,Department of Housing and Community Affairs,Open,02/06/2019,01/18/2019,02/06/2019,500.00,Guilty,04/23/2019,26-9(c)(1),"Failure to maintain plumbing fixture in good sanitary working condition free from defects, leaks, and other obstructions."
1Z40952941,Department of Permitting Services,Open,05/16/2017,05/08/2017,05/16/2017,1000.00,Abatement Order entered,09/19/2017,19-2-a,Cease engaging into any land disturbing activity without first the proper permit from DPS.
6Z42105265,Animal Control and Humane Treatment,Open,12/31/2019,12/19/2019,12/31/2019,100.00,,03/10/2020,5-203-A-1,Prevent the animal other than an altered cat to be at large
0Z36227016,Department of Housing and Community Affairs,Open,03/23/2020,03/03/2020,03/23/2020,500.00,,,26-8(b)(1),Failure to provide working smoke detector.
2Z33258248,Department of Permitting Services,Open,02/09/2015,09/22/1998,01/27/2015,500.00,,,59-F-9.1,"Cease posting signs onto property, roadways, or intersections of public roadways."
4Z36224549,Department of Housing and Community Affairs,Open,09/06/2019,09/03/2019,09/06/2019,500.00,Abatement Order entered,01/28/2020,26-9(a)(1),Failure to maintain item/structure in good repair.
6Z41767886,Animal Control and Humane Treatment,Open,12/29/2019,12/29/2019,12/29/2019,500.00,,03/31/2020,5-203-b,Prevent the animal from causing or creating a public nuisance. Provide proof of a current license for the animal
6Z40952911,Department of Permitting Services,Open,04/01/2019,02/11/2019,04/01/2019,1000.00,Abatement Order entered,11/19/2019,19-12-g,Submit the required records/documents
4Z40953427,Department of Permitting Services,Open,03/28/2017,03/01/2017,03/28/2017,1000.00,Abatement Order entered,09/19/2017,19-7,Comply with the conditions of the sediment control permit and the Notices of Violation
6Z36225454,Department of Housing and Community Affairs,Open,11/15/2019,11/05/2019,11/15/2019,500.00,Stet Docket,02/18/2020,26-9(a)(4),Failure to maintain supplied facility in satisfactory working condition.
1Z33355526,Department of Transportation,Open,02/09/2015,07/25/2000,01/27/2015,500.00,,,48-11,Deposited solid waste upon the property of another without written consent
5Z39891941,Department of Permitting Services,Open,06/02/2016,05/25/2016,06/02/2016,500.00,Guilty,08/16/2016,8-4,Comply with the state and local code requirements for the plumbing work associated with renovations and additions done to the premises without the required permits.
4Z36225256,Department of Housing and Community Affairs,Open,11/15/2019,11/05/2019,11/15/2019,500.00,Stet Docket,02/18/2020,26-9(a)(4),Failure to maintain supplied facility in satisfactory working condition.
3Z42211620,Animal Control and Humane Treatment,Open,06/30/2019,06/17/2019,06/30/2019,100.00,,10/08/2019,5-301-e,interference with the enforcement of an AC law
6Z39896576,Animal Control and Humane Treatment,Open,06/21/2017,05/17/2017,06/21/2017,100.00,Abatement Order entered,09/12/2017,5-203-A-1,Prevent the animal other than an altered cat to be at large
3Z36221398,Department of Housing and Community Affairs,Open,09/14/2018,09/10/2018,09/14/2018,500.00,Show Cause Order Withdrawn,02/25/2020,26-9(a)(1),Failure to maintain item/structure in good repair.
1Z36226289,Department of Housing and Community Affairs,Open,12/19/2019,12/06/2019,12/19/2019,500.00,,03/31/2020,26-9(c)(1),"Failure to maintain plumbing fixture in good sanitary working condition free from defects, leaks, and other obstructions."
5Z39895686,Animal Control and Humane Treatment,Open,10/01/2019,09/24/2019,10/01/2019,100.00,Stet Docket,01/14/2020,5-203-a-3,Prevent an animal from entering a private property without the property owners's permission
4Z41707474,Department of Permitting Services,Open,01/03/2020,12/19/2019,01/03/2020,500.00,,,59-3-1-6,Allowing the use of a residentially zoned lot as a staging and commerical storage lot
2Z36227032,Department of Housing and Community Affairs,Open,03/23/2020,03/03/2020,03/23/2020,500.00,,,26-8(b)(1),Failure to provide working smoke detector.
5Z36225404,Department of Housing and Community Affairs,Open,11/15/2019,11/05/2019,11/15/2019,500.00,Stet Docket,02/18/2020,26-9(a)(4),Failure to maintain supplied facility in satisfactory working condition.
0Z40953045,Department of Permitting Services,Open,04/20/2017,04/05/2017,04/20/2017,1000.00,Abatement Order entered,09/19/2017,19-2-a,Cease engaging into any land disturbing activity without first the proper permit from DPS.
0Z41707113,Department of Permitting Services,Open,12/05/2019,11/21/2019,12/05/2019,500.00,,,8-24-a,Comply with the NOV requiring permits and inspections for large additions to the home
1Z39895647,Animal Control and Humane Treatment,Open,03/23/2017,02/28/2017,03/23/2017,500.00,Abatement Order entered,05/09/2017,5-301-c-1,violating a written order by MCASD to enforce the law for the  multiple impoundments
3Z41767729,Animal Control and Humane Treatment,Open,02/26/2020,02/24/2020,02/26/2020,100.00,,,5-203-a-9,Obtain and provide proof that an animal is licensed in Montgomery County
1Z36226394,Department of Housing and Community Affairs,Open,12/19/2019,12/10/2019,12/19/2019,500.00,,,26-9(a)(9),"Failure to exterminate insects, rodents, or other vermin."
6Z36218405,Department of Housing and Community Affairs,Open,06/23/2017,06/19/2017,06/23/2017,1000.00,Abatement Order entered,09/26/2017,29-51(j),Failure to Report Rental Status of Each Unit in Rental Survey
6Z36219007,Department of Housing and Community Affairs,Open,09/08/2017,08/29/2017,09/08/2017,500.00,Defendant found in contempt,02/25/2020,26-9(b)(1),"Failure to maintain item in reasonable weather-tight, water-tight, and rodent proof condition, free from foreign matter and capable of affording privacy."
6Z417071273,Department of Permitting Services,Open,12/24/2018,12/13/2018,12/24/2018,500.00,,,8-24-a,Comply with the NOV requiring permits and inspections for large additions to the home
3Z41706899,Department of Permitting Services,Open,02/10/2020,01/30/2020,02/10/2020,1000.00,,,19-16-a,"Refrain from engaging in any land disturbing activity and causing soil, earth, sand, gravel, rock, stone or other material to be deposited upon any public street or roadway."
1Z33044390,Department of Environmental Protection,Open,02/09/2015,04/12/1996,01/27/2015,500.00,,,47-3,obtain a license from the director to sell goods on a private property
2Z36227060,Department of Housing and Community Affairs,Open,03/23/2020,03/10/2020,03/23/2020,500.00,,,26-9(a)(1),Failure to maintain item/structure in good repair.
0Z39911865,Department of Environmental Protection/Solid Waste,Open,11/20/2018,11/05/2018,11/20/2018,500.00,Default Judgment,04/16/2019,48-20-a,Obtain a collector's/haulers valid tag for the vehicle before transporting or collecting solid waste within Montgomery County
4Z40851388,Washington Metro. and Transit Auth. Police,Open,01/21/2020,01/10/2020,01/21/2020,50.00,,03/10/2020,54-A-2-9,Cease entering or leaving a fare-paid area of a rail transport station without paying the fare or presenting a valid transfer
5Z39911912,Department of Environmental Protection/Solid Waste,Open,07/12/2019,06/28/2019,07/12/2019,250.00,Paid and Satisfied,11/19/2019,48-10,Cease depositing solid waste on a public or private property without written permission from the owner
1Z42211618,Animal Control and Humane Treatment,Open,06/30/2019,06/04/2019,06/30/2019,520.00,Dismiss without prejudice,09/10/2019,5-402-C,"An owner must vaccinate a cat, dog, or ferret older than 4 months of age against rabies and provide proof of the most recent vaccination to an animal control officer within 24 hours."
4Z41768010,Animal Control and Humane Treatment,Open,11/06/2019,10/02/2019,11/06/2019,100.00,Abatement Order entered,02/11/2020,5-203-A-1,Prevent the animal other than an altered cat to be at large
4Z42207351,Animal Control and Humane Treatment,Open,11/25/2019,11/14/2019,11/25/2019,100.00,,03/10/2020,5-203-a-3,Prevent an animal from entering a private property without the property owners's permission
4Z33690815,Animal Control and Humane Treatment,Open,02/09/2015,11/13/2002,01/27/2015,100.00,,,5-203-A-9,Obtain and provide proof that an animal is licensed in Montgomery County
2Z36220991,Department of Housing and Community Affairs,Open,07/20/2018,07/16/2018,07/20/2018,500.00,Motion to vacate,02/19/2019,26-9(a)(1),Failure to maintain item/structure in good repair.
3Z42126101,Animal Control and Humane Treatment,Open,11/15/2018,10/24/2018,11/15/2018,100.00,Abatement Order entered,,5-203-A-1,Prevent the animal other than an altered cat to be at large
4Z36226565,Department of Housing and Community Affairs,Open,01/16/2020,01/06/2020,01/16/2020,500.00,,,26-9(a)(2),"Failure to maintain door, window, and/or hatchway in sound working condition."
2Z36222013,Department of Housing and Community Affairs,Open,11/27/2018,11/14/2018,11/27/2018,500.00,Continued,01/28/2020,26-9(a)(1),Failure to maintain item/structure in good repair.
1Z39911922,Department of Environmental Protection/Solid Waste,Open,07/31/2019,07/26/2019,07/31/2019,500.00,,10/08/2019,48-20-a,Obtain a collector's/haulers valid tag for the vehicle before transporting or collecting solid waste within Montgomery County
0Z41768027,Animal Control and Humane Treatment,Open,11/06/2019,10/23/2019,11/06/2019,500.00,Abatement Order entered,02/11/2020,5-203-a-5,"Prevent an animal from causing unsanitary, dangerous, or offensive conditions because of the size or number of the animals in a single location"
3Z36223442,Department of Housing and Community Affairs,Open,05/22/2019,05/10/2019,05/22/2019,500.00,Abatement Order entered,10/22/2019,29-16(a),Operating a rental facility without first obtaining a rental facility license.
5Z42126299,Animal Control and Humane Treatment,Open,12/31/2018,12/24/2018,12/31/2018,500.00,Default Judgment,04/09/2019,5-402-C,Possessing unvaccinated dog
3Z36220971,Department of Housing and Community Affairs,Open,08/02/2018,07/16/2018,08/02/2018,500.00,Abatement Order entered,10/23/2018,26-9(a)(1),Failure to maintain item/structure in good repair.
1Z40953046,Department of Permitting Services,Open,04/20/2017,04/05/2017,04/20/2017,1000.00,Abatement Order entered,09/19/2017,19-5-b,"Install interim erosion & sediment control measure to protect stream channels, other properties or the general public from damage that will remain in effect until modifications or revisions to the plan are approved or implemented by the DPS."
6Z33690817,Animal Control and Humane Treatment,Open,02/09/2015,11/13/2002,01/27/2015,100.00,,,5-203-A-9,Obtain and provide proof that an animal is licensed in Montgomery County
0Z36224867,Department of Housing and Community Affairs,Open,10/11/2019,10/02/2019,10/11/2019,500.00,Abatement Order entered,02/25/2020,26-9(a)(13),"Failure to remove, repair, and/or register unused vehicle"
3Z34041038,Washington Metro. and Transit Auth. Police,Open,12/11/2019,11/25/2019,12/11/2019,50.00,,02/11/2020,54-A-2-9,Cease entering or leaving a fare-paid area of a rail transport station without paying the fare or presenting a valid transfer
0Z41706896,Department of Permitting Services,Open,02/03/2020,01/24/2020,02/03/2020,1000.00,,,19-16-a,"Refrain from engaging in any land disturbing activity and causing soil, earth, sand, gravel, rock, stone or other material to be deposited upon any public street or roadway."
3Z36227040,Department of Housing and Community Affairs,Open,03/23/2020,03/05/2020,03/23/2020,500.00,,,26-9(b)(3),"Failure to maintain exterior surfaces free of flaking, peeling or loose paint and free of water seepage and against decay."
2Z40953047,Department of Permitting Services,Open,04/20/2017,04/05/2017,04/20/2017,1000.00,Abatement Order entered,09/19/2017,19-16-a,"Refrain from engaging in any land disturbing activity and causing soil, earth, sand, gravel, rock, stone or other material to be deposited upon any public street or roadway."
6Z36222255,Department of Housing and Community Affairs,Open,01/05/2019,12/19/2018,01/05/2019,500.00,Abatement Order Compliance,,26-9(b)(3),"Failure to maintain exterior surfaces free of flaking, peeling or loose paint and free of water seepage and against decay."
0Z40616002,Washington Metro. and Transit Auth. Police,Open,03/19/2020,03/07/2020,03/19/2020,50.00,,,5-601,Possession of marijuana less than 10 grams
1Z40953529,Department of Permitting Services,Open,05/10/2017,04/28/2017,05/10/2017,1000.00,Abatement Order entered,09/19/2017,19-2-a,Cease engaging into any land disturbing activity without first the proper permit from DPS.
4Z36226334,Department of Housing and Community Affairs,Open,12/19/2019,12/06/2019,12/19/2019,500.00,,03/31/2020,26-9(a)(1),Failure to maintain item/structure in good repair.
5Z36225348,Department of Housing and Community Affairs,Open,11/15/2019,11/05/2019,11/15/2019,500.00,Stet Docket,02/18/2020,26-9(a)(4),Failure to maintain supplied facility in satisfactory working condition.
3Z36224492,Department of Housing and Community Affairs,Open,09/06/2019,08/22/2019,09/06/2019,500.00,Abatement Order entered,12/17/2019,26-6(a),Failure to maintain electrical service in good safe working condition.
0Z39896577,Animal Control and Humane Treatment,Open,06/21/2017,05/17/2017,06/21/2017,500.00,Abatement Order entered,09/12/2017,5-203-C,Prevent the animal from having unwanted contact with a person or another domesticated animal at all times.
0Z40990250,Animal Control and Humane Treatment,Open,06/30/2017,06/07/2017,06/30/2017,500.00,Abatement Order entered,09/12/2017,5-203-C,Prevent the animal from having unwanted contact with a person or another domesticated animal at all times.
4Z36226901,Department of Housing and Community Affairs,Open,01/21/2020,02/14/2020,01/21/2020,500.00,,,26-9(c)(1),"Failure to maintain plumbing fixture in good sanitary working condition free from defects, leaks, and other obstructions."
3Z36226375,Department of Housing and Community Affairs,Open,12/19/2019,12/09/2019,12/19/2019,500.00,,,26-9(a)(8),"Accumulating garbage or rubbish outside of approved storage container, garage or building."
4Z42211656,Animal Control and Humane Treatment,Open,07/23/2019,07/02/2019,07/23/2019,150.00,Abatement Order entered,09/10/2019,5-402-C,"An owner must vaccinate a cat, dog, or ferret older than 4 months of age against rabies and provide proof of the most recent vaccination to an animal control officer within 24 hours."
3Z42126367,Animal Control and Humane Treatment,Open,01/15/2018,12/22/2017,01/15/2018,500.00,Stet Docket,04/10/2018,5-203-b-1,Preven the animal(s) from causing loud noises that are persistent enough to disturb another person's quiet enjoyment
4Z36225536,Department of Housing and Community Affairs,Open,11/15/2019,11/05/2019,11/15/2019,500.00,Stet Docket,02/18/2020,26-9(a)(4),Failure to maintain supplied facility in satisfactory working condition.
1Z39896438,Animal Control and Humane Treatment,Open,01/31/2018,11/06/2017,01/31/2018,500.00,Guilty,05/08/2018,5-301-b,violation of an order issued by the Gaithersburg City Animal Control to keep the animal muzzled
1Z39905671,Animal Control and Humane Treatment,Open,02/21/2020,02/19/2020,02/21/2020,100.00,,,5-203-a-9,Obtain and provide proof that an animal is licensed in Montgomery County
2Z36219822,Department of Housing and Community Affairs,Open,02/02/2018,01/25/2018,02/02/2018,500.00,Defendant found in contempt,08/27/2019,26-9(a)(8),"Accumulating garbage or rubbish outside of approved storage container, garage or building."
3Z36225570,Department of Housing and Community Affairs,Open,11/15/2019,11/05/2019,11/15/2019,500.00,Stet Docket,02/18/2020,26-9(a)(4),Failure to maintain supplied facility in satisfactory working condition.
0Z36224160,Department of Housing and Community Affairs,Open,07/19/2019,07/02/2019,07/19/2019,500.00,Guilty,10/29/2019,26-9(a)(4),Failure to maintain supplied facility in satisfactory working condition.
6Z39896450,Animal Control and Humane Treatment,Open,12/31/2017,12/17/2017,12/31/2017,100.00,Abatement Order entered,05/08/2018,5-203-A-1,Prevent the animal other than an altered cat to be at large
1Z36226359,Department of Housing and Community Affairs,Open,12/19/2019,12/06/2019,12/19/2019,500.00,,03/31/2020,26-9(a)(1),Failure to maintain item/structure in good repair.
0Z36227072,Department of Housing and Community Affairs,Open,03/23/2020,03/10/2020,03/23/2020,500.00,,,26-9(a)(1),Failure to maintain item/structure in good repair.
3Z42317341,False Alarm,Open,03/23/2020,03/02/2020,03/23/2020,500.00,,,3a-4C(2),requesting police dispatch to a burglar alarm activation without providing the required alarm user registration number.
3Z36226445,Department of Housing and Community Affairs,Open,12/19/2019,12/12/2019,12/19/2019,500.00,,03/10/2020,26-9(a)(8),"Accumulating garbage or rubbish outside of approved storage container, garage or building."
4Z36226859,Department of Housing and Community Affairs,Open,03/23/2020,02/13/2020,03/23/2020,500.00,,,26-6(a),Failure to maintain electrical service in good safe working condition.
2Z39911979,Department of Environmental Protection/Solid Waste,Open,01/10/2020,11/18/2019,01/10/2020,500.00,,,48-20-a,Obtain a collector's/haulers valid tag for the vehicle before transporting or collecting solid waste within Montgomery County
0Z36222354,Department of Housing and Community Affairs,Open,01/11/2019,01/03/2019,01/11/2019,500.00,,,26-7(c)(2),Failure to provide screens.
5Z36226671,Department of Housing and Community Affairs,Open,01/31/2020,01/22/2020,01/31/2020,500.00,,,26-9(a)(2),"Failure to maintain door, window, and/or hatchway in sound working condition."
4Z42299534,Health and Human Services,Open,02/18/2020,02/03/2020,02/18/2020,500.00,,,15-8-b-1,operating a food facility without a certified food manager
2Z36220774,Department of Housing and Community Affairs,Open,06/29/2018,06/19/2018,06/29/2018,500.00,Abatement Order entered,08/28/2018,26-9(a)(8),"Accumulating garbage or rubbish outside of approved storage container, garage or building."
3z42211571,Animal Control and Humane Treatment,Open,05/15/2019,04/18/2019,05/15/2019,100.00,Default Judgment,07/09/2019,5-203-A-1,Prevent the animal other than an altered cat to be at large
0z42125916,Animal Control and Humane Treatment,Open,01/31/2019,01/15/2019,01/31/2019,100.00,,04/09/2019,54-A-2-9,Cease entering or leaving a fare-paid area of a rail transport station without paying the fare or presenting a valid transfer
4Z36227083,Department of Housing and Community Affairs,Open,03/23/2020,03/10/2020,03/23/2020,500.00,,,26-6(a),Failure to maintain electrical service in good safe working condition.
6Z36225608,Department of Housing and Community Affairs,Open,11/15/2019,11/12/2019,11/15/2019,500.00,,03/24/2020,26-7(e),Failure to maintain space water heater in good and safe working condition.
0Z36222347,Department of Housing and Community Affairs,Open,01/11/2019,01/03/2019,01/11/2019,500.00,,,26-6(a),Failure to maintain electrical service in good safe working condition.
4Z36226516,Department of Housing and Community Affairs,Open,12/30/2019,12/18/2019,12/30/2019,500.00,,,26-9(a)(7),Failure to ensure utility services stay connected.
4Z39889798,Department of Environmental Protection,Open,08/23/2019,06/05/2019,08/23/2019,750.00,Continued,01/14/2020,31b-5-a,allowing the emergency generator to operate above the maximum allowable decibel limit set for nighttime standards..
6Z42209054,Animal Control and Humane Treatment,Open,12/30/2019,12/11/2019,12/30/2019,500.00,,03/10/2020,5-203-C,Prevent the animal from having unwanted contact with a person or another domesticated animal at all times.
5Z39893103,Department of Environmental Protection,Open,02/03/2020,01/29/2020,02/03/2020,100.00,,,48-03-c-3,failure to recycle the required materials (mixed paper in trash container; no recycling containers or recycling service)
3Z40952957,Department of Permitting Services,Open,04/19/2018,03/26/2018,04/19/2018,1000.00,Abatement Order entered,07/17/2018,19-12-g,Submit the required records/documents
0Z42211638,Animal Control and Humane Treatment,Open,06/30/2019,06/19/2019,06/30/2019,500.00,,,5-402-C,"An owner must vaccinate a cat, dog, or ferret older than 4 months of age against rabies and provide proof of the most recent vaccination to an animal control officer within 24 hours."
2Z36225205,Department of Housing and Community Affairs,Open,11/15/2019,11/05/2019,11/15/2019,500.00,Stet Docket,02/18/2020,26-9(a)(4),Failure to maintain supplied facility in satisfactory working condition.
0Z36221171,Department of Housing and Community Affairs,Open,08/24/2018,08/13/2018,08/24/2018,500.00,Show Cause Order,10/15/2019,26-9(a)(8),"Accumulating garbage or rubbish outside of approved storage container, garage or building."
6Z36225125,Department of Housing and Community Affairs,Open,11/11/2019,10/30/2019,11/11/2019,500.00,,03/24/2020,26-8(a)(1),Failure to provide safe and unobstructed means of escape leading to safe and open space ground level.
1Z36220815,Department of Housing and Community Affairs,Open,06/29/2018,06/25/2018,06/29/2018,500.00,Abatement Order entered,10/23/2018,26-9(a)(4),Failure to maintain supplied facility in satisfactory working condition.
6Z40852685,Washington Metro. and Transit Auth. Police,Open,10/16/2019,10/09/2019,10/16/2019,100.00,,,5-601,Possession of marijuana less than 10 grams
4z42126200,Animal Control and Humane Treatment,Open,10/01/2019,09/12/2019,10/01/2019,500.00,Default Judgment,12/10/2019,5-402-C,Possessing unvaccinated dog
5Z36221596,Department of Housing and Community Affairs,Open,10/12/2018,10/02/2018,10/12/2018,500.00,Abatement Order entered,03/26/2019,26-9(a)(1),Failure to maintain item/structure in good repair.
2Z36220970,Department of Housing and Community Affairs,Open,08/02/2018,07/16/2018,08/02/2018,500.00,Abatement Order entered,10/23/2018,26-9(b)(3),"Failure to maintain exterior surfaces free of flaking, peeling or loose paint and free of water seepage and against decay."
6Z36226357,Department of Housing and Community Affairs,Open,12/19/2019,12/06/2019,12/19/2019,500.00,,03/31/2020,26-9(a)(12),Failure to eliminate public nuisance.
3Z36219914,Department of Housing and Community Affairs,Open,02/23/2018,02/12/2018,02/23/2018,500.00,Abatement Order entered,05/22/2018,26-9(a)(8),"Accumulating garbage or rubbish outside of approved storage container, garage or building."
5Z42211706,Animal Control and Humane Treatment,Open,09/25/2019,09/16/2019,09/25/2019,100.00,Default Judgment,01/14/2020,5-203-a-9,Obtain and provide proof that an animal is licensed in Montgomery County
1Z36227129,Department of Housing and Community Affairs,Open,03/24/2020,03/18/2020,03/24/2020,500.00,,,26-9(b)(1),"Failure to maintain item in reasonable weather-tight, water-tight, and rodent proof condition, free from foreign matter and capable of affording privacy."
2Z39896544,Animal Control and Humane Treatment,Open,04/24/2018,03/04/2018,04/24/2018,100.00,Abatement Order entered,07/10/2018,5-203-a-3,Prevent an animal from entering a private property without the property owners's permission
2Z36225065,Department of Housing and Community Affairs,Open,11/01/2019,10/29/2019,11/01/2019,500.00,,03/24/2020,26-9(a)(13),"Failure to remove, repair, and/or register unused vehicle"
6Z40860945,Washington Metro. and Transit Auth. Police,Open,06/01/2018,04/02/2018,06/01/2018,50.00,,,5-601,Possession of marijuana less than 10 grams
5Z36223206,Department of Housing and Community Affairs,Open,04/30/2019,04/16/2019,04/30/2019,500.00,Abatement Order entered,07/23/2019,26-9(b)(2),"Failure to maintain item in reasonable weather-tight, water-tight, and rodent proof manner."
6Z36222367,Department of Housing and Community Affairs,Open,01/11/2019,01/07/2019,01/11/2019,500.00,Abatement Order entered,03/26/2019,26-9(a)(13),"Failure to remove, repair, and/or register unused vehicle"
4Z36226705,Department of Housing and Community Affairs,Open,01/31/2020,01/27/2020,01/31/2020,500.00,,,26-9(a)(1),Failure to maintain item/structure in good repair.
3Z36222329,Department of Housing and Community Affairs,Open,01/11/2019,12/31/2018,01/11/2019,500.00,,,26-9(c)(5),Failure to maintain floor covering in good repair and sanitary condition.
3Z36226480,Department of Housing and Community Affairs,Open,12/19/2019,12/17/2019,12/19/2019,1000.00,,,29-51(j),Failure to Report Rental Status of Each Unit in Rental Survey
5Z36220294,Department of Housing and Community Affairs,Open,05/08/2018,04/23/2018,05/08/2018,500.00,,09/25/2018,26-9(a)(13),"Failure to remove, repair, and/or register unused vehicle"
1Z39911971,Department of Environmental Protection/Solid Waste,Open,12/12/2019,11/30/2019,12/12/2019,500.00,,03/10/2020,48-19(A)-2-A,Transporting solid waste in the County without a suitable cover to prevent loss of material
0Z36226883,Department of Housing and Community Affairs,Open,01/21/2020,02/14/2020,01/21/2020,500.00,,,26-9(a)(1),Failure to maintain item/structure in good repair.
3Z36225122,Department of Housing and Community Affairs,Open,11/11/2019,10/30/2019,11/11/2019,500.00,,03/24/2020,26-9(a)(1),Failure to maintain item/structure in good repair.
2Z39890664,Department of Environmental Protection/Solid Waste,Open,12/31/2019,12/13/2019,12/31/2019,100.00,,03/10/2020,48-03-c-3,failure to recycle the required materials (mixed paper in trash container; no recycling containers or recycling service)
4Z40850877,Washington Metro. and Transit Auth. Police,Open,11/22/2019,11/08/2019,11/22/2019,,,02/11/2020,54-A-2-9,Cease entering or leaving a fare-paid area of a rail transport station without paying the fare or presenting a valid transfer
6Z41110992,Office of Consumer Protection,Open,07/15/2019,07/03/2019,07/15/2019,500.00,,01/14/2020,11-4-e,misrepresentation of a material fact that has a tendency to mislead
1Z35014176,Washington Metro. and Transit Auth. Police,Open,03/27/2020,03/13/2020,03/27/2020,50.00,,,54-A-2-9,Cease entering or leaving a fare-paid area of a rail transport station without paying the fare or presenting a valid transfer
2Z41706779,Department of Permitting Services,Open,02/14/2018,02/09/2018,02/14/2018,500.00,Abatement Order entered,05/15/2018,59-3-1-6,Allowing the use of a residentially zoned lot as a staging and commerical storage lot
6Z36224733,Department of Housing and Community Affairs,Open,09/30/2019,09/20/2019,09/30/2019,500.00,Continued,02/25/2020,26-9(a)(2),"Failure to maintain door, window, and/or hatchway in sound working condition."
2Z42105275,Animal Control and Humane Treatment,Open,01/28/2020,01/19/2020,01/28/2020,500.00,,,5-402-C,Possessing unvaccinated dog
0Z36225511,Department of Housing and Community Affairs,Open,11/15/2019,11/05/2019,11/15/2019,500.00,Stet Docket,02/18/2020,26-9(a)(4),Failure to maintain supplied facility in satisfactory working condition.
0Z36226939,Department of Housing and Community Affairs,Open,03/03/2020,02/20/2020,03/03/2020,500.00,,,26-9(a)(13),"Failure to remove, repair, and/or register unused vehicle"
6Z36226266,Department of Housing and Community Affairs,Open,12/19/2019,12/06/2019,12/19/2019,500.00,,03/31/2020,26-6(a),Failure to maintain electrical service in good safe working condition.
3Z36226858,Department of Housing and Community Affairs,Open,03/23/2020,02/13/2020,03/23/2020,500.00,,,26-9(a)(1),Failure to maintain item/structure in good repair.
4Z36222449,Department of Housing and Community Affairs,Open,02/06/2019,01/18/2019,02/06/2019,500.00,Guilty,04/23/2019,26-9(a)(1),Failure to maintain item/structure in good repair.
5Z36218922,Department of Housing and Community Affairs,Open,08/24/2017,08/21/2017,08/24/2017,500.00,Continued,01/28/2020,26-9(a)(1),Failure to maintain item/structure in good repair.
2Z36225695,Department of Housing and Community Affairs,Open,12/05/2019,11/22/2019,12/05/2019,500.00,,03/31/2020,26-9(a)(1),Failure to maintain item/structure in good repair.
4Z33972453,Washington Metro. and Transit Auth. Police,Open,02/18/2020,02/08/2020,02/18/2020,500.00,,,32-17-A,Refrain from urinating in the public
5Z36223283,Department of Housing and Community Affairs,Open,05/22/2019,04/24/2019,05/22/2019,500.00,Guilty,08/27/2019,26-9(b)(3),"Failure to maintain exterior surfaces free of flaking, peeling or loose paint and free of water seepage and against decay."
5Z39912290,Department of Environmental Protection/Solid Waste,Open,12/20/2018,12/14/2018,12/20/2018,500.00,,,48-20-a,Obtain a collector's/haulers valid tag for the vehicle before transporting or collecting solid waste within Montgomery County
5Z36226832,Department of Housing and Community Affairs,Open,02/14/2020,02/11/2020,02/14/2020,500.00,,,26-9(b)(3),"Failure to maintain exterior surfaces free of flaking, peeling or loose paint and free of water seepage and against decay."
6Z41782461,Board of License Commissioners,Open,11/30/2018,11/13/2018,11/30/2018,1000.00,,,24-11-B(1)(i),"Did or did offer to deliver, dispense, issue, give away or sell a tobacco product to a minor"
5Z36227133,Department of Housing and Community Affairs,Open,03/24/2020,03/18/2020,03/24/2020,500.00,,,26-9(b)(3),"Failure to maintain exterior surfaces free of flaking, peeling or loose paint and free of water seepage and against decay."
3Z42211662,Animal Control and Humane Treatment,Open,07/16/2019,07/10/2019,07/16/2019,500.00,,10/08/2019,5-201-a-10,"Abuse/neglect of pet animal by unnecessarily failing to provide nutrious food in a sufficient quantity, necessary vet care, proper drink, air space and shelter"
3Z36226613,Department of Housing and Community Affairs,Open,01/16/2020,01/13/2020,01/16/2020,500.00,,,26-9(c)(5),Failure to maintain floor covering in good repair and sanitary condition.
6Z36223543,Department of Housing and Community Affairs,Open,06/03/2019,05/17/2019,06/03/2019,500.00,Abatement Order entered,10/15/2019,26-9(b)(5),"Failure to maintain grounds: free of erosion or gullying; grass or weeds over 12 inches high; and/or shrubbery, trees, vines, hedges, and other vegetation, including dead trees and branches."
5Z36223297,Department of Housing and Community Affairs,Open,04/30/2019,04/25/2019,04/30/2019,500.00,Guilty,08/27/2019,26-9(a)(8),"Accumulating garbage or rubbish outside of approved storage container, garage or building."
0Z42125895,Animal Control and Humane Treatment,Open,06/30/2018,06/04/2018,06/30/2018,100.00,Guilty,10/09/2018,5-203-A-1,Prevent the animal other than an altered cat to be at large
0Z36226057,Department of Housing and Community Affairs,Open,12/19/2019,11/26/2019,12/19/2019,500.00,,,26-9(c)(1),"Failure to maintain plumbing fixture in good sanitary working condition free from defects, leaks, and other obstructions."
2Z36226514,Department of Housing and Community Affairs,Open,12/30/2019,12/18/2019,12/30/2019,500.00,,,26-9(a)(7),Failure to ensure utility services stay connected.
3Z41768023,Animal Control and Humane Treatment,Open,03/26/2020,03/05/2020,03/26/2020,100.00,,,5-203-a-9,Obtain and provide proof that an animal is licensed in Montgomery County
5Z36224627,Department of Housing and Community Affairs,Open,09/17/2019,09/10/2019,09/17/2019,500.00,Guilty,12/17/2019,26-9(a)(4),Failure to maintain supplied facility in satisfactory working condition.
6Z40850879,Washington Metro. and Transit Auth. Police,Open,11/22/2019,11/08/2019,11/22/2019,50.00,,02/11/2020,54-A-2-9,Cease entering or leaving a fare-paid area of a rail transport station without paying the fare or presenting a valid transfer
2Z33852534,Department of Environmental Protection,Open,12/31/2019,12/09/2019,12/31/2019,250.00,,,19-50-c,Prevent vehicle fluids from draining onto the dirt and gravel from the vehicle equipment storage lot and then flowing into the waters of the State.
5Z36222569,Department of Housing and Community Affairs,Open,02/15/2019,02/07/2019,02/15/2019,500.00,Abatement Order entered,05/28/2019,26-9(b)(4),"Failure to maintain apron, driveway, sidewalk, walkway, parking lot, and/or patio in good serviceable and safe condition."
5Z36220532,Department of Housing and Community Affairs,Open,06/01/2018,05/29/2018,06/01/2018,500.00,Abatement Order entered,10/23/2018,26-9(a)(1),Failure to maintain item/structure in good repair.
4Z36225193,Department of Housing and Community Affairs,Open,11/15/2019,11/05/2019,11/15/2019,500.00,Stet Docket,02/18/2020,26-9(a)(4),Failure to maintain supplied facility in satisfactory working condition.
3Z36223302,Department of Housing and Community Affairs,Open,04/30/2019,04/25/2019,04/30/2019,500.00,Guilty,08/27/2019,26-9(b)(2),"Failure to maintain item in reasonable weather-tight, water-tight, and rodent proof manner."
0Z39911956,Department of Environmental Protection/Solid Waste,Open,11/06/2019,10/26/2019,11/06/2019,500.00,Default Judgment,01/21/2020,48-19-a-3,A person should not engage in the business of collecting or transporting solid waste in the County without first obtaining a permit (license) from the Director of the Solid Waste Division
6Z40854911,Washington Metro. and Transit Auth. Police,Open,12/20/2019,12/09/2019,12/20/2019,50.00,,02/11/2020,54-A-2-9,Cease entering or leaving a fare-paid area of a rail transport station without paying the fare or presenting a valid transfer
0Z39889857,Department of Environmental Protection/Solid Waste,Open,05/10/2017,05/02/2017,05/10/2017,1000.00,Abatement Order entered,10/17/2017,31B-5-B,Causing or permitting a noise disturbance
3Z36224513,Department of Housing and Community Affairs,Open,09/06/2019,08/26/2019,09/06/2019,500.00,Abatement Order entered,01/28/2020,26-9(b)(3),"Failure to maintain exterior surfaces free of flaking, peeling or loose paint and free of water seepage and against decay."
1Z36224630,Department of Housing and Community Affairs,Open,09/17/2019,09/10/2019,09/17/2019,500.00,Guilty,12/17/2019,26-9(a)(13),"Failure to remove, repair, and/or register unused vehicle"
5Z36222457,Department of Housing and Community Affairs,Open,02/06/2019,01/18/2019,02/06/2019,500.00,Guilty,04/23/2019,26-9(a)(1),Failure to maintain item/structure in good repair.
0Z36225210,Department of Housing and Community Affairs,Open,11/15/2019,11/05/2019,11/15/2019,500.00,Stet Docket,02/18/2020,26-9(a)(4),Failure to maintain supplied facility in satisfactory working condition.
3Z33973138,Washington Metro. and Transit Auth. Police,Open,02/10/2020,01/22/2020,02/10/2020,50.00,,,54-A-2-9,Cease entering or leaving a fare-paid area of a rail transport station without paying the fare or presenting a valid transfer
3Z36220348,Department of Housing and Community Affairs,Open,05/04/2018,04/30/2018,05/04/2018,500.00,Defendant found in contempt,01/28/2020,26-9(a)(1),Failure to maintain item/structure in good repair.
5Z36223360,Department of Housing and Community Affairs,Open,05/07/2019,05/02/2019,05/07/2019,500.00,Guilty,08/27/2019,26-9(b)(4),"Failure to maintain apron, driveway, sidewalk, walkway, parking lot, and/or patio in good serviceable and safe condition."
5Z42209123,Animal Control and Humane Treatment,Open,10/28/2019,10/22/2019,10/28/2019,100.00,Default Judgment,02/11/2020,5-203-a-9,Obtain and provide proof that an animal is licensed in Montgomery County
2Z36219241,Department of Housing and Community Affairs,Open,10/20/2017,10/16/2017,10/20/2017,500.00,Show Cause Order Withdrawn,10/23/2018,26-9(a)(8),"Accumulating garbage or rubbish outside of approved storage container, garage or building."
4Z36225466,Department of Housing and Community Affairs,Open,11/15/2019,11/05/2019,11/15/2019,500.00,Stet Docket,02/18/2020,26-9(a)(4),Failure to maintain supplied facility in satisfactory working condition.
2Z41706842,Department of Permitting Services,Open,09/24/2018,07/18/2018,09/24/2018,500.00,Abatement Order entered,11/20/2018,59-3-1-6,Allowing the use of a residentially zoned lot as a staging and commerical storage lot
2Z36227074,Department of Housing and Community Affairs,Open,03/23/2020,03/10/2020,03/23/2020,500.00,,,26-9(a)(4),Failure to maintain supplied facility in satisfactory working condition.
2Z42316283,False Alarm,Open,11/10/2018,10/22/2018,11/10/2018,500.00,,,3a-4C(2),requesting police dispatch to a burglar alarm activation without providing the required alarm user registration number.
4Z36220972,Department of Housing and Community Affairs,Open,08/02/2018,07/16/2018,08/02/2018,500.00,Abatement Order entered,10/23/2018,26-9(a)(1),Failure to maintain item/structure in good repair.
4Z42209017,Animal Control and Humane Treatment,Open,07/23/2019,,07/23/2019,500.00,Abatement Order entered,09/10/2019,5-301-b,violation of an order issued by the Gaithersburg City Animal Control to keep the animal muzzled
2Z42299532,Health and Human Services,Open,01/31/2020,01/15/2020,01/31/2020,500.00,,,15-8-b-1,operating a food facility without a certified food manager
4Z42211565,Animal Control and Humane Treatment,Open,04/20/2019,03/29/2019,04/20/2019,500.00,Guilty,06/11/2019,5-402-C,Possessing unvaccinated dog
6Z40855219,Washington Metro. and Transit Auth. Police,Open,10/08/2019,10/03/2019,10/24/2019,50.00,Paid and Satisfied,01/14/2020,54-A-2-9,Cease entering or leaving a fare-paid area of a rail transport station without paying the fare or presenting a valid transfer
4Z36225445,Department of Housing and Community Affairs,Open,11/15/2019,11/05/2019,11/15/2019,500.00,Stet Docket,02/18/2020,26-9(a)(4),Failure to maintain supplied facility in satisfactory working condition.
4Z41767730,Animal Control and Humane Treatment,Open,03/25/2020,03/23/2020,03/25/2020,500.00,,,5-203-C,Prevent the animal from having unwanted contact with a person or another domesticated animal at all times.
4Z36227125,Department of Housing and Community Affairs,Open,03/24/2020,03/18/2020,03/24/2020,500.00,,,26-9(a)(2),"Failure to maintain door, window, and/or hatchway in sound working condition."
4Z42211635,Animal Control and Humane Treatment,Open,06/30/2019,06/19/2019,06/30/2019,150.00,Abatement Order entered,09/10/2019,5-203-A-1,Prevent the animal other than an altered cat to be at large
4Z41707698,Department of Permitting Services,Open,01/03/2020,11/12/2019,01/03/2020,500.00,,,59-3-1-6,Allowing the use of a residentially zoned lot as a staging and commerical storage lot
3Z36225206,Department of Housing and Community Affairs,Open,11/15/2019,11/05/2019,11/15/2019,500.00,Stet Docket,02/18/2020,26-9(a)(4),Failure to maintain supplied facility in satisfactory working condition.
6Z36224831,Department of Housing and Community Affairs,Open,10/11/2019,10/02/2019,10/11/2019,500.00,Abatement Order entered,02/25/2020,26-9(b)(3),"Failure to maintain exterior surfaces free of flaking, peeling or loose paint and free of water seepage and against decay."
3Z40990064,Animal Control and Humane Treatment,Open,04/24/2018,03/07/2018,04/24/2018,100.00,Abatement Order entered,07/10/2018,5-203-A-1,Prevent the animal other than an altered cat to be at large
1z41706806,Department of Permitting Services,Open,04/01/2018,01/29/2018,04/01/2018,500.00,Abatement Order entered,05/15/2018,59-3-1-6,Allowing the use of a residentially zoned lot as a staging and commerical storage lot
4Z36221595,Department of Housing and Community Affairs,Open,10/12/2018,10/02/2018,10/12/2018,500.00,Abatement Order entered,03/26/2019,26-8(c),Failure to provide fire rated door which self closes and latches.
2Z42316843,False Alarm,Open,07/29/2019,06/24/2019,07/29/2019,500.00,,10/15/2019,3a-4C(2),requesting police dispatch to a burglar alarm activation without providing the required alarm user registration number.
1Z36219905,Department of Housing and Community Affairs,Open,02/23/2018,02/09/2018,02/23/2018,500.00,Abatement Order entered,05/22/2018,26-9(a)(13),"Failure to remove, repair, and/or register unused vehicle"
4Z36226453,Department of Housing and Community Affairs,Open,12/19/2019,12/12/2019,12/19/2019,500.00,,,26-7(e)(3),Failure to provide heat supply capable of maintaining temperature of at least 68 degrees.
0Z36222858,Department of Housing and Community Affairs,Open,03/18/2019,03/08/2019,03/18/2019,500.00,Paid and Satisfied,06/18/2019,26-9(a)(12),Failure to eliminate public nuisance.
6Z36223781,Department of Housing and Community Affairs,Open,06/14/2019,06/04/2019,06/14/2019,500.00,CC Appeal,12/12/2019,29-16(a),Operating a rental facility without first obtaining a rental facility license.
4Z39912044,Department of Environmental Protection/Solid Waste,Open,03/12/2020,03/05/2020,03/12/2020,500.00,,,48-19(A)-2-A,Transporting solid waste in the County without a suitable cover to prevent loss of material
4Z42105256,Animal Control and Humane Treatment,Open,11/25/2019,11/14/2019,11/25/2019,500.00,,03/10/2020,5-203-C,Prevent the animal from having unwanted contact with a person or another domesticated animal at all times.
2Z36226283,Department of Housing and Community Affairs,Open,12/19/2019,12/06/2019,12/19/2019,500.00,,03/31/2020,26-9(a)(12),Failure to eliminate public nuisance.
6Z36223501,Department of Housing and Community Affairs,Open,05/22/2019,05/15/2019,05/22/2019,500.00,Guilty,08/27/2019,26-9(a)(6),Failure to maintain premises in safe and sanitary condition.
1Z42126232,Animal Control and Humane Treatment,Open,02/21/2020,02/15/2020,02/21/2020,500.00,,,5-203-b-1,Preven the animal(s) from causing loud noises that are persistent enough to disturb another person's quiet enjoyment
0Z41707505,Department of Permitting Services,Open,03/23/2020,03/09/2020,03/23/2020,500.00,,,8-17-e,failure to obtain the final inspection for a mechanical permit
2Z36227137,Department of Housing and Community Affairs,Open,03/24/2020,03/18/2020,03/24/2020,500.00,,,26-9(a)(2),"Failure to maintain door, window, and/or hatchway in sound working condition."
6Z36224250,Department of Housing and Community Affairs,Open,07/29/2019,07/16/2019,07/29/2019,500.00,Continued,01/28/2020,26-9(b)(5),"Failure to maintain grounds: free of erosion or gullying; grass or weeds over 12 inches high; and/or shrubbery, trees, vines, hedges, and other vegetation, including dead trees and branches."
0Z41768020,Animal Control and Humane Treatment,Open,03/26/2020,03/05/2020,03/26/2020,500.00,,,5-203-b-1,Preven the animal(s) from causing loud noises that are persistent enough to disturb another person's quiet enjoyment
4Z36221784,Department of Housing and Community Affairs,Open,10/23/2018,10/16/2018,10/23/2018,500.00,,,26-9(b)(5),"Failure to maintain grounds: free of erosion or gullying; grass or weeds over 12 inches high; and/or shrubbery, trees, vines, hedges, and other vegetation, including dead trees and branches."
5Z36225509,Department of Housing and Community Affairs,Open,11/15/2019,11/05/2019,11/15/2019,500.00,Stet Docket,02/18/2020,26-9(a)(4),Failure to maintain supplied facility in satisfactory working condition.
2Z40990518,Animal Control and Humane Treatment,Open,02/21/2020,02/20/2020,02/21/2020,500.00,,,5-203-C,Prevent the animal from having unwanted contact with a person or another domesticated animal at all times.
6Z33911499,Animal Control and Humane Treatment,Open,02/04/2020,01/29/2020,02/04/2020,500.00,,,5-402-C,Possessing unvaccinated dog
6Z36224607,Department of Housing and Community Affairs,Open,09/17/2019,09/09/2019,09/17/2019,500.00,Guilty,12/17/2019,26-9(b)(3),"Failure to maintain exterior surfaces free of flaking, peeling or loose paint and free of water seepage and against decay."
3Z36221013,Department of Housing and Community Affairs,Open,08/02/2018,07/18/2018,08/02/2018,500.00,Abatement Order entered,10/23/2018,26-9(b)(4),"Failure to maintain apron, driveway, sidewalk, walkway, parking lot, and/or patio in good serviceable and safe condition."
4Z36222379,Department of Housing and Community Affairs,Open,01/11/2019,01/09/2019,01/11/2019,500.00,Abatement Order entered,05/28/2019,26-9(b)(3),"Failure to maintain exterior surfaces free of flaking, peeling or loose paint and free of water seepage and against decay."
1Z41782490,Board of License Commissioners,Open,02/18/2020,12/05/2019,02/18/2020,1000.00,,,24-11-B(1)(i),"Did or did offer to deliver, dispense, issue, give away or sell a tobacco product to a minor"
4Z36227153,Department of Housing and Community Affairs,Open,03/24/2020,03/18/2020,03/24/2020,500.00,,,26-9(a)(1),Failure to maintain item/structure in good repair.
5Z42211720,Animal Control and Humane Treatment,Open,10/16/2019,10/13/2019,10/16/2019,500.00,Default Judgment,01/14/2020,5-402-C,Possessing unvaccinated dog
5Z36225376,Department of Housing and Community Affairs,Open,11/15/2019,11/05/2019,11/15/2019,500.00,Stet Docket,02/18/2020,26-9(a)(4),Failure to maintain supplied facility in satisfactory working condition.
0Z36226799,Department of Housing and Community Affairs,Open,02/14/2020,02/05/2020,02/14/2020,500.00,,,26-9(a)(8),"Accumulating garbage or rubbish outside of approved storage container, garage or building."
6Z36225377,Department of Housing and Community Affairs,Open,11/15/2019,11/05/2019,11/15/2019,500.00,Stet Docket,02/18/2020,26-9(a)(4),Failure to maintain supplied facility in satisfactory working condition.
2Z36222678,Department of Housing and Community Affairs,Open,03/01/2019,02/25/2019,03/01/2019,500.00,Abatement Order entered,05/28/2019,26-9(a)(1),Failure to maintain item/structure in good repair.
0Z36225329,Department of Housing and Community Affairs,Open,11/15/2019,11/05/2019,11/15/2019,500.00,Stet Docket,02/18/2020,26-9(a)(4),Failure to maintain supplied facility in satisfactory working condition.
5Z36226937,Department of Housing and Community Affairs,Open,03/03/2020,02/20/2020,03/03/2020,500.00,,,26-9(a)(13),"Failure to remove, repair, and/or register unused vehicle"
1Z36225176,Department of Housing and Community Affairs,Open,11/15/2019,11/04/2019,11/15/2019,500.00,,03/24/2020,26-9(a)(6),Failure to maintain premises in safe and sanitary condition.
3Z42211655,Animal Control and Humane Treatment,Open,07/23/2019,07/02/2019,07/23/2019,500.00,Abatement Order entered,09/10/2019,5-201-A-1,Cease violating the general prohibitions against cruelty to the animal
0Z42211645,Animal Control and Humane Treatment,Open,08/19/2019,08/04/2019,08/19/2019,500.00,,11/12/2019,5-203-C,Prevent the animal from having unwanted contact with a person or another domesticated animal at all times.
0Z36223481,Department of Housing and Community Affairs,Open,05/22/2019,05/14/2019,05/22/2019,500.00,Dismiss without prejudice,08/27/2019,26-9(b)(5),"Failure to maintain grounds: free of erosion or gullying; grass or weeds over 12 inches high; and/or shrubbery, trees, vines, hedges, and other vegetation, including dead trees and branches."
1Z36226436,Department of Housing and Community Affairs,Open,12/19/2019,12/12/2019,12/19/2019,500.00,,,26-9(b)(3),"Failure to maintain exterior surfaces free of flaking, peeling or loose paint and free of water seepage and against decay."
6Z42211728,Animal Control and Humane Treatment,Open,10/15/2019,09/12/2019,10/15/2019,500.00,Default Judgment,12/10/2019,5-203-C,Prevent the animal from having unwanted contact with a person or another domesticated animal at all times.
4Z36226775,Department of Housing and Community Affairs,Open,02/07/2020,02/03/2020,02/07/2020,500.00,,,26-9(a)(2),"Failure to maintain door, window, and/or hatchway in sound working condition."
3Z39893367,Department of Environmental Protection/Solid Waste,Open,12/01/2019,11/19/2019,12/01/2019,100.00,,03/10/2020,48-03(b)6,Failure to provide containers for recyclables in adequate sizes and quantities
0Z36225259,Department of Housing and Community Affairs,Open,11/15/2019,11/05/2019,11/15/2019,500.00,Stet Docket,02/18/2020,26-9(a)(4),Failure to maintain supplied facility in satisfactory working condition.
4Z40859963,Washington Metro. and Transit Auth. Police,Open,11/21/2019,11/05/2019,11/21/2019,,,,2B-19-202-a1,unlawful possession of open container of alcohol
5Z36226657,Department of Housing and Community Affairs,Open,01/31/2020,01/22/2020,01/31/2020,500.00,,,26-6(a),Failure to maintain electrical service in good safe working condition.
4Z39896441,Animal Control and Humane Treatment,Open,01/31/2018,11/06/2017,01/31/2018,100.00,Guilty,05/08/2018,5-203-a-9,Obtain and provide proof that an animal is licensed in Montgomery County
6Z36227008,Department of Housing and Community Affairs,Open,03/23/2020,03/03/2020,03/23/2020,500.00,,,26-9(c)(5),Failure to maintain floor covering in good repair and sanitary condition.
0Z36217559,Department of Housing and Community Affairs,Open,01/25/2017,12/30/2016,01/25/2017,500.00,Default Judgment,08/22/2017,26-9(a)(2),"Failure to maintain door, window, and/or hatchway in sound working condition."
0Z40990369,Animal Control and Humane Treatment,Open,01/31/2019,01/18/2019,01/31/2019,100.00,Default Judgment,03/12/2019,5-203-A-1,Prevent the animal other than an altered cat to be at large
1Z36227136,Department of Housing and Community Affairs,Open,03/24/2020,03/18/2020,03/24/2020,500.00,,,26-13(e)(1),"Failure to secure all windows and doors accessible from ground level, from adjacent structures or by the reasonably foreseeable use of a ladder, table, or other devise."
1Z36225428,Department of Housing and Community Affairs,Open,11/15/2019,11/05/2019,11/15/2019,500.00,Stet Docket,02/18/2020,26-9(a)(4),Failure to maintain supplied facility in satisfactory working condition.
4Z42209150,Animal Control and Humane Treatment,Open,11/06/2019,10/23/2019,11/06/2019,500.00,Default Judgment,02/11/2020,5-203-C,Prevent the animal from having unwanted contact with a person or another domesticated animal at all times.
0Z36225504,Department of Housing and Community Affairs,Open,11/15/2019,11/05/2019,11/15/2019,500.00,Stet Docket,02/18/2020,26-9(a)(4),Failure to maintain supplied facility in satisfactory working condition.
4z40990072,Animal Control and Humane Treatment,Open,04/24/2018,04/09/2018,04/24/2018,100.00,Abatement Order entered,07/10/2018,5-203-A-1,Prevent the animal other than an altered cat to be at large
0Z39895681,Animal Control and Humane Treatment,Open,07/04/2019,07/07/2019,07/04/2019,500.00,,10/08/2019,5-203-C,Prevent the animal from having unwanted contact with a person or another domesticated animal at all times.
4Z36221819,Department of Housing and Community Affairs,Open,10/26/2018,10/18/2018,10/26/2018,500.00,Abatement Order entered,02/26/2019,26-9(a)(8),"Accumulating garbage or rubbish outside of approved storage container, garage or building."
1Z42209245,Animal Control and Humane Treatment,Open,02/21/2020,02/19/2020,02/21/2020,500.00,,,5-402-C,Possessing unvaccinated dog
0Z42209237,Animal Control and Humane Treatment,Open,02/03/2020,01/22/2020,02/03/2020,500.00,,,5-301-b,violation of an order issued by the Gaithersburg City Animal Control to keep the animal muzzled
0Z36224531,Department of Housing and Community Affairs,Open,09/06/2019,08/28/2019,09/06/2019,500.00,Dismiss without prejudice,11/19/2019,26-9(a)(8),"Accumulating garbage or rubbish outside of approved storage container, garage or building."
3Z36225507,Department of Housing and Community Affairs,Open,11/15/2019,11/05/2019,11/15/2019,500.00,Stet Docket,02/18/2020,26-9(a)(4),Failure to maintain supplied facility in satisfactory working condition.
3Z36225542,Department of Housing and Community Affairs,Open,11/15/2019,11/05/2019,11/15/2019,500.00,Stet Docket,02/18/2020,26-9(a)(4),Failure to maintain supplied facility in satisfactory working condition.
5Z36219006,Department of Housing and Community Affairs,Open,09/08/2017,08/29/2017,09/08/2017,500.00,Show Cause Order,07/09/2019,26-9(b)(2),"Failure to maintain item in reasonable weather-tight, water-tight, and rodent proof manner."
2Z42209008,Animal Control and Humane Treatment,Open,04/01/2019,03/09/2019,04/01/2019,500.00,Guilty,07/09/2019,5-402-C,"An owner must vaccinate a cat, dog, or ferret older than 4 months of age against rabies and provide proof of the most recent vaccination to an animal control officer within 24 hours."
5Z36223003,Department of Housing and Community Affairs,Open,03/29/2019,03/20/2019,03/29/2019,500.00,,,26-9(a)(2),"Failure to maintain door, window, and/or hatchway in sound working condition."
5Z36224417,Department of Housing and Community Affairs,Open,08/14/2019,08/07/2019,08/14/2019,500.00,Guilty,12/17/2019,26-9(a)(4),Failure to maintain supplied facility in satisfactory working condition.
0Z36225196,Department of Housing and Community Affairs,Open,11/15/2019,11/05/2019,11/15/2019,500.00,Stet Docket,02/18/2020,26-9(a)(4),Failure to maintain supplied facility in satisfactory working condition.
5Z42105271,Animal Control and Humane Treatment,Open,01/28/2020,01/19/2020,01/28/2020,100.00,,,5-203-a-2,Refrain from allowing an animal to defecate on another person's property
6Z36224292,Department of Housing and Community Affairs,Open,07/29/2019,07/22/2019,07/29/2019,500.00,,,26-9(b)(3),"Failure to maintain exterior surfaces free of flaking, peeling or loose paint and free of water seepage and against decay."
2Z36225359,Department of Housing and Community Affairs,Open,11/15/2019,11/05/2019,11/15/2019,500.00,Stet Docket,02/18/2020,26-9(a)(4),Failure to maintain supplied facility in satisfactory working condition.
1Z36226968,Department of Housing and Community Affairs,Open,03/03/2020,02/26/2020,03/03/2020,500.00,,,26-9(c)(1),"Failure to maintain plumbing fixture in good sanitary working condition free from defects, leaks, and other obstructions."
3Z36226851,Department of Housing and Community Affairs,Open,03/03/2020,02/13/2020,03/03/2020,500.00,,,26-9(a)(1),Failure to maintain item/structure in good repair.
6Z36221583,Department of Housing and Community Affairs,Open,10/12/2018,10/02/2018,10/12/2018,500.00,,05/14/2019,26-8(b)(1),Failure to provide working smoke detector.
6Z36226735,Department of Housing and Community Affairs,Open,02/07/2020,02/03/2020,02/07/2020,500.00,,,26-9(a)(2),"Failure to maintain door, window, and/or hatchway in sound working condition."
3Z36227061,Department of Housing and Community Affairs,Open,03/23/2020,03/10/2020,03/23/2020,500.00,,,26-9(a)(1),Failure to maintain item/structure in good repair.
5Z36224074,Department of Housing and Community Affairs,Open,07/11/2019,06/27/2019,07/11/2019,500.00,Abatement Order entered,10/22/2019,26-9(b)(1),"Failure to maintain item in reasonable weather-tight, water-tight, and rodent proof condition, free from foreign matter and capable of affording privacy."
6Z36225349,Department of Housing and Community Affairs,Open,11/15/2019,11/05/2019,11/15/2019,500.00,Stet Docket,02/18/2020,26-9(a)(4),Failure to maintain supplied facility in satisfactory working condition.
6Z36226987,Department of Housing and Community Affairs,Open,03/23/2020,02/27/2020,03/23/2020,500.00,,,26-9(a)(1),Failure to maintain item/structure in good repair.
1Z36224763,Department of Housing and Community Affairs,Open,10/11/2019,09/24/2019,10/11/2019,500.00,Continued,01/28/2020,26-9(b)(3),"Failure to maintain exterior surfaces free of flaking, peeling or loose paint and free of water seepage and against decay."
2Z36224414,Department of Housing and Community Affairs,Open,08/14/2019,08/07/2019,08/14/2019,500.00,Guilty,12/17/2019,26-9(a)(1),Failure to maintain item/structure in good repair.
4Z36225361,Department of Housing and Community Affairs,Open,11/15/2019,11/05/2019,11/15/2019,500.00,Stet Docket,02/18/2020,26-9(a)(4),Failure to maintain supplied facility in satisfactory working condition.
2Z36226332,Department of Housing and Community Affairs,Open,12/19/2019,12/06/2019,12/19/2019,500.00,,03/31/2020,26-9(a)(12),Failure to eliminate public nuisance.
0Z36222088,Department of Housing and Community Affairs,Open,12/11/2018,11/29/2018,12/11/2018,500.00,Abatement Order entered,04/23/2019,26-9(a)(8),"Accumulating garbage or rubbish outside of approved storage container, garage or building."
6Z36226448,Department of Housing and Community Affairs,Open,12/19/2019,12/12/2019,12/19/2019,500.00,,,26-9(a)(1),Failure to maintain item/structure in good repair.
2Z36223301,Department of Housing and Community Affairs,Open,04/30/2019,04/25/2019,04/30/2019,500.00,Guilty,08/27/2019,26-9(b)(2),"Failure to maintain item in reasonable weather-tight, water-tight, and rodent proof manner."
2Z36220347,Department of Housing and Community Affairs,Open,05/04/2018,04/30/2018,05/04/2018,500.00,Defendant found in contempt,01/28/2020,26-9(a)(1),Failure to maintain item/structure in good repair.
1Z36225295,Department of Housing and Community Affairs,Open,11/15/2019,11/05/2019,11/15/2019,500.00,Stet Docket,02/18/2020,26-9(a)(4),Failure to maintain supplied facility in satisfactory working condition.
4Z36226481,Department of Housing and Community Affairs,Open,12/19/2019,12/17/2019,12/19/2019,500.00,,,29-16(a),Operating a rental facility without first obtaining a rental facility license.
2Z36226290,Department of Housing and Community Affairs,Open,12/19/2019,12/06/2019,12/19/2019,500.00,,03/31/2020,26-6(a),Failure to maintain electrical service in good safe working condition.
0Z36225616,Department of Housing and Community Affairs,Open,11/22/2019,11/12/2019,11/22/2019,500.00,,03/24/2020,26-9(a)(2),"Failure to maintain door, window, and/or hatchway in sound working condition."
6Z35089249,Washington Metro. and Transit Auth. Police,Open,01/29/2020,12/24/2019,01/29/2020,50.00,,,54-A-2-9,Cease entering or leaving a fare-paid area of a rail transport station without paying the fare or presenting a valid transfer
5Z36225264,Department of Housing and Community Affairs,Open,11/15/2019,11/05/2019,11/15/2019,500.00,Stet Docket,02/18/2020,26-9(a)(4),Failure to maintain supplied facility in satisfactory working condition.
6Z36224418,Department of Housing and Community Affairs,Open,08/14/2019,08/07/2019,08/14/2019,500.00,Abatement Order entered,12/17/2019,26-9(a)(3),"Failure to complete renovation, addition, or new construction in accordance with building permit."
6Z36223914,Department of Housing and Community Affairs,Open,07/11/2019,06/18/2019,07/11/2019,500.00,Guilty,10/29/2019,26-9(a)(13),"Failure to remove, repair, and/or register unused vehicle"
2Z36221418,Department of Housing and Community Affairs,Open,09/21/2018,09/11/2018,09/21/2018,500.00,Continued,03/24/2020,26-9(a)(1),Failure to maintain item/structure in good repair.
0Z42209202,Animal Control and Humane Treatment,Open,09/25/2019,09/18/2019,09/25/2019,500.00,Dismiss without prejudice,12/10/2019,5-203-C,Prevent the animal from having unwanted contact with a person or another domesticated animal at all times.
6Z42126300,Animal Control and Humane Treatment,Open,12/31/2018,12/24/2018,12/31/2018,100.00,Default Judgment,04/09/2019,5-203-a-9,Obtain and provide proof that an animal is licensed in Montgomery County
2z36220662,Department of Housing and Community Affairs,Open,06/01/2018,05/30/2018,06/01/2018,500.00,Abatement Order entered,07/31/2018,26-5(a),Failure to eliminate overcrowding.
3Z36225577,Department of Housing and Community Affairs,Open,11/15/2019,11/05/2019,11/15/2019,500.00,Stet Docket,02/18/2020,26-9(a)(4),Failure to maintain supplied facility in satisfactory working condition.
5Z36224669,Department of Housing and Community Affairs,Open,09/30/2019,09/17/2019,09/30/2019,500.00,Continued,01/28/2020,26-9(a)(1),Failure to maintain item/structure in good repair.
3Z41707963,Department of Permitting Services,Open,08/24/2018,08/16/2018,02/06/2020,500.00,Default Judgment,07/23/2019,8-24-a,Comply with the NOV requiring permits and inspections for large additions to the home
2Z36224988,Department of Housing and Community Affairs,Open,11/22/2019,10/16/2019,11/22/2019,500.00,,,26-9(a)(4),Failure to maintain supplied facility in satisfactory working condition.
6Z36225440,Department of Housing and Community Affairs,Open,11/15/2019,11/05/2019,11/15/2019,500.00,Stet Docket,02/18/2020,26-9(a)(4),Failure to maintain supplied facility in satisfactory working condition.
6Z36220029,Department of Housing and Community Affairs,Open,03/26/2018,03/01/2018,03/26/2018,500.00,Abatement Order entered,05/22/2018,26-9(a)(2),"Failure to maintain door, window, and/or hatchway in sound working condition."
0Z36226869,Department of Housing and Community Affairs,Open,03/23/2020,02/13/2020,03/23/2020,500.00,,,26-9(a)(4),Failure to maintain supplied facility in satisfactory working condition.
0Z41707393,Department of Permitting Services,Open,12/05/2019,11/07/2019,12/05/2019,500.00,,,8-4,Comply with the state and local code requirements for the plumbing work associated with renovations and additions done to the premises without the required permits.
0Z36225056,Department of Housing and Community Affairs,Open,11/01/2019,10/28/2019,11/01/2019,1000.00,,03/24/2020,29-51(j),Failure to Report Rental Status of Each Unit in Rental Survey
4Z36225669,Department of Housing and Community Affairs,Open,12/05/2019,11/21/2019,12/05/2019,500.00,,03/31/2020,26-9(a)(13),"Failure to remove, repair, and/or register unused vehicle"
4Z36223856,Department of Housing and Community Affairs,Open,06/14/2019,06/11/2019,06/14/2019,500.00,Abatement Order entered,10/15/2019,29-16(a),Operating a rental facility without first obtaining a rental facility license.
5Z36225355,Department of Housing and Community Affairs,Open,11/15/2019,11/05/2019,11/15/2019,500.00,Stet Docket,02/18/2020,26-9(a)(4),Failure to maintain supplied facility in satisfactory working condition.
4Z42126101,Animal Control and Humane Treatment,Open,01/23/2019,12/30/2018,01/23/2019,100.00,,,5-203-A-1,Prevent the animal other than an altered cat to be at large
1Z41767776,Animal Control and Humane Treatment,Open,03/27/2020,03/24/2020,03/27/2020,500.00,,,5-203-C,Prevent the animal from having unwanted contact with a person or another domesticated animal at all times.
2Z36224701,Department of Housing and Community Affairs,Open,09/30/2019,09/19/2019,09/30/2019,500.00,Continued,01/28/2020,26-9(a)(1),Failure to maintain item/structure in good repair.
3z33911496,Animal Control and Humane Treatment,Open,02/04/2020,01/28/2020,02/04/2020,100.00,,,5-203-A-1,Prevent the animal other than an altered cat to be at large
1Z36226415,Department of Housing and Community Affairs,Open,12/19/2019,12/11/2019,12/19/2019,500.00,,,26-9(a)(2),"Failure to maintain door, window, and/or hatchway in sound working condition."
4Z36219915,Department of Housing and Community Affairs,Open,02/23/2018,02/12/2018,02/23/2018,500.00,Abatement Order entered,05/22/2018,26-9(b)(5),"Failure to maintain grounds: free of erosion or gullying; grass or weeds over 12 inches high; and/or shrubbery, trees, vines, hedges, and other vegetation, including dead trees and branches."
3Z36226333,Department of Housing and Community Affairs,Open,12/19/2019,12/06/2019,12/19/2019,500.00,,03/31/2020,26-6(a),Failure to maintain electrical service in good safe working condition.
6Z36226665,Department of Housing and Community Affairs,Open,01/31/2020,01/22/2020,01/31/2020,500.00,,,26-9(a)(4),Failure to maintain supplied facility in satisfactory working condition.
0Z36219645,Department of Housing and Community Affairs,Open,01/12/2018,01/04/2018,01/12/2018,500.00,Show Cause Order,10/08/2019,26-9(c)(5),Failure to maintain floor covering in good repair and sanitary condition.
6Z41768005,Animal Control and Humane Treatment,Open,11/06/2019,10/02/2019,11/06/2019,500.00,Abatement Order entered,02/11/2020,5-203-C,Prevent the animal from having unwanted contact with a person or another domesticated animal at all times.
0Z36225385,Department of Housing and Community Affairs,Open,11/15/2019,11/05/2019,11/15/2019,500.00,Stet Docket,02/18/2020,26-9(a)(4),Failure to maintain supplied facility in satisfactory working condition.
2Z36223651,Department of Housing and Community Affairs,Open,06/03/2019,05/24/2019,06/03/2019,500.00,Guilty,08/27/2019,26-9(a)(7),Failure to ensure utility services stay connected.
2Z42126485,Animal Control and Humane Treatment,Open,07/31/2018,07/19/2018,07/31/2018,500.00,Abatement Order entered,10/09/2018,5-203-C,Prevent the animal from having unwanted contact with a person or another domesticated animal at all times.
0Z36211217,Department of Housing and Community Affairs,Open,07/01/2013,06/20/2013,07/01/2013,500.00,Abatement Order entered,08/27/2013,26-9(a)(1),Failure to maintain item/structure in good repair.
4Z36221742,Department of Housing and Community Affairs,Open,10/23/2018,10/12/2018,10/23/2018,500.00,,,26-9(a)(13),"Failure to remove, repair, and/or register unused vehicle"
0Z42126462,Animal Control and Humane Treatment,Open,06/30/2018,06/10/2018,06/30/2018,500.00,Guilty,10/09/2018,5-203-C,Prevent the animal from having unwanted contact with a person or another domesticated animal at all times.
6Z36222584,Department of Housing and Community Affairs,Open,03/08/2019,02/08/2019,03/08/2019,500.00,Abatement Order entered,06/25/2019,26-9(a)(8),"Accumulating garbage or rubbish outside of approved storage container, garage or building."
3Z36221356,Department of Housing and Community Affairs,Open,09/07/2018,09/04/2018,09/07/2018,500.00,Abatement Order entered,01/29/2019,29-16(a),Operating a rental facility without first obtaining a rental facility license.
5Z36222912,Department of Housing and Community Affairs,Open,03/18/2019,03/13/2019,03/18/2019,500.00,Abatement Order entered,06/18/2019,26-9(a)(4),Failure to maintain supplied facility in satisfactory working condition.
6Z36222458,Department of Housing and Community Affairs,Open,02/06/2019,01/18/2019,02/06/2019,500.00,Guilty,04/23/2019,26-9(a)(1),Failure to maintain item/structure in good repair.
5Z36226804,Department of Housing and Community Affairs,Open,01/21/2020,02/06/2020,01/21/2020,500.00,,,26-9(a)(2),"Failure to maintain door, window, and/or hatchway in sound working condition."
1Z36226303,Department of Housing and Community Affairs,Open,12/19/2019,12/06/2019,12/19/2019,500.00,,03/31/2020,26-9(a)(1),Failure to maintain item/structure in good repair.
6Z36220988,Department of Housing and Community Affairs,Open,07/20/2018,07/16/2018,07/20/2018,500.00,Motion to vacate,02/19/2019,26-9(a)(8),"Accumulating garbage or rubbish outside of approved storage container, garage or building."
5Z36223717,Department of Housing and Community Affairs,Open,06/03/2019,05/28/2019,06/03/2019,500.00,Guilty,08/27/2019,26-13(c)(3),Occupying or allowing the occupancy of a condemned dwelling/structure.
6Z36225531,Department of Housing and Community Affairs,Open,11/15/2019,11/05/2019,11/15/2019,500.00,Stet Docket,02/18/2020,26-9(a)(4),Failure to maintain supplied facility in satisfactory working condition.
2Z36224085,Department of Housing and Community Affairs,Open,07/11/2019,06/27/2019,07/11/2019,30.00,,10/22/2019,26-9(a)(9),"Failure to exterminate insects, rodents, or other vermin."
6Z36225489,Department of Housing and Community Affairs,Open,11/15/2019,11/05/2019,11/15/2019,500.00,Stet Docket,02/18/2020,26-9(a)(4),Failure to maintain supplied facility in satisfactory working condition.
4Z36220027,Department of Housing and Community Affairs,Open,03/26/2018,03/01/2018,03/26/2018,500.00,Abatement Order entered,05/22/2018,26-9(a)(2),"Failure to maintain door, window, and/or hatchway in sound working condition."
5Z36227140,Department of Housing and Community Affairs,Open,03/24/2020,03/18/2020,03/24/2020,500.00,,,26-9(a)(4),Failure to maintain supplied facility in satisfactory working condition.
1Z36227122,Department of Housing and Community Affairs,Open,03/24/2020,03/18/2020,03/24/2020,500.00,,,26-6(a),Failure to maintain electrical service in good safe working condition.
2Z36223420,Department of Housing and Community Affairs,Open,05/22/2019,05/08/2019,05/22/2019,500.00,Continued,10/15/2019,29-16(a),Operating a rental facility without first obtaining a rental facility license.
3Z39896440,Animal Control and Humane Treatment,Open,01/31/2018,11/02/2017,01/31/2018,500.00,Guilty,05/08/2018,5-402-C,Possessing unvaccinated dog
1Z36226779,Department of Housing and Community Affairs,Open,02/07/2020,02/03/2020,02/07/2020,500.00,,,26-8(a)(1),Failure to provide safe and unobstructed means of escape leading to safe and open space ground level.
6Z42207360,Animal Control and Humane Treatment,Open,02/20/2020,02/13/2020,02/20/2020,500.00,,,5-402-C,Possessing unvaccinated dog
4Z42317321,False Alarm,Open,03/23/2020,03/02/2020,03/23/2020,500.00,,,3a-4C(2),requesting police dispatch to a burglar alarm activation without providing the required alarm user registration number.
4Z36221798,Department of Housing and Community Affairs,Open,10/26/2018,10/17/2018,10/26/2018,500.00,Default Judgment,,26-9(a)(1),Failure to maintain item/structure in good repair.
0Z36220709,Department of Housing and Community Affairs,Open,07/18/2018,06/12/2018,07/18/2018,500.00,Guilty,12/18/2018,26-9(a)(8),"Accumulating garbage or rubbish outside of approved storage container, garage or building."
5Z42209242,Animal Control and Humane Treatment,Open,02/21/2020,02/16/2020,02/21/2020,500.00,,,5-301-b,violation of an order issued by the Gaithersburg City Animal Control to keep the animal muzzled
4Z36225095,Department of Housing and Community Affairs,Open,11/11/2019,10/30/2019,11/11/2019,500.00,,03/24/2020,26-9(b)(3),"Failure to maintain exterior surfaces free of flaking, peeling or loose paint and free of water seepage and against decay."
3Z36224317,Department of Housing and Community Affairs,Open,08/14/2019,07/23/2019,08/14/2019,500.00,Abatement Order entered,12/17/2019,26-9(a)(13),"Failure to remove, repair, and/or register unused vehicle"
0Z42105273,Animal Control and Humane Treatment,Open,01/28/2020,01/19/2020,01/28/2020,100.00,,,5-203-a-9,Obtain and provide proof that an animal is licensed in Montgomery County
2Z33973130,Washington Metro. and Transit Auth. Police,Open,11/06/2019,10/28/2019,11/06/2019,50.00,,02/11/2020,54-A-2-9,Cease entering or leaving a fare-paid area of a rail transport station without paying the fare or presenting a valid transfer
5Z36221862,Department of Housing and Community Affairs,Open,11/02/2018,10/24/2018,11/02/2018,500.00,Abatement Order entered,02/26/2019,26-9(c)(1),"Failure to maintain plumbing fixture in good sanitary working condition free from defects, leaks, and other obstructions."
1Z36220423,Department of Housing and Community Affairs,Open,06/01/2018,05/10/2018,06/01/2018,500.00,Abatement Order entered,07/31/2018,26-9(a)(8),"Accumulating garbage or rubbish outside of approved storage container, garage or building."
1Z36222026,Department of Housing and Community Affairs,Open,11/27/2018,11/14/2018,11/27/2018,500.00,Abatement Order entered,01/29/2019,26-9(a)(1),Failure to maintain item/structure in good repair.
3Z40952922,Department of Permitting Services,Open,02/25/2020,02/18/2020,02/25/2020,1000.00,,,19-13-A,"Maintain in a good & effective condition and promptly repair or restore all grade surfaces, walls, drains, dams, and structures, plantings, vegetation, erosion and sediment control measures and other devices."
6Z36222416,Department of Housing and Community Affairs,Open,02/06/2019,01/10/2019,02/06/2019,500.00,Abatement Order entered,04/23/2019,26-9(b)(4),"Failure to maintain apron, driveway, sidewalk, walkway, parking lot, and/or patio in good serviceable and safe condition."
6Z40953296,Department of Permitting Services,Open,07/18/2018,06/20/2018,07/18/2018,500.00,,09/18/2018,59-6-2-5-b,Failure to remove surfaced area that exceed 35% or 320 sq ft  of the front yard
6Z41707987,Department of Permitting Services,Open,10/12/2018,10/02/2018,10/12/2018,750.00,Defendant found in contempt,07/23/2019,8-4,Comply with the state and local code requirements for the plumbing work associated with renovations and additions done to the premises without the required permits.
2Z36225107,Department of Housing and Community Affairs,Open,11/11/2019,10/30/2019,11/11/2019,500.00,,03/24/2020,26-8(b)(1),Failure to provide working smoke detector.
3Z36222462,Department of Housing and Community Affairs,Open,02/06/2019,01/18/2019,02/06/2019,500.00,Guilty,04/23/2019,26-9(a)(4),Failure to maintain supplied facility in satisfactory working condition.
5Z36226482,Department of Housing and Community Affairs,Open,12/19/2019,12/17/2019,12/19/2019,1000.00,,,29-51(j),Failure to Report Rental Status of Each Unit in Rental Survey
0Z36226729,Department of Housing and Community Affairs,Open,02/07/2020,02/03/2020,02/07/2020,500.00,,,26-8(b)(1),Failure to provide working smoke detector.
5Z36226902,Department of Housing and Community Affairs,Open,01/21/2020,02/14/2020,01/21/2020,500.00,,,26-9(a)(4),Failure to maintain supplied facility in satisfactory working condition.
4Z36226047,Department of Housing and Community Affairs,Open,12/05/2019,11/26/2019,12/05/2019,500.00,,03/31/2020,26-9(c)(1),"Failure to maintain plumbing fixture in good sanitary working condition free from defects, leaks, and other obstructions."
0Z36227044,Department of Housing and Community Affairs,Open,03/23/2020,03/06/2020,03/23/2020,500.00,,,26-9(a)(8),"Accumulating garbage or rubbish outside of approved storage container, garage or building."
5Z36222114,Department of Housing and Community Affairs,Open,12/24/2018,12/04/2018,12/24/2018,500.00,Guilty,04/30/2019,26-10(c),"Failure to maintain item in good condition and substantially free from damage and deterioration. Each exterior surface must be free from flaking, peeling, or loose paint and graffiti."
5Z36225670,Department of Housing and Community Affairs,Open,12/05/2019,11/21/2019,12/05/2019,500.00,,03/31/2020,26-9(a)(8),"Accumulating garbage or rubbish outside of approved storage container, garage or building."
4Z42209164,Animal Control and Humane Treatment,Open,11/25/2019,11/14/2019,11/25/2019,100.00,,03/10/2020,5-203-A-1,Prevent the animal other than an altered cat to be at large
3Z36226949,Department of Housing and Community Affairs,Open,03/03/2020,02/24/2020,03/03/2020,500.00,,,26-9(a)(2),"Failure to maintain door, window, and/or hatchway in sound working condition."
1Z42209028,Animal Control and Humane Treatment,Open,04/15/2019,03/08/2019,04/15/2019,500.00,Abatement Order entered,06/11/2019,5-203-C,Prevent the animal from having unwanted contact with a person or another domesticated animal at all times.
4Z36227048,Department of Housing and Community Affairs,Open,03/23/2020,03/06/2020,03/23/2020,500.00,,,26-9(a)(8),"Accumulating garbage or rubbish outside of approved storage container, garage or building."
5Z40855218,Washington Metro. and Transit Auth. Police,Open,10/01/2019,09/20/2019,10/01/2019,50.00,Default Judgment,01/14/2020,54-A-2-9,Cease entering or leaving a fare-paid area of a rail transport station without paying the fare or presenting a valid transfer
5Z36220028,Department of Housing and Community Affairs,Open,03/26/2018,03/01/2018,03/26/2018,500.00,Abatement Order entered,05/22/2018,26-9(a)(2),"Failure to maintain door, window, and/or hatchway in sound working condition."
5Z36225474,Department of Housing and Community Affairs,Open,11/15/2019,11/05/2019,11/15/2019,500.00,Stet Docket,02/18/2020,26-9(a)(4),Failure to maintain supplied facility in satisfactory working condition.
2Z36226633,Department of Housing and Community Affairs,Open,03/03/2020,01/14/2020,03/03/2020,500.00,,,26-9(a)(1),Failure to maintain item/structure in good repair.
6Z36222381,Department of Housing and Community Affairs,Open,01/11/2019,01/09/2019,01/11/2019,500.00,Abatement Order entered,05/28/2019,26-9(a)(8),"Accumulating garbage or rubbish outside of approved storage container, garage or building."
2Z40850896,Washington Metro. and Transit Auth. Police,Open,02/12/2020,01/27/2020,02/12/2020,50.00,,,54-A-2-9,Cease entering or leaving a fare-paid area of a rail transport station without paying the fare or presenting a valid transfer
6Z36222710,Department of Housing and Community Affairs,Open,03/18/2019,03/04/2019,07/31/2019,500.00,CC Appeal,08/28/2019,26-9(a)(8),"Accumulating garbage or rubbish outside of approved storage container, garage or building."
2Z36226731,Department of Housing and Community Affairs,Open,02/07/2020,02/03/2020,02/07/2020,500.00,,,26-9(c)(5),Failure to maintain floor covering in good repair and sanitary condition.
4Z36227034,Department of Housing and Community Affairs,Open,03/23/2020,03/03/2020,03/23/2020,500.00,,,26-9(c)(5),Failure to maintain floor covering in good repair and sanitary condition.
0Z36226890,Department of Housing and Community Affairs,Open,01/21/2020,02/14/2020,01/21/2020,500.00,,,26-9(a)(2),"Failure to maintain door, window, and/or hatchway in sound working condition."
0Z36224622,Department of Housing and Community Affairs,Open,09/20/2019,09/10/2019,09/20/2019,500.00,,,26-8(b)(1),Failure to provide working smoke detector.
3Z36227082,Department of Housing and Community Affairs,Open,03/23/2020,03/10/2020,03/23/2020,500.00,,,26-9(a)(1),Failure to maintain item/structure in good repair.
2Z36221243,Department of Housing and Community Affairs,Open,08/31/2108,08/22/2018,08/31/2108,500.00,Abatement Order entered,01/29/2019,26-9(a)(1),Failure to maintain item/structure in good repair.
6Z42211672,Animal Control and Humane Treatment,Open,08/19/2019,08/06/2019,08/19/2019,500.00,,11/12/2019,5-301-b,violation of an order issued by the Gaithersburg City Animal Control to keep the animal muzzled
3Z36225311,Department of Housing and Community Affairs,Open,11/15/2019,11/05/2019,11/15/2019,500.00,Stet Docket,02/18/2020,26-9(a)(4),Failure to maintain supplied facility in satisfactory working condition.
2Z40953278,Department of Permitting Services,Open,03/01/2018,12/01/2017,03/01/2018,500.00,Defendant found in contempt,09/10/2019,59-6-2-5-L1,Parking vehicle on non-surfaced area of front yard
0Z36224083,Department of Housing and Community Affairs,Open,07/11/2019,06/27/2019,07/11/2019,30.00,,10/22/2019,26-9(a)(9),"Failure to exterminate insects, rodents, or other vermin."
1Z36221011,Department of Housing and Community Affairs,Open,08/02/2018,07/18/2018,08/02/2018,500.00,Abatement Order entered,10/23/2018,26-9(b)(4),"Failure to maintain apron, driveway, sidewalk, walkway, parking lot, and/or patio in good serviceable and safe condition."
3Z42125982,Animal Control and Humane Treatment,Open,08/26/2018,08/04/2018,08/26/2018,100.00,Abatement Order entered,10/09/2018,5-203-A-1,Prevent the animal other than an altered cat to be at large
4Z36220762,Department of Housing and Community Affairs,Open,06/22/2018,06/18/2018,06/22/2018,500.00,Abatement Order entered,08/28/2018,26-9(a)(8),"Accumulating garbage or rubbish outside of approved storage container, garage or building."
5Z42126439,Animal Control and Humane Treatment,Open,06/30/2019,06/20/2019,06/30/2019,100.00,Abatement Order entered,09/10/2019,5-203-A-1,Prevent the animal other than an altered cat to be at large
6Z36224152,Department of Housing and Community Affairs,Open,07/19/2019,07/02/2019,07/19/2019,500.00,Guilty,10/29/2019,26-9(a)(4),Failure to maintain supplied facility in satisfactory working condition.
3Z36226305,Department of Housing and Community Affairs,Open,12/19/2019,12/06/2019,12/19/2019,500.00,,03/31/2020,26-9(a)(1),Failure to maintain item/structure in good repair.
0Z36224069,Department of Housing and Community Affairs,Open,07/11/2019,06/27/2019,07/11/2019,500.00,Abatement Order entered,10/22/2019,26-9(b)(3),"Failure to maintain exterior surfaces free of flaking, peeling or loose paint and free of water seepage and against decay."
4Z39895678,Animal Control and Humane Treatment,Open,06/30/2019,06/19/2019,06/30/2019,500.00,Abatement Order entered,09/10/2019,5-203-C,Prevent the animal from having unwanted contact with a person or another domesticated animal at all times.
2Z36225471,Department of Housing and Community Affairs,Open,11/15/2019,11/05/2019,11/15/2019,500.00,Stet Docket,02/18/2020,26-9(a)(4),Failure to maintain supplied facility in satisfactory working condition.
2Z36223490,Department of Housing and Community Affairs,Open,05/22/2019,05/14/2019,05/22/2019,500.00,Abatement Order entered,03/31/2020,26-9(a)(1),Failure to maintain item/structure in good repair.
2Z36226738,Department of Housing and Community Affairs,Open,02/07/2020,02/03/2020,02/07/2020,500.00,,,26-9(a)(4),Failure to maintain supplied facility in satisfactory working condition.
3Z34014011,Health and Human Services,Open,05/31/2019,05/26/2019,05/31/2019,50.00,,09/17/2019,24-9,smoking on public property owned by Montgomery County.
3Z62222203,Department of Housing and Community Affairs,Open,02/04/2019,12/14/2018,02/04/2019,500.00,Continued,12/10/2019,26-9(b)(3),"Failure to maintain exterior surfaces free of flaking, peeling or loose paint and free of water seepage and against decay."
5Z36222366,Department of Housing and Community Affairs,Open,01/11/2019,01/07/2019,01/11/2019,500.00,Abatement Order entered,03/26/2019,26-9(b)(5),"Failure to maintain grounds: free of erosion or gullying; grass or weeds over 12 inches high; and/or shrubbery, trees, vines, hedges, and other vegetation, including dead trees and branches."
6z42126286,Animal Control and Humane Treatment,Open,11/30/2018,11/21/2018,11/30/2018,500.00,Guilty,02/12/2019,5-203-C,Prevent the animal from having unwanted contact with a person or another domesticated animal at all times.
3Z41706721,Department of Permitting Services,Open,05/17/2018,05/10/2018,05/17/2018,500.00,,,8-24-a,Comply with the NOV requiring permits and inspections for large additions to the home
4Z36219978,Department of Housing and Community Affairs,Open,03/26/2018,02/28/2018,03/26/2018,500.00,Abatement Order entered,05/29/2018,26-9(a)(13),"Failure to remove, repair, and/or register unused vehicle"
0Z40852007,Washington Metro. and Transit Auth. Police,Open,01/15/2020,12/16/2019,01/15/2020,50.00,,03/10/2020,54-A-2-9,Cease entering or leaving a fare-paid area of a rail transport station without paying the fare or presenting a valid transfer
6Z42118131,Police Department,Open,01/02/2019,11/15/2018,01/02/2019,500.00,Guilty,04/09/2019,47-5-a-2,Provide a current vendors license to sell merchandise to a resident of Montgomery County
3Z41706794,Department of Permitting Services,Open,09/24/2018,05/21/2018,09/24/2018,500.00,Abatement Order entered,02/19/2019,59-3-1-6,Allowing the use of a residentially zoned lot as a staging and commerical storage lot
2Z36223364,Department of Housing and Community Affairs,Open,05/07/2019,05/02/2019,05/07/2019,500.00,Guilty,08/27/2019,26-9(c)(3),"Failure to maintain wall, ceiling, floor, interior woodwork, door, and/or windows in sound condition and good repair free of flaking, peeling, or loose paint."
6Z36221261,Department of Housing and Community Affairs,Open,08/31/2108,08/22/2018,08/31/2108,500.00,,,26-9(c)(5),Failure to maintain floor covering in good repair and sanitary condition.
4Z36227146,Department of Housing and Community Affairs,Open,03/24/2020,03/18/2020,03/24/2020,500.00,,,26-9(a)(1),Failure to maintain item/structure in good repair.
5Z36225278,Department of Housing and Community Affairs,Open,11/15/2019,11/05/2019,11/15/2019,500.00,Stet Docket,02/18/2020,26-9(a)(4),Failure to maintain supplied facility in satisfactory working condition.
6Z36227036,Department of Housing and Community Affairs,Open,03/23/2020,03/03/2020,03/23/2020,500.00,,,26-9(c)(5),Failure to maintain floor covering in good repair and sanitary condition.
5Z36221855,Department of Housing and Community Affairs,Open,11/02/2018,10/24/2018,11/02/2018,500.00,Abatement Order entered,02/26/2049,26-9(a)(1),Failure to maintain item/structure in good repair.
2Z36225408,Department of Housing and Community Affairs,Open,11/15/2019,11/05/2019,11/15/2019,500.00,Stet Docket,02/18/2020,26-9(a)(4),Failure to maintain supplied facility in satisfactory working condition.
2Z36224141,Department of Housing and Community Affairs,Open,07/19/2019,07/02/2019,07/19/2019,500.00,Guilty,10/29/2019,26-9(a)(1),Failure to maintain item/structure in good repair.
2Z42126422,Animal Control and Humane Treatment,Open,11/01/2018,10/06/2018,11/01/2018,500.00,Abatement Order entered,02/12/2019,5-203-b-1,Preven the animal(s) from causing loud noises that are persistent enough to disturb another person's quiet enjoyment
4Z36224255,Department of Housing and Community Affairs,Open,07/29/2019,07/16/2019,07/29/2019,500.00,Guilty,01/28/2020,26-9(a)(1),Failure to maintain item/structure in good repair.
4Z42211740,Animal Control and Humane Treatment,Open,12/12/2019,12/04/2019,12/12/2019,100.00,,03/10/2020,5-203-a-9,Obtain and provide proof that an animal is licensed in Montgomery County
3Z36225038,Department of Housing and Community Affairs,Open,11/01/2019,10/22/2019,11/01/2019,500.00,,03/24/2020,26-9(b)(4),"Failure to maintain apron, driveway, sidewalk, walkway, parking lot, and/or patio in good serviceable and safe condition."
6Z36226315,Department of Housing and Community Affairs,Open,12/19/2019,12/06/2019,12/19/2019,500.00,,03/31/2020,26-9(a)(4),Failure to maintain supplied facility in satisfactory working condition.
2Z36224617,Department of Housing and Community Affairs,Open,09/20/2019,09/10/2019,09/20/2019,500.00,,,26-9(a)(13),"Failure to remove, repair, and/or register unused vehicle"
3Z36225129,Department of Housing and Community Affairs,Open,11/11/2019,10/30/2019,11/11/2019,500.00,,03/24/2020,26-8(a)(1),Failure to provide safe and unobstructed means of escape leading to safe and open space ground level.
0Z42209216,Animal Control and Humane Treatment,Open,02/12/2020,02/07/2020,02/12/2020,500.00,,,5-402-C,"An owner must vaccinate a cat, dog, or ferret older than 4 months of age against rabies and provide proof of the most recent vaccination to an animal control officer within 24 hours."
5z40953183,Department of Permitting Services,Open,01/26/2017,01/09/2017,01/26/2017,500.00,Stet Docket,08/21/2018,59-7-4-2(A)1,Allowing the operation of a commerical enterprise without a valid permit
4Z36226726,Department of Housing and Community Affairs,Open,02/07/2020,02/03/2020,02/07/2020,500.00,,,26-9(a)(4),Failure to maintain supplied facility in satisfactory working condition.
4Z39912037,Department of Environmental Protection/Solid Waste,Open,02/03/2020,01/28/2020,02/03/2020,500.00,,,48-19-a-3,A person should not engage in the business of collecting or transporting solid waste in the County without first obtaining a permit (license) from the Director of the Solid Waste Division
4Z36226670,Department of Housing and Community Affairs,Open,01/31/2020,01/22/2020,01/31/2020,500.00,,,26-9(a)(6),Failure to maintain premises in safe and sanitary condition.
4Z41782486,Board of License Commissioners,Open,02/18/2020,12/05/2019,02/18/2020,1000.00,,,24-11-B(1)(i),"Did or did offer to deliver, dispense, issue, give away or sell a tobacco product to a minor"
6Z36225594,Department of Housing and Community Affairs,Open,11/22/2019,11/07/2019,11/22/2019,500.00,,03/24/2020,26-9(a)(1),Failure to maintain item/structure in good repair.
4Z36222113,Department of Housing and Community Affairs,Open,12/11/2018,12/04/2018,12/11/2018,500.00,Guilty,02/26/2019,26-9(a)(13),"Failure to remove, repair, and/or register unused vehicle"
1Z42105260,Animal Control and Humane Treatment,Open,12/01/2019,11/20/2019,12/01/2019,500.00,,03/10/2020,5-203-C,Prevent the animal from having unwanted contact with a person or another domesticated animal at all times.
0Z36224356,Department of Housing and Community Affairs,Open,07/31/2019,07/23/2019,07/31/2019,500.00,Guilty,10/29/2019,26-9(c)(1),"Failure to maintain plumbing fixture in good sanitary working condition free from defects, leaks, and other obstructions."
4Z36224899,Department of Housing and Community Affairs,Open,10/11/2019,10/07/2019,10/11/2019,500.00,Abatement Order entered,02/25/2020,26-9(a)(1),Failure to maintain item/structure in good repair.
3Z42299876,Health and Human Services,Open,11/25/2019,11/18/2019,11/25/2019,500.00,,,15-8-A,Cease the operation of a food service facility or an iterienant food service facility without a valid license from the Health & Human Services director
5Z41782564,Board of License Commissioners,Open,02/18/2020,12/04/2019,02/18/2020,1000.00,,,24-11-B(1)(i),"Did or did offer to deliver, dispense, issue, give away or sell a tobacco product to a minor"
2Z36226360,Department of Housing and Community Affairs,Open,12/19/2019,12/06/2019,12/19/2019,500.00,,03/31/2020,26-6(a),Failure to maintain electrical service in good safe working condition.
2Z41707108,Department of Permitting Services,Open,12/05/2019,11/13/2019,12/05/2019,500.00,,,8-17-e,failure to obtain the final inspection for a mechanical permit
2Z36226696,Department of Housing and Community Affairs,Open,01/31/2020,01/27/2020,01/31/2020,500.00,,,26-9(b)(4),"Failure to maintain apron, driveway, sidewalk, walkway, parking lot, and/or patio in good serviceable and safe condition."
1Z36224917,Department of Housing and Community Affairs,Open,10/23/2019,10/09/2019,10/23/2019,500.00,Abatement Order entered,02/25/2020,26-9(a)(8),"Accumulating garbage or rubbish outside of approved storage container, garage or building."
2Z42316339,False Alarm,Open,11/10/2018,10/22/2018,11/10/2018,500.00,,,3a-4C(2),requesting police dispatch to a burglar alarm activation without providing the required alarm user registration number.
5Z36227126,Department of Housing and Community Affairs,Open,03/24/2020,03/18/2020,03/24/2020,500.00,,,26-6(a),Failure to maintain electrical service in good safe working condition.
2Z42211619,Animal Control and Humane Treatment,Open,06/30/2019,06/04/2019,06/30/2019,100.00,Dismiss without prejudice,09/10/2019,5-203-a-9,Obtain and provide proof that an animal is licensed in Montgomery County
1Z36225666,Department of Housing and Community Affairs,Open,12/05/2019,11/21/2019,12/05/2019,500.00,,,26-9(b)(3),"Failure to maintain exterior surfaces free of flaking, peeling or loose paint and free of water seepage and against decay."
1Z36224847,Department of Housing and Community Affairs,Open,10/11/2019,10/02/2019,10/11/2019,500.00,Dismiss without prejudice,02/25/2020,26-8(a)(1),Failure to provide safe and unobstructed means of escape leading to safe and open space ground level.
0Z36226862,Department of Housing and Community Affairs,Open,03/23/2020,02/13/2020,03/23/2020,500.00,,,26-6(a),Failure to maintain electrical service in good safe working condition.
0Z40952849,Department of Permitting Services,Open,04/01/2018,01/23/2018,04/01/2018,500.00,Abatement Order entered,05/15/2018,19-5-b,"Install interim erosion & sediment control measure to protect stream channels, other properties or the general public from damage that will remain in effect until modifications or revisions to the plan are approved or implemented by the DPS."
5Z36225677,Department of Housing and Community Affairs,Open,12/05/2019,11/21/2019,12/05/2019,500.00,,03/31/2020,26-9(a)(2),"Failure to maintain door, window, and/or hatchway in sound working condition."
1Z36224833,Department of Housing and Community Affairs,Open,10/11/2019,10/02/2019,10/11/2019,500.00,Abatement Order entered,02/25/2020,26-9(a)(1),Failure to maintain item/structure in good repair.
1Z42126043,Animal Control and Humane Treatment,Open,10/31/2019,10/24/2018,10/31/2019,100.00,Abatement Order entered,01/08/2019,5-203-A-1,Prevent the animal other than an altered cat to be at large
4Z36225228,Department of Housing and Community Affairs,Open,11/15/2019,11/05/2019,11/15/2019,500.00,Stet Docket,02/18/2020,26-9(a)(4),Failure to maintain supplied facility in satisfactory working condition.
3Z36226312,Department of Housing and Community Affairs,Open,12/19/2019,12/06/2019,12/19/2019,500.00,,03/31/2020,26-9(a)(12),Failure to eliminate public nuisance.
3Z36226578,Department of Housing and Community Affairs,Open,01/16/2020,01/07/2020,01/16/2020,500.00,,,26-7(c)(2),Failure to provide screens.
5Z36226741,Department of Housing and Community Affairs,Open,02/07/2020,02/03/2020,02/07/2020,500.00,,,26-9(a)(2),"Failure to maintain door, window, and/or hatchway in sound working condition."
0Z36224419,Department of Housing and Community Affairs,Open,08/14/2019,08/07/2019,08/14/2019,500.00,Abatement Order entered,12/17/2019,26-9(a)(1),Failure to maintain item/structure in good repair.
1Z36226576,Department of Housing and Community Affairs,Open,01/16/2020,01/07/2020,01/16/2020,500.00,,,26-9(a)(1),Failure to maintain item/structure in good repair.
5Z36226398,Department of Housing and Community Affairs,Open,12/19/2019,12/10/2019,12/19/2019,500.00,,,26-9(a)(1),Failure to maintain item/structure in good repair.
5Z36225187,Department of Housing and Community Affairs,Open,11/15/2019,11/05/2019,11/15/2019,500.00,Stet Docket,02/18/2020,26-9(a)(4),Failure to maintain supplied facility in satisfactory working condition.
0Z40850908,Washington Metro. and Transit Auth. Police,Open,12/02/2019,12/20/2019,12/02/2019,50.00,,02/11/2020,54-A-2-9,Cease entering or leaving a fare-paid area of a rail transport station without paying the fare or presenting a valid transfer
5Z36225089,Department of Housing and Community Affairs,Open,11/01/2019,10/29/2019,11/01/2019,500.00,,03/24/2020,26-9(a)(8),"Accumulating garbage or rubbish outside of approved storage container, garage or building."
5Z39889890,Department of Environmental Protection,Open,05/27/2018,05/17/2018,05/27/2018,500.00,Abatement Order entered,08/21/2018,31-B-5-b,Cease creating a noise disturbance by allowing amplified music to be played for several hours
3Z36220957,Department of Housing and Community Affairs,Open,07/18/2018,07/12/2018,07/18/2018,500.00,Motion to vacate,02/19/2019,26-9(b)(5),"Failure to maintain grounds: free of erosion or gullying; grass or weeds over 12 inches high; and/or shrubbery, trees, vines, hedges, and other vegetation, including dead trees and branches."
3Z36225192,Department of Housing and Community Affairs,Open,11/15/2019,11/05/2019,11/15/2019,500.00,Stet Docket,02/18/2020,26-9(a)(4),Failure to maintain supplied facility in satisfactory working condition.
6Z41767893,Animal Control and Humane Treatment,Open,01/28/2020,01/24/2020,01/28/2020,100.00,,,5-203-a-9,Obtain and provide proof that an animal is licensed in Montgomery County
5Z36224193,Department of Housing and Community Affairs,Open,07/19/2019,07/09/2019,07/19/2019,500.00,Guilty,10/29/2019,26-9(a)(1),Failure to maintain item/structure in good repair.
6Z42125887,Animal Control and Humane Treatment,Open,06/14/2018,05/22/2018,06/14/2018,500.00,Abatement Order entered,08/14/2018,5-203-C,Prevent the animal from having unwanted contact with a person or another domesticated animal at all times.
5Z36225124,Department of Housing and Community Affairs,Open,11/11/2019,10/30/2019,11/11/2019,500.00,,03/24/2020,26-8(a)(1),Failure to provide safe and unobstructed means of escape leading to safe and open space ground level.
1Z36227024,Department of Housing and Community Affairs,Open,03/24/2020,03/03/2020,03/24/2020,500.00,,,26-9(b)(3),"Failure to maintain exterior surfaces free of flaking, peeling or loose paint and free of water seepage and against decay."
4Z36222022,Department of Housing and Community Affairs,Open,11/27/2018,11/14/2018,11/27/2018,500.00,Abatement Order entered,01/29/2019,26-9(b)(2),"Failure to maintain item in reasonable weather-tight, water-tight, and rodent proof manner."
1Z36226527,Department of Housing and Community Affairs,Open,12/30/2019,12/23/2019,12/30/2019,1000.00,,,29-51(j),Failure to Report Rental Status of Each Unit in Rental Survey
6Z41706706,Department of Permitting Services,Open,04/19/2018,03/27/2018,04/19/2018,500.00,CC Appeal,01/30/2019,17-2,REMOVAL OF A TREE WITHOUT A VILLAGE PERMIT
5Z36222485,Department of Housing and Community Affairs,Open,02/06/2019,01/18/2019,02/06/2019,500.00,Guilty,04/23/2019,26-9(a)(1),Failure to maintain item/structure in good repair.
1Z36225190,Department of Housing and Community Affairs,Open,11/15/2019,11/05/2019,11/15/2019,500.00,Stet Docket,02/18/2020,26-9(a)(4),Failure to maintain supplied facility in satisfactory working condition.
2Z40851981,Washington Metro. and Transit Auth. Police,Open,01/29/2020,12/23/2019,01/29/2020,50.00,,,54-A-2-9,Cease entering or leaving a fare-paid area of a rail transport station without paying the fare or presenting a valid transfer
6Z42126090,Animal Control and Humane Treatment,Open,12/30/2019,12/18/2019,12/30/2019,500.00,,03/10/2020,5-402-C,Possessing unvaccinated dog
5Z36222387,Department of Housing and Community Affairs,Open,01/11/2019,01/09/2019,01/11/2019,500.00,Guilty,02/26/2019,26-9(a)(8),"Accumulating garbage or rubbish outside of approved storage container, garage or building."
2Z36226766,Department of Housing and Community Affairs,Open,02/07/2020,02/03/2020,02/07/2020,500.00,,,26-9(c)(1),"Failure to maintain plumbing fixture in good sanitary working condition free from defects, leaks, and other obstructions."
1Z36226786,Department of Housing and Community Affairs,Open,02/07/2020,02/03/2020,02/07/2020,500.00,,,26-9(a)(1),Failure to maintain item/structure in good repair.
0Z36223166,Department of Housing and Community Affairs,Open,04/19/2019,04/10/2019,04/19/2019,500.00,Abatement Order entered,10/22/2019,26-9(a)(1),Failure to maintain item/structure in good repair.
2Z36221593,Department of Housing and Community Affairs,Open,10/12/2018,10/02/2018,10/12/2018,500.00,Abatement Order entered,03/26/2019,26-9(b)(4),"Failure to maintain apron, driveway, sidewalk, walkway, parking lot, and/or patio in good serviceable and safe condition."
0Z36225189,Department of Housing and Community Affairs,Open,11/15/2019,11/05/2019,11/15/2019,500.00,Stet Docket,02/18/2020,26-9(a)(4),Failure to maintain supplied facility in satisfactory working condition.
5Z36225362,Department of Housing and Community Affairs,Open,11/15/2019,11/05/2019,11/15/2019,500.00,Stet Docket,02/18/2020,26-9(a)(4),Failure to maintain supplied facility in satisfactory working condition.
1Z36221823,Department of Housing and Community Affairs,Open,10/26/2018,10/18/2018,10/26/2018,500.00,Abatement Order entered,02/26/2019,26-9(a)(13),"Failure to remove, repair, and/or register unused vehicle"
5Z40850836,Washington Metro. and Transit Auth. Police,Open,03/03/2020,02/25/2020,03/03/2020,50.00,,,54-A-2-9,Cease entering or leaving a fare-paid area of a rail transport station without paying the fare or presenting a valid transfer
1Z36221998,Department of Housing and Community Affairs,Open,11/27/2018,11/07/2018,11/27/2018,500.00,Abatement Order entered,05/28/2019,26-9(a)(8),"Accumulating garbage or rubbish outside of approved storage container, garage or building."
3Z36225171,Department of Housing and Community Affairs,Open,11/15/2019,11/04/2019,11/15/2019,500.00,,03/24/2020,26-13(c)(3),Occupying or allowing the occupancy of a condemned dwelling/structure.
2Z42316332,False Alarm,Open,11/10/2018,10/22/2018,11/10/2018,500.00,,,3a-4C(2),requesting police dispatch to a burglar alarm activation without providing the required alarm user registration number.
6Z36226364,Department of Housing and Community Affairs,Open,12/19/2019,12/06/2019,12/19/2019,500.00,,03/31/2020,26-9(a)(4),Failure to maintain supplied facility in satisfactory working condition.
2Z39896446,Animal Control and Humane Treatment,Open,12/31/2017,12/12/2017,12/31/2017,100.00,Stet Docket,05/08/2018,5-203-A-6,Prevent the animal from creating or causing noise that is loud and persistent enough to disturb another person's quiet enjoyment.
3Z39909558,Department of Environmental Protection/Solid Waste,Open,02/12/2020,01/31/2020,02/12/2020,500.00,,,48-20-a,Obtain a collector's/haulers valid tag for the vehicle before transporting or collecting solid waste within Montgomery County
0Z36223579,Department of Housing and Community Affairs,Open,06/03/2019,05/21/2019,06/03/2019,500.00,Abatement Order entered,10/22/2019,26-13(c)(3),Occupying or allowing the occupancy of a condemned dwelling/structure.
0Z41782461,Board of License Commissioners,Open,11/30/2018,11/13/2018,11/30/2018,1000.00,Paid and Satisfied,,24-11-B(1)(i),"Did or did offer to deliver, dispense, issue, give away or sell a tobacco product to a minor"
1Z36226681,Department of Housing and Community Affairs,Open,01/31/2020,01/27/2020,01/31/2020,500.00,,,26-9(b)(5),"Failure to maintain grounds: free of erosion or gullying; grass or weeds over 12 inches high; and/or shrubbery, trees, vines, hedges, and other vegetation, including dead trees and branches."
2Z36224253,Department of Housing and Community Affairs,Open,07/29/2019,07/16/2019,07/29/2019,500.00,Guilty,01/28/2020,26-9(a)(1),Failure to maintain item/structure in good repair.
3Z36221223,Department of Housing and Community Affairs,Open,08/24/2018,08/16/2018,08/24/2018,500.00,Abatement Order entered,10/30/2018,26-9(b)(2),"Failure to maintain item in reasonable weather-tight, water-tight, and rodent proof manner."
2Z36222475,Department of Housing and Community Affairs,Open,02/06/2019,01/18/2019,02/06/2019,500.00,Guilty,04/23/2019,26-6(a),Failure to maintain electrical service in good safe working condition.
2Z36224169,Department of Housing and Community Affairs,Open,07/11/2019,07/03/2019,07/11/2019,500.00,Guilty,10/29/2019,26-9(b)(3),"Failure to maintain exterior surfaces free of flaking, peeling or loose paint and free of water seepage and against decay."
2Z41767896,Animal Control and Humane Treatment,Open,01/28/2020,01/25/2020,01/28/2020,500.00,,,5-402-C,"An owner must vaccinate a cat, dog, or ferret older than 4 months of age against rabies and provide proof of the most recent vaccination to an animal control officer within 24 hours."
0Z36221297,Department of Housing and Community Affairs,Open,08/31/2108,08/23/2018,08/31/2108,500.00,Continued,11/27/2018,26-9(b)(3),"Failure to maintain exterior surfaces free of flaking, peeling or loose paint and free of water seepage and against decay."
2Z36225569,Department of Housing and Community Affairs,Open,11/15/2019,11/05/2019,11/15/2019,500.00,Stet Docket,02/18/2020,26-9(a)(4),Failure to maintain supplied facility in satisfactory working condition.
2Z36225114,Department of Housing and Community Affairs,Open,11/11/2019,10/30/2019,11/11/2019,500.00,,03/24/2020,26-8(b)(1),Failure to provide working smoke detector.
3Z36227110,Department of Housing and Community Affairs,Open,03/23/2020,03/12/2020,03/23/2020,500.00,,,26-9(a)(8),"Accumulating garbage or rubbish outside of approved storage container, garage or building."
6Z41707063,Department of Permitting Services,Open,07/12/2019,07/22/2019,07/12/2019,1000.00,Abatement Order entered,01/21/2020,19-7,Comply with the conditions of the sediment control permit and the Notices of Violation
3Z36225381,Department of Housing and Community Affairs,Open,11/15/2019,11/05/2019,11/15/2019,500.00,Stet Docket,02/18/2020,26-9(a)(4),Failure to maintain supplied facility in satisfactory working condition.
3Z36218913,Department of Housing and Community Affairs,Open,08/24/2017,08/21/2017,08/24/2017,500.00,Continued,01/28/2020,26-14(a),"Failure to demolish, remove or repair a condemned structure"
2Z42201546,Taxicab,Open,04/30/2019,04/10/2019,04/30/2019,100.00,Default Judgment,08/13/2019,53-236-d,Provide the required 6 month mechanical inspection for the taxicab
6Z36225335,Department of Housing and Community Affairs,Open,11/15/2019,11/05/2019,11/15/2019,500.00,Stet Docket,02/18/2020,26-9(a)(4),Failure to maintain supplied facility in satisfactory working condition.
1Z36222488,Department of Housing and Community Affairs,Open,02/06/2019,01/18/2019,02/06/2019,500.00,Guilty,04/23/2019,26-9(a)(2),"Failure to maintain door, window, and/or hatchway in sound working condition."
5Z36224704,Department of Housing and Community Affairs,Open,09/30/2019,09/19/2019,09/30/2019,500.00,Continued,01/28/2020,26-9(b)(5),"Failure to maintain grounds: free of erosion or gullying; grass or weeds over 12 inches high; and/or shrubbery, trees, vines, hedges, and other vegetation, including dead trees and branches."
0Z41767838,Animal Control and Humane Treatment,Open,03/26/2020,03/12/2020,03/26/2020,100.00,,,5-203-A-1,Prevent the animal other than an altered cat to be at large
2Z36220305,Department of Housing and Community Affairs,Open,05/04/2018,04/25/2018,05/04/2018,500.00,Abatement Order entered,08/28/2018,26-9(a)(8),"Accumulating garbage or rubbish outside of approved storage container, garage or building."
0Z36225175,Department of Housing and Community Affairs,Open,11/15/2019,11/04/2019,11/15/2019,500.00,,03/24/2020,26-9(a)(6),Failure to maintain premises in safe and sanitary condition.
1Z36226457,Department of Housing and Community Affairs,Open,12/19/2019,12/12/2019,12/19/2019,500.00,,,26-9(a)(13),"Failure to remove, repair, and/or register unused vehicle"
1Z36220710,Department of Housing and Community Affairs,Open,07/18/2018,06/12/2018,07/18/2018,500.00,Guilty,02/26/2019,26-9(a)(1),Failure to maintain item/structure in good repair.
3Z36223841,Department of Housing and Community Affairs,Open,06/28/2019,06/10/2019,06/28/2019,500.00,Abatement Order entered,10/15/2019,29-16(a),Operating a rental facility without first obtaining a rental facility license.
4Z36224157,Department of Housing and Community Affairs,Open,07/19/2019,07/02/2019,07/19/2019,500.00,Guilty,10/29/2019,26-9(c)(5),Failure to maintain floor covering in good repair and sanitary condition.
0Z36222382,Department of Housing and Community Affairs,Open,01/11/2019,01/09/2019,01/11/2019,500.00,Abatement Order entered,05/28/2019,26-9(a)(1),Failure to maintain item/structure in good repair.
5Z36225208,Department of Housing and Community Affairs,Open,11/15/2019,11/05/2019,11/15/2019,500.00,Stet Docket,02/18/2020,26-9(a)(4),Failure to maintain supplied facility in satisfactory working condition.
1Z42209217,Animal Control and Humane Treatment,Open,02/12/2020,02/07/2020,02/12/2020,100.00,,,5-203-a-9,Obtain and provide proof that an animal is licensed in Montgomery County
6Z36225041,Department of Housing and Community Affairs,Open,11/01/2019,10/22/2019,11/01/2019,500.00,,03/24/2020,26-9(a)(4),Failure to maintain supplied facility in satisfactory working condition.
0Z36225273,Department of Housing and Community Affairs,Open,11/15/2019,11/05/2019,11/15/2019,500.00,Stet Docket,02/18/2020,26-9(a)(4),Failure to maintain supplied facility in satisfactory working condition.
2Z42126030,Animal Control and Humane Treatment,Open,09/25/2018,09/22/2018,09/25/2018,100.00,Abatement Order entered,11/13/2018,5-203-A-1,Prevent the animal other than an altered cat to be at large
2Z36224659,Department of Housing and Community Affairs,Open,09/20/2019,09/17/2019,09/20/2019,500.00,,,26-9(b)(4),"Failure to maintain apron, driveway, sidewalk, walkway, parking lot, and/or patio in good serviceable and safe condition."
0Z40850369,Washington Metro. and Transit Auth. Police,Open,02/12/2020,01/31/2020,02/12/2020,50.00,,,54-A-2-9,Cease entering or leaving a fare-paid area of a rail transport station without paying the fare or presenting a valid transfer
2Z42316325,False Alarm,Open,11/10/2018,10/22/2018,11/10/2018,500.00,,,3a-4C(2),requesting police dispatch to a burglar alarm activation without providing the required alarm user registration number.
2Z36222804,Department of Housing and Community Affairs,Open,03/18/2019,03/07/2019,03/18/2019,500.00,Abatement Order entered,06/25/2019,26-9(a)(8),"Accumulating garbage or rubbish outside of approved storage container, garage or building."
6Z36221842,Department of Housing and Community Affairs,Open,11/02/2018,10/24/2018,11/02/2018,500.00,Abatement Order entered,02/26/2019,26-9(a)(2),"Failure to maintain door, window, and/or hatchway in sound working condition."
4Z36221336,Department of Housing and Community Affairs,Open,09/07/2018,08/30/2018,09/07/2018,500.00,Abatement Order entered,11/27/2018,26-9(b)(3),"Failure to maintain exterior surfaces free of flaking, peeling or loose paint and free of water seepage and against decay."
4Z41707390,Department of Permitting Services,Open,11/11/2019,10/15/2019,11/11/2019,500.00,,,8-24-a,Comply with the NOV requiring permits and inspections for large additions to the home
2Z36226346,Department of Housing and Community Affairs,Open,12/19/2019,12/06/2019,12/19/2019,500.00,,03/31/2020,26-9(a)(12),Failure to eliminate public nuisance.
4Z36218928,Department of Housing and Community Affairs,Open,08/24/2017,08/21/2017,08/24/2017,500.00,Continued,01/28/2020,26-9(a)(1),Failure to maintain item/structure in good repair.
6Z39911920,Department of Environmental Protection/Solid Waste,Open,07/31/2019,07/26/2019,07/31/2019,500.00,,10/08/2019,48-20-a,Obtain a collector's/haulers valid tag for the vehicle before transporting or collecting solid waste within Montgomery County
2Z36227144,Department of Housing and Community Affairs,Open,03/24/2020,03/18/2020,03/24/2020,500.00,,,26-9(a)(2),"Failure to maintain door, window, and/or hatchway in sound working condition."
2Z36222020,Department of Housing and Community Affairs,Open,11/27/2018,11/14/2018,11/27/2018,500.00,Abatement Order entered,01/29/2019,26-9(a)(8),"Accumulating garbage or rubbish outside of approved storage container, garage or building."
5Z36226314,Department of Housing and Community Affairs,Open,12/19/2019,12/06/2019,12/19/2019,500.00,,03/31/2020,26-9(a)(1),Failure to maintain item/structure in good repair.
0Z36226064,Department of Housing and Community Affairs,Open,12/19/2019,11/29/2019,12/19/2019,500.00,,,26-9(a)(1),Failure to maintain item/structure in good repair.
3Z36219977,Department of Housing and Community Affairs,Open,03/26/2018,02/28/2018,03/26/2018,500.00,Abatement Order entered,,26-9(a)(1),Failure to maintain item/structure in good repair.
5Z36223801,Department of Housing and Community Affairs,Open,06/14/2019,06/06/2019,06/14/2019,500.00,Dismiss without prejudice,10/15/2019,29-16(a),Operating a rental facility without first obtaining a rental facility license.
6Z36218923,Department of Housing and Community Affairs,Open,08/24/2017,08/21/2017,08/24/2017,500.00,Continued,01/28/2020,26-9(a)(1),Failure to maintain item/structure in good repair.
5Z36224480,Department of Housing and Community Affairs,Open,08/23/2019,08/20/2019,08/23/2019,500.00,Guilty,12/17/2019,26-9(b)(4),"Failure to maintain apron, driveway, sidewalk, walkway, parking lot, and/or patio in good serviceable and safe condition."
0Z36221997,Department of Housing and Community Affairs,Open,11/27/2018,11/07/2018,11/27/2018,500.00,Abatement Order entered,05/28/2019,26-9(a)(13),"Failure to remove, repair, and/or register unused vehicle"
0Z36226288,Department of Housing and Community Affairs,Open,12/19/2019,12/06/2019,12/19/2019,500.00,,03/31/2020,26-9(c)(1),"Failure to maintain plumbing fixture in good sanitary working condition free from defects, leaks, and other obstructions."
5Z36220511,Department of Housing and Community Affairs,Open,06/01/2018,05/24/2018,06/01/2018,500.00,Abatement Order entered,07/31/2018,26-9(a)(8),"Accumulating garbage or rubbish outside of approved storage container, garage or building."
1Z42126274,Animal Control and Humane Treatment,Open,11/30/2018,11/13/2018,11/30/2018,500.00,Guilty,02/12/2019,5-203-C,Prevent the animal from having unwanted contact with a person or another domesticated animal at all times.
1Z36222474,Department of Housing and Community Affairs,Open,02/06/2019,01/18/2019,02/06/2019,500.00,Guilty,04/23/2019,26-9(a)(4),Failure to maintain supplied facility in satisfactory working condition.
1Z36226625,Department of Housing and Community Affairs,Open,01/16/2020,01/13/2020,01/16/2020,500.00,,,26-9(a)(2),"Failure to maintain door, window, and/or hatchway in sound working condition."
2Z36225240,Department of Housing and Community Affairs,Open,11/15/2019,11/05/2019,11/15/2019,500.00,Stet Docket,02/18/2020,26-9(a)(4),Failure to maintain supplied facility in satisfactory working condition.
2Z39896418,Animal Control and Humane Treatment,Open,05/11/2018,04/30/2018,05/11/2018,500.00,Default Judgment,07/10/2018,5-203-C,Prevent the animal from having unwanted contact with a person or another domesticated animal at all times.
2Z40616004,Washington Metro. and Transit Auth. Police,Open,03/27/2020,03/13/2020,03/27/2020,50.00,,,54-A-2-9,Cease entering or leaving a fare-paid area of a rail transport station without paying the fare or presenting a valid transfer
0Z36225049,Department of Housing and Community Affairs,Open,11/01/2019,10/24/2019,11/01/2019,500.00,,03/24/2020,26-9(a)(1),Failure to maintain item/structure in good repair.
0Z36226386,Department of Housing and Community Affairs,Open,12/19/2019,12/10/2019,12/19/2019,100.00,,,26-9(a)(13),"Failure to remove, repair, and/or register unused vehicle"
5Z36226321,Department of Housing and Community Affairs,Open,12/19/2019,12/06/2019,12/19/2019,500.00,,03/31/2020,26-9(a)(1),Failure to maintain item/structure in good repair.
5Z36226356,Department of Housing and Community Affairs,Open,12/19/2019,12/06/2019,12/19/2019,500.00,,03/31/2020,26-9(a)(12),Failure to eliminate public nuisance.
3Z36225045,Department of Housing and Community Affairs,Open,11/01/2019,10/23/2019,11/01/2019,500.00,,03/24/2020,26-9(a)(8),"Accumulating garbage or rubbish outside of approved storage container, garage or building."
2Z40856104,Washington Metro. and Transit Auth. Police,Open,01/15/2020,01/04/2020,01/15/2020,50.00,,03/10/2020,54-A-2-9,Cease entering or leaving a fare-paid area of a rail transport station without paying the fare or presenting a valid transfer
1Z36224084,Department of Housing and Community Affairs,Open,07/11/2019,06/27/2019,07/11/2019,30.00,,10/22/2019,26-9(a)(9),"Failure to exterminate insects, rodents, or other vermin."
4Z36221210,Department of Housing and Community Affairs,Open,08/24/2018,08/16/2018,08/24/2018,500.00,Abatement Order entered,11/27/2018,26-9(a)(1),Failure to maintain item/structure in good repair.
6Z36227050,Department of Housing and Community Affairs,Open,03/23/2020,03/06/2020,03/23/2020,500.00,,,26-9(a)(8),"Accumulating garbage or rubbish outside of approved storage container, garage or building."
3Z42126024,Animal Control and Humane Treatment,Open,05/31/2019,05/03/2019,05/31/2019,500.00,Abatement Order entered,11/12/2019,5-402-C,"An owner must vaccinate a cat, dog, or ferret older than 4 months of age against rabies and provide proof of the most recent vaccination to an animal control officer within 24 hours."
1Z36223132,Department of Housing and Community Affairs,Open,04/19/2019,04/03/2019,04/19/2019,500.00,Continued,01/28/2020,26-9(a)(13),"Failure to remove, repair, and/or register unused vehicle"
1Z41707604,Department of Permitting Services,Open,01/21/2020,01/27/2020,01/21/2020,500.00,,,59-3-1-6,Allowing the use of a residentially zoned lot as a staging and commerical storage lot
3Z36225591,Department of Housing and Community Affairs,Open,12/05/2019,11/07/2019,12/05/2019,500.00,,03/31/2020,26-9(b)(5),"Failure to maintain grounds: free of erosion or gullying; grass or weeds over 12 inches high; and/or shrubbery, trees, vines, hedges, and other vegetation, including dead trees and branches."
5Z36224361,Department of Housing and Community Affairs,Open,07/31/2019,07/23/2019,07/31/2019,500.00,Dismiss without prejudice,10/29/2019,26-9(a)(1),Failure to maintain item/structure in good repair.
4Z42126263,Animal Control and Humane Treatment,Open,11/15/2018,09/05/2018,11/15/2018,100.00,Abatement Order entered,04/09/2019,5-203-a-5,"Prevent an animal from causing unsanitary, dangerous, or offensive conditions because of the size or number of the animals in a single location"
6Z42207360,Animal Control and Humane Treatment,Open,02/20/2020,02/13/2020,02/20/2020,500.00,,,5-402-C,"An owner must vaccinate a cat, dog, or ferret older than 4 months of age against rabies and provide proof of the most recent vaccination to an animal control officer within 24 hours."
4Z36225305,Department of Housing and Community Affairs,Open,11/15/2019,11/05/2019,11/15/2019,500.00,Stet Docket,02/18/2020,26-9(a)(4),Failure to maintain supplied facility in satisfactory working condition.
2Z36226892,Department of Housing and Community Affairs,Open,01/21/2020,02/14/2020,01/21/2020,500.00,,,26-9(a)(2),"Failure to maintain door, window, and/or hatchway in sound working condition."
5Z36224858,Department of Housing and Community Affairs,Open,10/11/2019,10/02/2019,10/11/2019,500.00,Dismiss without prejudice,02/25/2020,26-9(a)(4),Failure to maintain supplied facility in satisfactory working condition.
3Z36225521,Department of Housing and Community Affairs,Open,11/15/2019,11/05/2019,11/15/2019,500.00,Stet Docket,02/18/2020,26-9(a)(4),Failure to maintain supplied facility in satisfactory working condition.
0Z40614987,Washington Metro. and Transit Auth. Police,Open,12/17/2019,12/11/2019,12/17/2019,100.00,,,5-601,Possession of marijuana less than 10 grams
1Z36221431,Department of Housing and Community Affairs,Open,09/21/2018,09/13/2018,09/21/2018,500.00,Abatement Order entered,01/29/2019,26-9(a)(8),"Accumulating garbage or rubbish outside of approved storage container, garage or building."
4Z36227069,Department of Housing and Community Affairs,Open,03/23/2020,03/10/2020,03/23/2020,500.00,,,26-9(c)(3),"Failure to maintain wall, ceiling, floor, interior woodwork, door, and/or windows in sound condition and good repair free of flaking, peeling, or loose paint."
6Z36226287,Department of Housing and Community Affairs,Open,12/19/2019,12/06/2019,12/19/2019,500.00,,03/31/2020,26-6(a),Failure to maintain electrical service in good safe working condition.
4Z36221735,Department of Housing and Community Affairs,Open,10/23/2018,10/11/2018,10/23/2018,500.00,Guilty,06/18/2019,29-16(a),Operating a rental facility without first obtaining a rental facility license.
1Z42209119,Animal Control and Humane Treatment,Open,10/28/2019,10/22/2019,10/28/2019,500.00,,02/11/2020,5-402-C,Possessing unvaccinated dog
5Z42126047,Animal Control and Humane Treatment,Open,02/01/2019,01/23/2019,02/01/2019,500.00,Default Judgment,08/13/2019,5-203-a-5,"Prevent an animal from causing unsanitary, dangerous, or offensive conditions because of the size or number of the animals in a single location"
3Z36220761,Department of Housing and Community Affairs,Open,06/22/2018,06/18/2018,06/22/2018,500.00,Abatement Order entered,08/28/2018,26-9(b)(3),"Failure to maintain exterior surfaces free of flaking, peeling or loose paint and free of water seepage and against decay."
4Z42209241,Animal Control and Humane Treatment,Open,02/21/2020,02/16/2020,02/21/2020,100.00,,,5-303-d-1,failing to neuter his dog within 30 days of the second impoundment (in ASD custody).
4Z36225459,Department of Housing and Community Affairs,Open,11/15/2019,11/05/2019,11/15/2019,500.00,Stet Docket,02/18/2020,26-9(a)(4),Failure to maintain supplied facility in satisfactory working condition.
2Z36220711,Department of Housing and Community Affairs,Open,07/18/2018,06/12/2018,07/18/2018,500.00,Guilty,02/26/2019,26-9(a)(12),Failure to eliminate public nuisance.
1Z417825553,Board of License Commissioners,Open,06/30/2019,06/26/2019,06/30/2019,200.00,,,24-11-B(1)(i),"Did or did offer to deliver, dispense, issue, give away or sell a tobacco product to a minor"
1Z36224378,Department of Housing and Community Affairs,Open,08/09/2019,08/01/2019,08/09/2019,500.00,Guilty,12/17/2019,26-9(b)(5),"Failure to maintain grounds: free of erosion or gullying; grass or weeds over 12 inches high; and/or shrubbery, trees, vines, hedges, and other vegetation, including dead trees and branches."
6Z36225048,Department of Housing and Community Affairs,Open,11/01/2019,10/24/2019,11/01/2019,500.00,,03/24/2020,26-9(a)(13),"Failure to remove, repair, and/or register unused vehicle"
5Z36224081,Department of Housing and Community Affairs,Open,07/11/2019,06/27/2019,07/11/2019,30.00,,10/22/2019,26-9(a)(9),"Failure to exterminate insects, rodents, or other vermin."
5Z41707139,Department of Permitting Services,Open,09/30/2019,08/30/2019,09/30/2019,500.00,Abatement Order entered,01/21/2020,8-24-a,Comply with the NOV requiring permits and inspections for large additions to the home
2Z42209155,Animal Control and Humane Treatment,Open,10/02/2019,10/01/2019,10/02/2019,500.00,Abatement Order entered,02/11/2020,5-201-b,Provide shade and shelterfor an animal on a 90 degrees day.
1Z36220703,Department of Housing and Community Affairs,Open,07/18/2018,06/12/2018,07/18/2018,500.00,Guilty,02/26/2019,26-6(a),Failure to maintain electrical service in good safe working condition.
4Z40616076,Washington Metro. and Transit Auth. Police,Open,11/25/2019,11/07/2019,11/25/2019,50.00,,02/11/2020,54-A-2-9,Cease entering or leaving a fare-paid area of a rail transport station without paying the fare or presenting a valid transfer
6Z39896345,Animal Control and Humane Treatment,Open,03/17/2018,01/24/2018,03/17/2018,500.00,Stet Docket,05/08/2018,5-203-C,Prevent the animal from having unwanted contact with a person or another domesticated animal at all times.
5Z36226566,Department of Housing and Community Affairs,Open,01/16/2020,01/06/2020,01/16/2020,500.00,,,26-9(b)(3),"Failure to maintain exterior surfaces free of flaking, peeling or loose paint and free of water seepage and against decay."
3Z36226928,Department of Housing and Community Affairs,Open,03/03/2020,02/20/2020,03/03/2020,500.00,,,26-9(a)(8),"Accumulating garbage or rubbish outside of approved storage container, garage or building."
5Z39905675,Animal Control and Humane Treatment,Open,03/03/2020,03/20/2020,03/03/2020,500.00,,,5-203-a-10,Neglect of a brown male Cocker Spaniel type dog resulting in it being caused to endure unneccessary pain and suffering
3Z36226788,Department of Housing and Community Affairs,Open,02/07/2020,02/03/2020,02/07/2020,500.00,,,26-9(a)(2),"Failure to maintain door, window, and/or hatchway in sound working condition."
5Z36222023,Department of Housing and Community Affairs,Open,11/27/2018,11/14/2018,11/27/2018,500.00,Abatement Order entered,01/29/2019,26-9(b)(3),"Failure to maintain exterior surfaces free of flaking, peeling or loose paint and free of water seepage and against decay."
6Z36226714,Department of Housing and Community Affairs,Open,02/14/2020,01/29/2020,02/14/2020,500.00,,,26-9(a)(4),Failure to maintain supplied facility in satisfactory working condition.
4Z39893389,Department of Environmental Protection-Solid Waste,Open,01/31/2019,01/25/2019,01/31/2019,500.00,Default Judgment,04/16/2019,48-21-B,Cease the collection of solid waste within Montgomery County before the hours of 7:00 am and less than 500 feet of a residential or occupied structure
4Z39889476,Department of Environmental Protection,Open,07/21/2018,07/11/2018,07/21/2018,500.00,Default Judgment,09/18/2018,48-10,Cease depositing solid waste on a public or private property without written permission from the owner
3Z42316844,False Alarm,Open,07/29/2019,06/24/2019,07/29/2019,500.00,,10/15/2019,3a-4C(2),requesting police dispatch to a burglar alarm activation without providing the required alarm user registration number.
5Z36225390,Department of Housing and Community Affairs,Open,11/15/2019,11/05/2019,11/15/2019,500.00,Stet Docket,02/18/2020,26-9(a)(4),Failure to maintain supplied facility in satisfactory working condition.
6Z36226434,Department of Housing and Community Affairs,Open,12/19/2019,12/12/2019,12/19/2019,500.00,,,26-9(a)(1),Failure to maintain item/structure in good repair.
2Z36226780,Department of Housing and Community Affairs,Open,02/07/2020,02/03/2020,02/07/2020,500.00,,,26-9(a)(1),Failure to maintain item/structure in good repair.
1Z42211653,Animal Control and Humane Treatment,Open,07/04/2019,07/02/2019,07/04/2019,100.00,,10/08/2019,5-203-a-3,Prevent an animal from entering a private property without the property owners's permission
0Z36225539,Department of Housing and Community Affairs,Open,11/15/2019,11/05/2019,11/15/2019,500.00,Stet Docket,02/18/2020,26-9(a)(4),Failure to maintain supplied facility in satisfactory working condition.
2Z42211731,Animal Control and Humane Treatment,Open,09/30/2019,09/12/2019,09/30/2019,500.00,Dismiss without prejudice,12/10/2019,5-305-b,violating an Order issued by the Animal Hearings Board
1Z36220990,Department of Housing and Community Affairs,Open,07/20/2018,07/16/2018,07/20/2018,500.00,Motion to vacate,02/19/2019,26-9(a)(1),Failure to maintain item/structure in good repair.
4Z36225186,Department of Housing and Community Affairs,Open,11/15/2019,11/05/2019,11/15/2019,500.00,Stet Docket,02/18/2020,26-9(a)(4),Failure to maintain supplied facility in satisfactory working condition.
5Z36227154,Department of Housing and Community Affairs,Open,03/24/2020,03/18/2020,03/24/2020,500.00,,,26-9(a)(12),Failure to eliminate public nuisance.
5Z36225271,Department of Housing and Community Affairs,Open,11/15/2019,11/05/2019,11/15/2019,500.00,Stet Docket,02/18/2020,26-9(a)(4),Failure to maintain supplied facility in satisfactory working condition.
5Z42118130,Police Department,Open,01/31/2019,11/15/2018,01/31/2019,500.00,Guilty,04/09/2019,47-5-a-2,Provide a current vendors license to sell merchandise to a resident of Montgomery County
2Z36225254,Department of Housing and Community Affairs,Open,11/15/2019,11/05/2019,11/15/2019,500.00,Stet Docket,02/18/2020,26-9(a)(4),Failure to maintain supplied facility in satisfactory working condition.
3Z36222112,Department of Housing and Community Affairs,Open,12/11/2018,12/04/2018,12/11/2018,500.00,Guilty,02/26/2019,26-9(b)(3),"Failure to maintain exterior surfaces free of flaking, peeling or loose paint and free of water seepage and against decay."
6Z36226399,Department of Housing and Community Affairs,Open,12/19/2019,12/10/2019,12/19/2019,500.00,,,26-13(c)(3),Occupying or allowing the occupancy of a condemned dwelling/structure.
4Z36224626,Department of Housing and Community Affairs,Open,09/17/2019,09/10/2019,09/17/2019,500.00,Guilty,12/17/2019,26-9(b)(3),"Failure to maintain exterior surfaces free of flaking, peeling or loose paint and free of water seepage and against decay."
0Z36224748,Department of Housing and Community Affairs,Open,09/30/2019,09/23/2019,09/30/2019,500.00,Abatement Order entered,01/28/2020,26-9(a)(13),"Failure to remove, repair, and/or register unused vehicle"
2Z36226521,Department of Housing and Community Affairs,Open,12/30/2019,12/20/2019,12/30/2019,500.00,,,26-9(b)(3),"Failure to maintain exterior surfaces free of flaking, peeling or loose paint and free of water seepage and against decay."
0Z36222571,Department of Housing and Community Affairs,Open,02/15/2019,02/07/2019,02/15/2019,500.00,Abatement Order entered,05/28/2019,26-9(a)(13),"Failure to remove, repair, and/or register unused vehicle"
6Z36226805,Department of Housing and Community Affairs,Open,01/21/2020,02/07/2020,01/21/2020,500.00,,,26-6(a),Failure to maintain electrical service in good safe working condition.
5Z40859957,Washington Metro. and Transit Auth. Police,Open,03/03/2020,02/23/2020,03/03/2020,50.00,,,54-A-2-9,Cease entering or leaving a fare-paid area of a rail transport station without paying the fare or presenting a valid transfer
1Z36221858,Department of Housing and Community Affairs,Open,11/02/2018,10/24/2018,11/02/2018,500.00,Abatement Order entered,02/26/2019,26-9(c)(1),"Failure to maintain plumbing fixture in good sanitary working condition free from defects, leaks, and other obstructions."
0Z42126000,Animal Control and Humane Treatment,Open,09/25/2018,09/20/2018,09/25/2018,500.00,Guilty,11/13/2018,5-203-C,Prevent the animal from having unwanted contact with a person or another domesticated animal at all times.
0Z36225434,Department of Housing and Community Affairs,Open,11/15/2019,11/05/2019,11/15/2019,500.00,Stet Docket,02/18/2020,26-9(a)(4),Failure to maintain supplied facility in satisfactory working condition.
0Z36226393,Department of Housing and Community Affairs,Open,12/19/2019,12/10/2019,12/19/2019,500.00,,,26-8(d)(4),Failure to provide working single cylinder deadbolt lock.
5Z36226580,Department of Housing and Community Affairs,Open,01/16/2020,01/07/2020,01/16/2020,500.00,,,26-9(a)(2),"Failure to maintain door, window, and/or hatchway in sound working condition."
6Z36220421,Department of Housing and Community Affairs,Open,06/01/2018,05/10/2018,06/01/2018,500.00,Abatement Order entered,07/31/2018,26-9(a)(8),"Accumulating garbage or rubbish outside of approved storage container, garage or building."
5Z36220413,Department of Housing and Community Affairs,Open,05/23/2018,05/09/2018,05/23/2018,500.00,,,26-9(a)(1),Failure to maintain item/structure in good repair.
2Z36221264,Department of Housing and Community Affairs,Open,08/31/2108,08/23/2018,08/31/2018,500.00,Default Judgment,02/11/2020,26-9(a)(8),"Accumulating garbage or rubbish outside of approved storage container, garage or building."
3Z41782562,Board of License Commissioners,Open,02/18/2020,12/04/2019,02/18/2020,1000.00,,,24-11-B(1)(i),"Did or did offer to deliver, dispense, issue, give away or sell a tobacco product to a minor"
2Z36225646,Department of Housing and Community Affairs,Open,12/05/2019,11/19/2019,12/05/2019,500.00,,03/31/2020,26-9(a)(1),Failure to maintain item/structure in good repair.
5Z36221043,Department of Housing and Community Affairs,Open,08/02/2018,07/23/2018,08/02/2018,500.00,,,26-9(a)(9),"Failure to exterminate insects, rodents, or other vermin."
3Z36222686,Department of Housing and Community Affairs,Open,03/08/2019,02/26/2019,03/08/2019,500.00,,,26-9(b)(3),"Failure to maintain exterior surfaces free of flaking, peeling or loose paint and free of water seepage and against decay."
2Z42209239,Animal Control and Humane Treatment,Open,02/03/2020,01/28/2020,02/03/2020,100.00,,,5-203-a-9,Obtain and provide proof that an animal is licensed in Montgomery County
4Z36223765,Department of Housing and Community Affairs,Open,06/14/2019,06/03/2019,06/14/2019,500.00,Abatement Order entered,01/21/2020,26-9(a)(1),Failure to maintain item/structure in good repair.
4Z36222407,Department of Housing and Community Affairs,Open,02/06/2019,01/10/2019,02/06/2019,500.00,Abatement Order entered,04/23/2019,26-9(b)(1),"Failure to maintain item in reasonable weather-tight, water-tight, and rodent proof condition, free from foreign matter and capable of affording privacy."
4Z36223730,Department of Housing and Community Affairs,Open,06/28/2019,05/29/2019,06/28/2019,500.00,Abatement Order entered,01/21/2020,26-9(a)(4),Failure to maintain supplied facility in satisfactory working condition.
1Z36226520,Department of Housing and Community Affairs,Open,12/30/2019,12/20/2019,12/30/2019,500.00,,,26-9(a)(4),Failure to maintain supplied facility in satisfactory working condition.
0Z36227149,Department of Housing and Community Affairs,Open,03/24/2020,03/18/2020,03/24/2020,500.00,,,26-6(a),Failure to maintain electrical service in good safe working condition.
6Z42126489,Animal Control and Humane Treatment,Open,09/24/2018,09/05/2018,09/24/2018,100.00,Abatement Order entered,11/13/2018,5-203-A-1,Prevent the animal other than an altered cat to be at large
6Z36223305,Department of Housing and Community Affairs,Open,04/30/2019,04/25/2019,04/30/2019,500.00,Guilty,08/27/2019,26-9(a)(1),Failure to maintain item/structure in good repair.
5Z36222093,Department of Housing and Community Affairs,Open,12/14/2018,11/29/2018,12/14/2018,500.00,Guilty,02/26/2019,26-9(a)(13),"Failure to remove, repair, and/or register unused vehicle"
1Z36225288,Department of Housing and Community Affairs,Open,11/15/2019,11/05/2019,11/15/2019,500.00,Stet Docket,02/18/2020,26-9(a)(4),Failure to maintain supplied facility in satisfactory working condition.
0Z36220303,Department of Housing and Community Affairs,Open,05/04/2018,04/25/2018,05/04/2018,500.00,Abatement Order entered,08/28/2018,26-9(b)(3),"Failure to maintain exterior surfaces free of flaking, peeling or loose paint and free of water seepage and against decay."
1Z36224714,Department of Housing and Community Affairs,Open,09/30/2019,09/19/2019,09/30/2019,500.00,Abatement Order entered,01/28/2020,26-9(a)(1),Failure to maintain item/structure in good repair.
6Z36226504,Department of Housing and Community Affairs,Open,12/30/2019,12/18/2019,12/30/2019,500.00,,,26-9(b)(1),"Failure to maintain item in reasonable weather-tight, water-tight, and rodent proof condition, free from foreign matter and capable of affording privacy."
2Z41706905,Department of Permitting Services,Open,02/14/2018,02/09/2018,02/14/2018,1000.00,Abatement Order entered,05/15/2018,19-7,Comply with the conditions of the sediment control permit and the Notices of Violation
1Z36226982,Department of Housing and Community Affairs,Open,03/03/2020,02/26/2020,03/03/2020,500.00,,,26-9(a)(6),Failure to maintain premises in safe and sanitary condition.
4Z36221245,Department of Housing and Community Affairs,Open,08/31/2108,08/22/2018,08/31/2108,500.00,Abatement Order entered,01/29/2019,26-9(b)(3),"Failure to maintain exterior surfaces free of flaking, peeling or loose paint and free of water seepage and against decay."
2Z36224148,Department of Housing and Community Affairs,Open,07/19/2019,07/02/2019,07/19/2019,500.00,Guilty,10/29/2019,26-9(a)(4),Failure to maintain supplied facility in satisfactory working condition.
4Z33973139,Washington Metro. and Transit Auth. Police,Open,02/10/2020,01/22/2020,02/10/2020,50.00,,,54-A-2-9,Cease entering or leaving a fare-paid area of a rail transport station without paying the fare or presenting a valid transfer
6Z36226483,Department of Housing and Community Affairs,Open,12/19/2019,12/17/2019,12/19/2019,500.00,,,29-16(a),Operating a rental facility without first obtaining a rental facility license.
1Z36222467,Department of Housing and Community Affairs,Open,02/06/2019,01/18/2019,02/06/2019,500.00,Guilty,04/23/2019,26-9(a)(4),Failure to maintain supplied facility in satisfactory working condition.
6Z42209082,Animal Control and Humane Treatment,Open,04/30/2019,03/25/2019,04/30/2019,100.00,Abatement Order entered,06/11/2019,5-203-a-10,Neglect of a brown male Cocker Spaniel type dog resulting in it being caused to endure unneccessary pain and suffering
2Z40952970,Department of Permitting Services,Open,07/18/2019,07/05/2019,07/18/2019,1000.00,,11/19/2019,19-2-a,Cease engaging into any land disturbing activity without first the proper permit from DPS.
2Z42125687,Police Department,Open,03/29/2019,03/05/2019,03/29/2019,300.00,Guilty,07/09/2019,24-305,Selling a minor a nicotine delivery device product (my blu-liquid pads with nicotine 2.4%) that is utilized with an ends device to deliver nicotine to a user
3Z36225136,Department of Housing and Community Affairs,Open,11/11/2019,10/30/2019,11/11/2019,500.00,,03/24/2020,26-8(a)(1),Failure to provide safe and unobstructed means of escape leading to safe and open space ground level.
6Z40859881,Washington Metro. and Transit Auth. Police,Open,12/02/2019,11/18/2019,12/02/2019,50.00,,,5-601,Possession of marijuana less than 10 grams
3Z41768016,Animal Control and Humane Treatment,Open,03/06/2020,03/04/2020,03/06/2020,100.00,,,5-203-A-1,Prevent the animal other than an altered cat to be at large
3Z36227152,Department of Housing and Community Affairs,Open,03/24/2020,03/18/2020,03/24/2020,500.00,,,26-9(a)(1),Failure to maintain item/structure in good repair.
1Z36219709,Department of Housing and Community Affairs,Open,01/26/2018,01/12/2018,01/26/2018,500.00,Abatement Order entered,05/22/2018,26-9(a)(8),"Accumulating garbage or rubbish outside of approved storage container, garage or building."
1Z36222180,Department of Housing and Community Affairs,Open,01/05/2019,12/13/2018,01/05/2019,500.00,Continued,04/30/2019,26-9(b)(5),"Failure to maintain grounds: free of erosion or gullying; grass or weeds over 12 inches high; and/or shrubbery, trees, vines, hedges, and other vegetation, including dead trees and branches."
5Z36224347,Department of Housing and Community Affairs,Open,07/31/2019,07/23/2019,07/31/2019,500.00,Guilty,10/29/2019,26-9(a)(4),Failure to maintain supplied facility in satisfactory working condition.
5Z40953246,Department of Permitting Services,Open,09/24/2018,07/31/2018,09/24/2018,500.00,Abatement Order entered,02/19/2019,59-3-1-6,Allowing the use of a residentially zoned lot as a staging and commerical storage lot
5Z36227028,Department of Housing and Community Affairs,Open,03/23/2020,03/03/2020,03/23/2020,500.00,,,26-9(c)(5),Failure to maintain floor covering in good repair and sanitary condition.
2Z36221320,Department of Housing and Community Affairs,Open,09/07/2018,08/29/2018,09/07/2018,500.00,,10/08/2019,26-9(a)(8),"Accumulating garbage or rubbish outside of approved storage container, garage or building."
5Z41707461,Department of Permitting Services,Open,09/30/2019,09/05/2019,09/30/2019,500.00,Abatement Order entered,01/21/2020,26-9(A)(13),"Failure to remove, repair, and/or register unused vehicle"
3Z42209009,Animal Control and Humane Treatment,Open,04/01/2019,03/09/2019,04/01/2019,100.00,Guilty,07/09/2019,5-203-a-9,Obtain and provide proof that an animal is licensed in Montgomery County
2Z36225401,Department of Housing and Community Affairs,Open,11/15/2019,11/05/2019,11/15/2019,500.00,Stet Docket,02/18/2020,26-9(a)(4),Failure to maintain supplied facility in satisfactory working condition.
4Z36223737,Department of Housing and Community Affairs,Open,06/03/2019,05/29/2019,06/03/2019,500.00,Abatement Order entered,10/22/2019,26-9(b)(3),"Failure to maintain exterior surfaces free of flaking, peeling or loose paint and free of water seepage and against decay."
6Z36222199,Department of Housing and Community Affairs,Open,02/04/2019,12/14/2018,02/04/2019,500.00,,,26-9(a)(8),"Accumulating garbage or rubbish outside of approved storage container, garage or building."
3Z36226263,Department of Housing and Community Affairs,Open,12/19/2019,12/06/2019,12/19/2019,500.00,,03/31/2020,26-9(a)(1),Failure to maintain item/structure in good repair.
4Z36226250,Department of Housing and Community Affairs,Open,12/19/2019,12/06/2019,12/19/2019,500.00,,03/31/2020,26-9(a)(1),Failure to maintain item/structure in good repair.
6Z36225300,Department of Housing and Community Affairs,Open,11/15/2019,11/05/2019,11/15/2019,500.00,Stet Docket,02/18/2020,26-9(a)(4),Failure to maintain supplied facility in satisfactory working condition.
5Z36221820,Department of Housing and Community Affairs,Open,10/26/2018,10/18/2018,10/26/2018,500.00,Abatement Order entered,02/26/2019,26-9(b)(5),"Failure to maintain grounds: free of erosion or gullying; grass or weeds over 12 inches high; and/or shrubbery, trees, vines, hedges, and other vegetation, including dead trees and branches."
4Z42227007,Department of Permitting Services,Open,03/06/2020,02/27/2020,03/06/2020,1000.00,,,19-2-a,Cease engaging into any land disturbing activity without first the proper permit from DPS.
3Z42317222,False Alarm,Open,03/03/2020,01/28/2020,03/03/2020,500.00,,,3a-4C(2),requesting police dispatch to a burglar alarm activation without providing the required alarm user registration number.
1Z36226422,Department of Housing and Community Affairs,Open,12/30/2019,12/11/2019,12/30/2019,500.00,,,26-9(a)(2),"Failure to maintain door, window, and/or hatchway in sound working condition."
0Z36225441,Department of Housing and Community Affairs,Open,11/15/2019,11/05/2019,11/15/2019,500.00,Stet Docket,02/18/2020,26-9(a)(4),Failure to maintain supplied facility in satisfactory working condition.
6Z36226049,Department of Housing and Community Affairs,Open,12/05/2019,11/26/2019,12/05/2019,500.00,,03/31/2020,29-5(c),Failure to provide access for inspection.
5Z36226545,Department of Housing and Community Affairs,Open,01/16/2020,01/02/2020,01/16/2020,500.00,,,26-9(a)(6),Failure to maintain premises in safe and sanitary condition.
5Z36226818,Department of Housing and Community Affairs,Open,01/21/2020,02/11/2020,01/21/2020,500.00,,,26-9(b)(3),"Failure to maintain exterior surfaces free of flaking, peeling or loose paint and free of water seepage and against decay."
1Z36226366,Department of Housing and Community Affairs,Open,12/19/2019,12/06/2019,12/19/2019,500.00,,03/31/2020,26-8(e),Failure to supply/ install/ maintain required locks.
6Z36222451,Department of Housing and Community Affairs,Open,02/06/2019,01/18/2019,02/06/2019,500.00,Guilty,04/23/2019,26-9(c)(3),"Failure to maintain wall, ceiling, floor, interior woodwork, door, and/or windows in sound condition and good repair free of flaking, peeling, or loose paint."
1Z40859883,Washington Metro. and Transit Auth. Police,Open,01/21/2020,01/14/2020,01/21/2020,50.00,,03/10/2020,54-A-2-9,Cease entering or leaving a fare-paid area of a rail transport station without paying the fare or presenting a valid transfer
1Z42227011,Department of Permitting Services,Open,03/06/2020,02/27/2020,03/06/2020,1000.00,,,19-16-a,"Refrain from engaging in any land disturbing activity and causing soil, earth, sand, gravel, rock, stone or other material to be deposited upon any public street or roadway."
2Z36219444,Department of Housing and Community Affairs,Open,12/08/2017,11/28/2017,12/08/2017,500.00,Show Cause Order,03/31/2020,26-9(a)(2),"Failure to maintain door, window, and/or hatchway in sound working condition."
2Z36226066,Department of Housing and Community Affairs,Open,12/19/2019,11/29/2019,12/19/2019,500.00,,,26-9(b)(3),"Failure to maintain exterior surfaces free of flaking, peeling or loose paint and free of water seepage and against decay."
3Z36225157,Department of Housing and Community Affairs,Open,11/11/2019,10/31/2019,11/11/2019,500.00,,03/24/2020,26-9(c)(3),"Failure to maintain wall, ceiling, floor, interior woodwork, door, and/or windows in sound condition and good repair free of flaking, peeling, or loose paint."
5Z36222100,Department of Housing and Community Affairs,Open,12/11/2018,12/03/2018,12/11/2018,500.00,,02/26/2019,26-9(a)(8),"Accumulating garbage or rubbish outside of approved storage container, garage or building."
5Z42125949,Animal Control and Humane Treatment,Open,12/16/2018,11/23/2018,12/16/2018,750.00,Show Cause Order Withdrawn,02/12/2019,5-203-C,Prevent the animal from having unwanted contact with a person or another domesticated animal at all times.
3Z36222483,Department of Housing and Community Affairs,Open,02/06/2019,01/18/2019,02/06/2019,500.00,Guilty,04/23/2019,26-9(a)(4),Failure to maintain supplied facility in satisfactory working condition.
6Z41707385,Department of Permitting Services,Open,07/11/2019,06/18/2019,07/11/2019,500.00,Guilty,09/17/2019,8-28-f,FAILURE TO OBTAIN A CERTIFICATE OF USE AND OCCUPANCY FOR CHANGE OF USE TO NEW HOME SALES MODEL
4Z36224577,Department of Housing and Community Affairs,Open,09/17/2019,09/05/2019,09/17/2019,500.00,Abatement Order entered,01/28/2020,26-9(b)(3),"Failure to maintain exterior surfaces free of flaking, peeling or loose paint and free of water seepage and against decay."
5Z36220707,Department of Housing and Community Affairs,Open,07/18/2018,06/12/2018,07/18/2018,500.00,Guilty,02/26/2019,26-9(a)(1),Failure to maintain item/structure in good repair.
0Z36219449,Department of Housing and Community Affairs,Open,12/08/2017,11/28/2017,12/08/2017,500.00,Show Cause Order,03/31/2020,26-9(a)(1),Failure to maintain item/structure in good repair.
0Z36222011,Department of Housing and Community Affairs,Open,12/24/2018,11/14/2018,12/24/2018,500.00,Default Judgment,04/30/2019,26-9(b)(3),"Failure to maintain exterior surfaces free of flaking, peeling or loose paint and free of water seepage and against decay."
1Z41707352,Department of Permitting Services,Open,01/21/2020,02/18/2020,01/21/2020,500.00,,,8-4,Comply with the state and local code requirements for the plumbing work associated with renovations and additions done to the premises without the required permits.
2Z36220389,Department of Housing and Community Affairs,Open,05/04/2018,05/02/2018,05/04/2018,500.00,Motion to vacate,02/19/2019,26-9(b)(4),"Failure to maintain apron, driveway, sidewalk, walkway, parking lot, and/or patio in good serviceable and safe condition."
3Z36224611,Department of Housing and Community Affairs,Open,09/20/2019,09/10/2019,09/20/2019,500.00,,,26-9(b)(5),"Failure to maintain grounds: free of erosion or gullying; grass or weeds over 12 inches high; and/or shrubbery, trees, vines, hedges, and other vegetation, including dead trees and branches."
6Z36222017,Department of Housing and Community Affairs,Open,11/27/2018,11/14/2018,11/27/2018,500.00,Abatement Order entered,01/29/2019,26-9(a)(1),Failure to maintain item/structure in good repair.
2Z41767833,Animal Control and Humane Treatment,Open,02/21/2020,02/20/2020,02/21/2020,100.00,,,5-203-A-1,Prevent the animal other than an altered cat to be at large
2Z36222510,Department of Housing and Community Affairs,Open,02/06/2019,01/24/2019,02/06/2019,500.00,Abatement Order entered,05/28/2019,26-9(a)(1),Failure to maintain item/structure in good repair.
5Z36223500,Department of Housing and Community Affairs,Open,05/22/2019,05/15/2019,05/22/2019,500.00,Guilty,08/27/2019,26-9(c)(1),"Failure to maintain plumbing fixture in good sanitary working condition free from defects, leaks, and other obstructions."
5Z36227056,Department of Housing and Community Affairs,Open,03/23/2020,03/06/2020,03/23/2020,500.00,,,26-9(a)(13),"Failure to remove, repair, and/or register unused vehicle"
2Z36224358,Department of Housing and Community Affairs,Open,07/31/2019,07/23/2019,07/31/2019,500.00,Guilty,10/29/2019,26-9(c)(1),"Failure to maintain plumbing fixture in good sanitary working condition free from defects, leaks, and other obstructions."
6Z39889555,Department of Environmental Protection,Open,06/30/2019,06/05/2019,06/30/2019,750.00,Continued,01/14/2020,31B-5-B,Causing or permitting a noise disturbance
3Z36225213,Department of Housing and Community Affairs,Open,11/15/2019,11/05/2019,11/15/2019,500.00,Stet Docket,02/18/2020,26-9(a)(4),Failure to maintain supplied facility in satisfactory working condition.
4Z36224619,Department of Housing and Community Affairs,Open,09/20/2019,09/10/2019,09/20/2019,500.00,,,26-9(a)(12),Failure to eliminate public nuisance.
1Z36223167,Department of Housing and Community Affairs,Open,04/19/2019,04/10/2019,04/19/2019,500.00,Abatement Order entered,10/22/2019,26-9(a)(1),Failure to maintain item/structure in good repair.
2Z36222167,Department of Housing and Community Affairs,Open,12/24/2018,12/12/2018,12/24/2018,500.00,Guilty,02/26/2019,26-9(a)(1),Failure to maintain item/structure in good repair.
1Z36224203,Department of Housing and Community Affairs,Open,07/19/2019,07/09/2019,07/19/2019,500.00,,10/29/2019,26-9(a)(4),Failure to maintain supplied facility in satisfactory working condition.
1Z36219940,Department of Housing and Community Affairs,Open,03/05/2018,02/21/2018,03/05/2018,500.00,Abatement Order entered,05/22/2018,26-9(b)(5),"Failure to maintain grounds: free of erosion or gullying; grass or weeds over 12 inches high; and/or shrubbery, trees, vines, hedges, and other vegetation, including dead trees and branches."
6Z41707210,Department of Permitting Services,Open,05/11/2018,04/30/2018,05/11/2018,500.00,Abatement Order entered,06/18/2019,8-24-a,Comply with the NOV requiring permits and inspections for large additions to the home
0Z36222018,Department of Housing and Community Affairs,Open,11/27/2018,11/14/2018,11/27/2018,500.00,Abatement Order entered,01/29/2019,26-9(a)(1),Failure to maintain item/structure in good repair.
1Z36226821,Department of Housing and Community Affairs,Open,01/21/2020,02/11/2020,01/21/2020,500.00,,,26-9(a)(2),"Failure to maintain door, window, and/or hatchway in sound working condition."
5Z40854161,Washington Metro. and Transit Auth. Police,Open,10/01/2019,09/25/2019,10/01/2019,50.00,Default Judgment,01/14/2020,54-A-2-9,Cease entering or leaving a fare-paid area of a rail transport station without paying the fare or presenting a valid transfer
3Z36226424,Department of Housing and Community Affairs,Open,12/30/2019,12/11/2019,12/30/2019,500.00,,,26-9(b)(3),"Failure to maintain exterior surfaces free of flaking, peeling or loose paint and free of water seepage and against decay."
5Z36224494,Department of Housing and Community Affairs,Open,09/06/2019,08/22/2019,09/06/2019,500.00,Abatement Order entered,12/17/2019,26-9(c)(5),Failure to maintain floor covering in good repair and sanitary condition.
2Z34041037,Washington Metro. and Transit Auth. Police,Open,12/11/2019,11/20/2019,12/11/2019,50.00,,,54-A-2-9,Cease entering or leaving a fare-paid area of a rail transport station without paying the fare or presenting a valid transfer
3Z36223162,Department of Housing and Community Affairs,Open,04/19/2019,04/10/2019,04/19/2019,500.00,Abatement Order entered,10/22/2019,26-9(a)(1),Failure to maintain item/structure in good repair.
5Z36226615,Department of Housing and Community Affairs,Open,01/16/2020,01/13/2020,01/16/2020,500.00,,,26-9(c)(1),"Failure to maintain plumbing fixture in good sanitary working condition free from defects, leaks, and other obstructions."
6Z36226322,Department of Housing and Community Affairs,Open,12/19/2019,12/06/2019,12/19/2019,500.00,,03/31/2020,26-9(a)(1),Failure to maintain item/structure in good repair.
0Z36225203,Department of Housing and Community Affairs,Open,11/15/2019,11/05/2019,11/15/2019,500.00,Stet Docket,02/18/2020,26-9(a)(4),Failure to maintain supplied facility in satisfactory working condition.
5Z36224844,Department of Housing and Community Affairs,Open,10/11/2019,10/02/2019,10/11/2019,500.00,Continued,02/25/2020,26-9(a)(2),"Failure to maintain door, window, and/or hatchway in sound working condition."
0Z36226071,Department of Housing and Community Affairs,Open,12/19/2019,11/29/2019,12/19/2019,500.00,,,26-9(b)(5),"Failure to maintain grounds: free of erosion or gullying; grass or weeds over 12 inches high; and/or shrubbery, trees, vines, hedges, and other vegetation, including dead trees and branches."
6Z36224747,Department of Housing and Community Affairs,Open,09/30/2019,09/23/2019,09/30/2019,500.00,Abatement Order entered,01/28/2020,26-9(a)(13),"Failure to remove, repair, and/or register unused vehicle"
3Z36225619,Department of Housing and Community Affairs,Open,11/22/2019,11/12/2019,11/22/2019,500.00,,03/24/2020,26-6(a),Failure to maintain electrical service in good safe working condition.
6Z36221863,Department of Housing and Community Affairs,Open,11/02/2018,10/24/2018,11/02/2018,500.00,Show Cause Order,03/10/2020,26-9(a)(6),Failure to maintain premises in safe and sanitary condition.
3Z36226284,Department of Housing and Community Affairs,Open,12/19/2019,12/06/2019,12/19/2019,500.00,,03/31/2020,26-9(c)(1),"Failure to maintain plumbing fixture in good sanitary working condition free from defects, leaks, and other obstructions."
0Z36226659,Department of Housing and Community Affairs,Open,01/31/2020,01/22/2020,01/31/2020,500.00,,,26-9(a)(2),"Failure to maintain door, window, and/or hatchway in sound working condition."
4Z36225634,Department of Housing and Community Affairs,Open,12/02/2019,11/19/2019,12/02/2019,500.00,,03/24/2020,26-9(a)(1),Failure to maintain item/structure in good repair.
1Z36227143,Department of Housing and Community Affairs,Open,03/24/2020,03/18/2020,03/24/2020,500.00,,,26-9(a)(1),Failure to maintain item/structure in good repair.
5Z36225306,Department of Housing and Community Affairs,Open,11/15/2019,11/05/2019,11/15/2019,500.00,Stet Docket,02/18/2020,26-9(a)(4),Failure to maintain supplied facility in satisfactory working condition.
6Z39896219,Animal Control and Humane Treatment,Open,04/24/2018,04/04/2018,04/24/2018,500.00,Stet Docket,07/10/2018,5-203-C,Prevent the animal from having unwanted contact with a person or another domesticated animal at all times.
4Z36224612,Department of Housing and Community Affairs,Open,09/20/2019,09/10/2019,09/20/2019,500.00,,,26-9(a)(8),"Accumulating garbage or rubbish outside of approved storage container, garage or building."
0Z36220814,Department of Housing and Community Affairs,Open,06/29/2018,06/25/2018,06/29/2018,500.00,Abatement Order entered,10/29/2019,26-9(a)(1),Failure to maintain item/structure in good repair.
3Z36225255,Department of Housing and Community Affairs,Open,11/15/2019,11/05/2019,11/15/2019,500.00,Stet Docket,02/18/2020,26-9(a)(4),Failure to maintain supplied facility in satisfactory working condition.
2Z42211514,Animal Control and Humane Treatment,Open,06/30/2019,05/31/2019,06/30/2019,500.00,Abatement Order entered,09/10/2019,5-203-C,Prevent the animal from having unwanted contact with a person or another domesticated animal at all times.
5Z36227063,Department of Housing and Community Affairs,Open,03/23/2020,03/10/2020,03/23/2020,500.00,,,26-9(a)(4),Failure to maintain supplied facility in satisfactory working condition.
4Z36225389,Department of Housing and Community Affairs,Open,11/15/2019,11/05/2019,11/15/2019,500.00,Stet Docket,02/18/2020,26-9(a)(4),Failure to maintain supplied facility in satisfactory working condition.
6Z42317281,False Alarm,Open,03/03/2020,01/28/2020,03/03/2020,500.00,,,3a-4C(2),requesting police dispatch to a burglar alarm activation without providing the required alarm user registration number.
3Z36224926,Department of Housing and Community Affairs,Open,10/11/2019,10/09/2019,10/11/2019,500.00,Continued,02/25/2020,26-9(a)(12),Failure to eliminate public nuisance.
1Z41768014,Animal Control and Humane Treatment,Open,11/06/2019,10/29/2019,11/06/2019,100.00,Paid and Satisfied,02/11/2020,5-203-A-1,Prevent the animal other than an altered cat to be at large
6Z40855394,Washington Metro. and Transit Auth. Police,Open,10/28/2019,10/16/2019,10/28/2019,25.00,,,5-601,Possession of marijuana less than 10 grams
6Z39905711,Animal Control and Humane Treatment,Open,05/24/2018,04/29/2018,05/24/2018,100.00,Stet Docket,07/10/2018,5-103,Tying a brown/white dog by the collar after the hours of 10 pm
3Z41708040,Department of Permitting Services,Open,11/15/2018,10/09/2018,11/15/2018,500.00,Defendant found in contempt,03/31/2020,59-6-2-5-b,Failure to remove surfaced area that exceed 35% or 320 sq ft  of the front yard
4Z36226327,Department of Housing and Community Affairs,Open,12/19/2019,12/06/2019,12/19/2019,500.00,,03/31/2020,26-6(a),Failure to maintain electrical service in good safe working condition.
4Z36225403,Department of Housing and Community Affairs,Open,11/15/2019,11/05/2019,11/15/2019,500.00,Stet Docket,02/18/2020,26-9(a)(4),Failure to maintain supplied facility in satisfactory working condition.
0Z39911921,Department of Environmental Protection/Solid Waste,Open,07/31/2019,07/26/2019,07/31/2019,500.00,,10/08/2019,48-20-d,"Any truck or vehicle found to be in an unsafe physical, mechanical or sanitary condition. Failing to comply with having a sanitary truck carrying waste (license was issued upon agreement of using totes)"
0Z41706903,Department of Permitting Services,Open,04/01/2018,12/15/2017,04/01/2018,1000.00,Abatement Order entered,05/15/2018,19-7,Comply with the conditions of the sediment control permit and the Notices of Violation
5Z36226076,Department of Housing and Community Affairs,Open,12/19/2019,12/02/2019,12/19/2019,500.00,,,26-9(a)(1),Failure to maintain item/structure in good repair.
5Z36226342,Department of Housing and Community Affairs,Open,12/19/2019,12/06/2019,12/19/2019,500.00,,03/31/2020,26-9(a)(4),Failure to maintain supplied facility in satisfactory working condition.
6Z36226497,Department of Housing and Community Affairs,Open,01/16/2020,12/18/2019,01/16/2020,500.00,,,26-9(a)(8),"Accumulating garbage or rubbish outside of approved storage container, garage or building."
6Z41707399,Department of Permitting Services,Open,01/31/2020,01/29/2020,01/31/2020,500.00,,,8-17-e,failure to obtain the final inspection for a mechanical permit
0Z36226505,Department of Housing and Community Affairs,Open,12/30/2019,12/18/2019,12/30/2019,1000.00,,,29-51(j),Failure to Report Rental Status of Each Unit in Rental Survey
0Z36222459,Department of Housing and Community Affairs,Open,02/06/2019,01/18/2019,02/06/2019,500.00,Guilty,04/23/2019,26-9(a)(1),Failure to maintain item/structure in good repair.
6Z34050022,Department of Housing and Community Affairs,Open,07/30/2019,07/14/2019,10/14/2019,500.00,Guilty,10/29/2019,10-114,DEFENDANT WAS OBSERVED IN POSSESSION OF ALCHOL IN A PLASTIC CONTAINER
5Z42207352,Animal Control and Humane Treatment,Open,11/25/2019,11/14/2019,11/25/2019,100.00,,03/10/2020,5-203-A-1,Prevent the animal other than an altered cat to be at large
6Z36224201,Department of Housing and Community Affairs,Open,07/19/2019,07/09/2019,07/19/2019,500.00,,10/29/2019,26-9(b)(3),"Failure to maintain exterior surfaces free of flaking, peeling or loose paint and free of water seepage and against decay."
6Z42211735,Animal Control and Humane Treatment,Open,09/30/2019,09/26/2019,09/30/2019,500.00,Guilty,01/14/2020,5-203-C,Prevent the animal from having unwanted contact with a person or another domesticated animal at all times.
5Z41707783,Department of Permitting Services,Open,09/05/2019,08/26/2019,09/05/2019,1000.00,Continued,03/31/2020,19-15,SAFEGUARD TEH ADJOINING PROPERTY
6Z36225405,Department of Housing and Community Affairs,Open,11/15/2019,11/05/2019,11/15/2019,500.00,Stet Docket,02/18/2020,26-9(a)(4),Failure to maintain supplied facility in satisfactory working condition.
1Z40952920,Department of Permitting Services,Open,02/25/2020,02/13/2020,02/25/2020,1000.00,,,19-7,Comply with the conditions of the sediment control permit and the Notices of Violation
5Z36226622,Department of Housing and Community Affairs,Open,01/16/2020,01/13/2020,01/16/2020,500.00,,,26-8(b)(1),Failure to provide working smoke detector.
0Z36227156,Department of Housing and Community Affairs,Open,03/24/2020,03/18/2020,03/24/2020,500.00,,,26-9(a)(1),Failure to maintain item/structure in good repair.
3Z36226438,Department of Housing and Community Affairs,Open,12/19/2019,12/12/2019,12/19/2019,500.00,,,26-9(a)(8),"Accumulating garbage or rubbish outside of approved storage container, garage or building."
5Z40851270,Washington Metro. and Transit Auth. Police,Open,09/04/2019,08/20/2019,09/04/2019,50.00,Default Judgment,01/14/2020,54-A-2-9,Cease entering or leaving a fare-paid area of a rail transport station without paying the fare or presenting a valid transfer
0Z36222095,Department of Housing and Community Affairs,Open,12/11/2018,12/03/2018,12/11/2018,500.00,,02/26/2019,26-9(b)(4),"Failure to maintain apron, driveway, sidewalk, walkway, parking lot, and/or patio in good serviceable and safe condition."
5Z36226594,Department of Housing and Community Affairs,Open,01/16/2020,01/07/2020,01/16/2020,500.00,,,26-9(a)(1),Failure to maintain item/structure in good repair.
6Z36222024,Department of Housing and Community Affairs,Open,11/27/2018,11/14/2018,11/27/2018,500.00,Abatement Order entered,01/29/2019,26-9(b)(5),"Failure to maintain grounds: free of erosion or gullying; grass or weeds over 12 inches high; and/or shrubbery, trees, vines, hedges, and other vegetation, including dead trees and branches."
5Z39889883,Department of Environmental Protection,Open,03/21/2018,03/09/2018,03/21/2018,500.00,Abatement Order entered,07/17/2018,31B-6-B-2,Cease creating a noise disturbance across a propety line while engaged in a party
5Z36219916,Department of Housing and Community Affairs,Open,02/23/2018,02/12/2018,02/23/2018,500.00,Abatement Order entered,05/22/2018,26-9(a)(8),"Accumulating garbage or rubbish outside of approved storage container, garage or building."
0Z42211729,Animal Control and Humane Treatment,Open,09/30/2019,09/12/2019,09/30/2019,100.00,Dismiss without prejudice,12/10/2019,5-203-a-9,Obtain and provide proof that an animal is licensed in Montgomery County
3Z36225367,Department of Housing and Community Affairs,Open,11/15/2019,11/05/2019,11/15/2019,500.00,Stet Docket,02/18/2020,26-9(a)(4),Failure to maintain supplied facility in satisfactory working condition.
4Z36222414,Department of Housing and Community Affairs,Open,02/06/2019,01/10/2019,02/06/2019,500.00,Abatement Order entered,04/23/2019,26-9(a)(8),"Accumulating garbage or rubbish outside of approved storage container, garage or building."
1Z42299776,Health and Human Services,Open,11/25/2019,11/14/2019,11/25/2019,500.00,,,15-8-b-1,operating a food facility without a certified food manager
6Z36227134,Department of Housing and Community Affairs,Open,03/24/2020,03/18/2020,03/24/2020,500.00,,,26-9(a)(1),Failure to maintain item/structure in good repair.
4Z36220727,Department of Housing and Community Affairs,Open,06/22/2018,06/14/2018,06/22/2018,500.00,Show Cause Order,03/10/2020,26-9(a)(1),Failure to maintain item/structure in good repair.
3Z36225360,Department of Housing and Community Affairs,Open,11/15/2019,11/05/2019,11/15/2019,500.00,Stet Docket,02/18/2020,26-9(a)(4),Failure to maintain supplied facility in satisfactory working condition.
2Z33911888,Department of Environmental Protection-Solid Waste,Open,04/30/2019,04/18/2019,04/30/2019,500.00,,,48-20-a,Obtain a collector's/haulers valid tag for the vehicle before transporting or collecting solid waste within Montgomery County
3Z39896447,Animal Control and Humane Treatment,Open,12/31/2017,12/12/2017,12/31/2017,500.00,Stet Docket,05/08/2018,5-402-C,Possessing unvaccinated dog
2Z36222573,Department of Housing and Community Affairs,Open,02/15/2019,02/07/2019,02/15/2019,500.00,,05/28/2019,26-9(a)(1),Failure to maintain item/structure in good repair.
0Z42123256,Animal Control and Humane Treatment,Open,03/06/2020,03/04/2020,03/06/2020,100.00,,,5-203-a-3,Prevent an animal from entering a private property without the property owners's permission
1Z40854416,Washington Metro. and Transit Auth. Police,Open,12/17/2019,12/08/2019,12/17/2019,50.00,,02/11/2020,54-A-2-9,Cease entering or leaving a fare-paid area of a rail transport station without paying the fare or presenting a valid transfer
6Z42317120,False Alarm,Open,12/02/2019,11/13/2019,12/02/2019,500.00,Paid and Satisfied,02/11/2020,3a-4c(4),Requesting police dispatch to a burglar alarm activation without providing either the required alarm user registration or alarm business license number.
4Z36226908,Department of Housing and Community Affairs,Open,01/21/2020,02/14/2020,01/21/2020,500.00,,,26-9(a)(13),"Failure to remove, repair, and/or register unused vehicle"
5Z42211741,Animal Control and Humane Treatment,Open,12/12/2019,12/04/2019,12/12/2019,500.00,,03/10/2020,5-402-C,Possessing unvaccinated dog
1Z40859932,Washington Metro. and Transit Auth. Police,Open,01/29/2020,12/28/2019,01/29/2020,50.00,,,32-17-A,Refrain from urinating in the public
3Z36227012,Department of Housing and Community Affairs,Open,03/23/2020,03/03/2020,03/23/2020,500.00,,,26-9(a)(2),"Failure to maintain door, window, and/or hatchway in sound working condition."
1Z36222019,Department of Housing and Community Affairs,Open,11/27/2018,11/14/2018,11/27/2018,500.00,Abatement Order entered,01/29/2019,26-9(a)(1),Failure to maintain item/structure in good repair.
1Z40952850,Department of Permitting Services,Open,04/01/2018,01/23/2018,04/01/2018,500.00,Abatement Order entered,05/15/2018,19-7,Comply with the conditions of the sediment control permit and the Notices of Violation
6Z36225139,Department of Housing and Community Affairs,Open,11/11/2019,10/30/2019,11/11/2019,500.00,,03/24/2020,26-8(a)(1),Failure to provide safe and unobstructed means of escape leading to safe and open space ground level.
4Z42316859,False Alarm,Open,07/29/2019,06/24/2019,07/29/2019,500.00,,10/15/2019,3a-4C(2),requesting police dispatch to a burglar alarm activation without providing the required alarm user registration number.
2Z36226255,Department of Housing and Community Affairs,Open,12/19/2019,12/06/2019,12/19/2019,500.00,,03/31/2020,26-9(a)(1),Failure to maintain item/structure in good repair.
2Z36225688,Department of Housing and Community Affairs,Open,12/05/2019,11/21/2019,12/05/2019,500.00,,03/31/2020,26-9(a)(4),Failure to maintain supplied facility in satisfactory working condition.
5Z36224697,Department of Housing and Community Affairs,Open,09/30/2019,09/18/2019,09/30/2019,500.00,Continued,01/28/2020,26-8(f),Failure to provide required address for the dwelling unit.
5Z36224319,Department of Housing and Community Affairs,Open,08/14/2019,07/23/2019,08/14/2019,500.00,Abatement Order entered,12/17/2019,26-8(c),Failure to provide fire rated door which self closes and latches.
6Z41707609,Department of Permitting Services,Open,03/23/2020,02/19/2020,03/23/2020,500.00,,,59-6-2-5-M(3)B,Failure to reduce surfaced parking area equal to or less than 50% of the front lot in R60 zone.
2Z36226654,Department of Housing and Community Affairs,Open,01/31/2020,01/16/2020,01/31/2020,500.00,,,26-9(a)(13),"Failure to remove, repair, and/or register unused vehicle"
3Z36221594,Department of Housing and Community Affairs,Open,10/12/2018,10/02/2018,10/12/2018,500.00,Abatement Order entered,03/26/2019,26-9(a)(1),Failure to maintain item/structure in good repair.
2Z36225345,Department of Housing and Community Affairs,Open,11/15/2019,11/05/2019,11/15/2019,500.00,Stet Docket,02/18/2020,26-9(a)(4),Failure to maintain supplied facility in satisfactory working condition.
2Z40616396,Washington Metro. and Transit Auth. Police,Open,02/03/2020,01/21/2020,02/03/2020,50.00,,,54-A-2-9,Cease entering or leaving a fare-paid area of a rail transport station without paying the fare or presenting a valid transfer
5Z36226363,Department of Housing and Community Affairs,Open,12/19/2019,12/06/2019,12/19/2019,500.00,,03/31/2020,26-6(a),Failure to maintain electrical service in good safe working condition.
4Z42126277,Animal Control and Humane Treatment,Open,02/01/2018,12/22/2017,02/01/2018,500.00,Default Judgment,04/18/2018,5-402-C,"An owner must vaccinate a cat, dog, or ferret older than 4 months of age against rabies and provide proof of the most recent vaccination to an animal control officer within 24 hours."
0Z40616387,Washington Metro. and Transit Auth. Police,Open,01/21/2020,01/13/2020,01/21/2020,50.00,,03/10/2020,54-A-2-9,Cease entering or leaving a fare-paid area of a rail transport station without paying the fare or presenting a valid transfer
1Z39911964,Department of Environmental Protection/Solid Waste,Open,12/15/2019,11/13/2019,12/15/2019,500.00,,03/10/2020,48-19-A,Obtain a valid collectors license before collecting and transporting solid waste within the county.
4Z42211656,Animal Control and Humane Treatment,Open,07/23/2019,07/02/2019,07/23/2019,150.00,Abatement Order entered,09/10/2019,5-402-C,Possessing unvaccinated dog
4Z34041039,Washington Metro. and Transit Auth. Police,Open,01/15/2020,01/08/2020,01/15/2020,50.00,,03/10/2020,54-A-2-9,Cease entering or leaving a fare-paid area of a rail transport station without paying the fare or presenting a valid transfer
3Z40614997,Washington Metro. and Transit Auth. Police,Open,03/12/2020,02/27/2020,03/12/2020,50.00,,,54-A-2-9,Cease entering or leaving a fare-paid area of a rail transport station without paying the fare or presenting a valid transfer
6Z36224068,Department of Housing and Community Affairs,Open,07/11/2019,06/27/2019,07/11/2019,500.00,Abatement Order entered,10/22/2019,26-9(b)(3),"Failure to maintain exterior surfaces free of flaking, peeling or loose paint and free of water seepage and against decay."
3Z36225108,Department of Housing and Community Affairs,Open,11/11/2019,10/30/2019,11/11/2019,500.00,,03/24/2020,26-8(b)(1),Failure to provide working smoke detector.
5Z36224655,Department of Housing and Community Affairs,Open,09/20/2019,09/16/2019,09/20/2019,500.00,,,26-9(a)(4),Failure to maintain supplied facility in satisfactory working condition.
3Z36225556,Department of Housing and Community Affairs,Open,11/15/2019,11/05/2019,11/15/2019,500.00,Stet Docket,02/18/2020,26-9(a)(4),Failure to maintain supplied facility in satisfactory working condition.
0Z40953283,Department of Permitting Services,Open,04/01/2018,12/12/2017,04/01/2018,750.00,Abatement Order entered,05/15/2018,59-6-2-5-L1,Parking vehicle on non-surfaced area of front yard
4Z36227006,Department of Housing and Community Affairs,Open,03/23/2020,03/03/2020,03/23/2020,500.00,,,26-9(a)(1),Failure to maintain item/structure in good repair.
0Z36224629,Department of Housing and Community Affairs,Open,09/17/2019,09/10/2019,09/17/2019,500.00,Guilty,12/17/2019,26-9(b)(3),"Failure to maintain exterior surfaces free of flaking, peeling or loose paint and free of water seepage and against decay."
4Z36226642,Department of Housing and Community Affairs,Open,03/03/2020,01/14/2020,03/03/2020,500.00,,,26-9(a)(4),Failure to maintain supplied facility in satisfactory working condition.
0Z39892020,Department of Permitting Services,Open,03/19/2019,02/25/2019,03/19/2019,750.00,Guilty,06/18/2019,8-4,Comply with the state and local code requirements for the plumbing work associated with renovations and additions done to the premises without the required permits.
5Z36219979,Department of Housing and Community Affairs,Open,03/26/2018,02/28/2018,03/26/2018,500.00,Abatement Order entered,05/29/2018,26-9(b)(5),"Failure to maintain grounds: free of erosion or gullying; grass or weeds over 12 inches high; and/or shrubbery, trees, vines, hedges, and other vegetation, including dead trees and branches."
5Z36225201,Department of Housing and Community Affairs,Open,11/15/2019,11/05/2019,11/15/2019,500.00,Stet Docket,02/18/2020,26-9(a)(4),Failure to maintain supplied facility in satisfactory working condition.
2Z36226297,Department of Housing and Community Affairs,Open,12/19/2019,12/06/2019,12/19/2019,500.00,,03/31/2020,26-6(a),Failure to maintain electrical service in good safe working condition.
0Z40859875,Washington Metro. and Transit Auth. Police,Open,03/19/2020,03/10/2020,03/19/2020,50.00,,,54-A-2-9,Cease entering or leaving a fare-paid area of a rail transport station without paying the fare or presenting a valid transfer
5Z36223304,Department of Housing and Community Affairs,Open,04/30/2019,04/25/2019,04/30/2019,500.00,Guilty,08/27/2019,26-9(b)(3),"Failure to maintain exterior surfaces free of flaking, peeling or loose paint and free of water seepage and against decay."
5Z36224879,Department of Housing and Community Affairs,Open,10/23/2019,10/03/2019,10/23/2019,500.00,Abatement Order entered,02/25/2020,26-9(a)(4),Failure to maintain supplied facility in satisfactory working condition.
6Z36224761,Department of Housing and Community Affairs,Open,10/11/2019,09/24/2019,10/11/2019,500.00,Continued,01/28/2020,26-9(b)(1),"Failure to maintain item in reasonable weather-tight, water-tight, and rodent proof condition, free from foreign matter and capable of affording privacy."
6Z40614986,Washington Metro. and Transit Auth. Police,Open,12/17/2019,12/11/2019,12/17/2019,100.00,,,2B-19-202-a1,unlawful possession of open container of alcohol
2Z36223126,Department of Housing and Community Affairs,Open,04/19/2019,04/03/2019,04/19/2019,500.00,Abatement Order entered,07/30/2019,26-9(a)(2),"Failure to maintain door, window, and/or hatchway in sound working condition."
6Z36226070,Department of Housing and Community Affairs,Open,12/19/2019,11/29/2019,12/19/2019,500.00,,,26-9(a)(8),"Accumulating garbage or rubbish outside of approved storage container, garage or building."
1Z36225575,Department of Housing and Community Affairs,Open,11/15/2019,11/05/2019,11/15/2019,500.00,Stet Docket,02/18/2020,26-9(a)(4),Failure to maintain supplied facility in satisfactory working condition.
0Z42124313,Police Department,Open,04/30/2019,04/14/2019,04/30/2019,500.00,Default Judgment,08/13/2019,15-8-A,Cease the operation of a food service facility or an iterienant food service facility without a valid license from the Health & Human Services director
3Z36227068,Department of Housing and Community Affairs,Open,03/23/2020,03/10/2020,03/23/2020,500.00,,,26-9(a)(2),"Failure to maintain door, window, and/or hatchway in sound working condition."
3Z42126451,Animal Control and Humane Treatment,Open,04/10/2018,01/25/2018,04/10/2018,100.00,Abatement Order entered,05/08/2018,5-203-A-1,Prevent the animal other than an altered cat to be at large
6Z42211630,Animal Control and Humane Treatment,Open,05/25/2019,05/17/2019,05/25/2019,100.00,Abatement Order entered,08/13/2019,5-203-a-3,Prevent an animal from entering a private property without the property owners's permission
1Z40860219,Washington Metro. and Transit Auth. Police,Open,10/08/2019,09/27/2019,10/08/2019,50.00,Default Judgment,01/14/2020,54-A-2-9,Cease entering or leaving a fare-paid area of a rail transport station without paying the fare or presenting a valid transfer
2Z36219647,Department of Housing and Community Affairs,Open,01/12/2018,01/04/2018,01/12/2018,500.00,Show Cause Order,10/08/2019,26-9(a)(2),"Failure to maintain door, window, and/or hatchway in sound working condition."
4Z39896448,Animal Control and Humane Treatment,Open,12/31/2017,12/12/2017,12/31/2017,100.00,Stet Docket,05/08/2018,5-203-a-9,Obtain and provide proof that an animal is licensed in Montgomery County
3Z41767876,Animal Control and Humane Treatment,Open,11/06/2019,10/29/2019,11/06/2019,100.00,Guilty,02/11/2020,5-203-A-1,Prevent the animal other than an altered cat to be at large
2Z36227095,Department of Housing and Community Affairs,Open,03/23/2020,03/11/2020,03/23/2020,500.00,,,26-9(a)(2),"Failure to maintain door, window, and/or hatchway in sound working condition."
1Z36226254,Department of Housing and Community Affairs,Open,12/19/2019,12/06/2019,12/19/2019,500.00,,03/31/2020,26-8(f),Failure to provide required address for the dwelling unit.
5Z39893383,Department of Environmental Protection/Solid Waste,Open,12/15/2018,11/30/2018,12/15/2018,100.00,,04/16/2019,48-03-c-3,failure to recycle the required materials (mixed paper in trash container; no recycling containers or recycling service)
3Z36220754,Department of Housing and Community Affairs,Open,06/22/2018,06/14/2018,06/22/2018,500.00,Abatement Order entered,05/28/2019,26-9(a)(9),"Failure to exterminate insects, rodents, or other vermin."
3Z40860221,Washington Metro. and Transit Auth. Police,Open,12/02/2019,11/15/2019,12/02/2019,50.00,,02/11/2020,54-A-2-9,Cease entering or leaving a fare-paid area of a rail transport station without paying the fare or presenting a valid transfer
2Z36226556,Department of Housing and Community Affairs,Open,01/16/2020,01/06/2020,01/16/2020,500.00,,,26-9(a)(8),"Accumulating garbage or rubbish outside of approved storage container, garage or building."
5Z36225523,Department of Housing and Community Affairs,Open,11/15/2019,11/05/2019,11/15/2019,500.00,Stet Docket,02/18/2020,26-9(a)(4),Failure to maintain supplied facility in satisfactory working condition.
1Z36226485,Department of Housing and Community Affairs,Open,12/19/2019,12/17/2019,12/19/2019,500.00,,,29-16(a),Operating a rental facility without first obtaining a rental facility license.
3Z39891821,Department of Permitting Services,Open,05/22/2019,05/06/2019,05/22/2019,500.00,,,8-24-a,Comply with the NOV requiring permits and inspections for large additions to the home
0Z39896542,Animal Control and Humane Treatment,Open,04/24/2018,03/04/2018,04/24/2018,100.00,Abatement Order entered,07/10/2018,5-203-A-1,Prevent the animal other than an altered cat to be at large
1Z36226065,Department of Housing and Community Affairs,Open,12/19/2019,11/29/2019,12/19/2019,500.00,,,26-9(a)(1),Failure to maintain item/structure in good repair.
2Z36224309,Department of Housing and Community Affairs,Open,07/29/2019,07/22/2019,07/29/2019,500.00,Continued,01/28/2020,29-16(a),Operating a rental facility without first obtaining a rental facility license.
4Z36224878,Department of Housing and Community Affairs,Open,10/23/2019,10/03/2019,10/23/2019,500.00,Abatement Order entered,02/25/2020,26-9(c)(1),"Failure to maintain plumbing fixture in good sanitary working condition free from defects, leaks, and other obstructions."
3Z36225409,Department of Housing and Community Affairs,Open,11/15/2019,11/05/2019,11/15/2019,500.00,Stet Docket,02/18/2020,26-9(a)(4),Failure to maintain supplied facility in satisfactory working condition.
2Z36225506,Department of Housing and Community Affairs,Open,11/15/2019,11/05/2019,11/15/2019,500.00,Stet Docket,02/18/2020,26-9(a)(4),Failure to maintain supplied facility in satisfactory working condition.
2Z39896439,Animal Control and Humane Treatment,Open,05/09/2018,11/06/2017,05/09/2018,100.00,Guilty,05/08/2018,5-203-A-1,Prevent the animal other than an altered cat to be at large
6Z36219623,Department of Housing and Community Affairs,Open,01/12/2018,01/02/2018,01/12/2018,500.00,Status Hearing,01/28/2020,26-14(a),"Failure to demolish, remove or repair a condemned structure"
0Z36226701,Department of Housing and Community Affairs,Open,01/31/2020,01/27/2020,01/31/2020,500.00,,,26-9(c)(5),Failure to maintain floor covering in good repair and sanitary condition.
5Z36226055,Department of Housing and Community Affairs,Open,12/19/2019,11/26/2019,12/19/2019,500.00,,,26-9(a)(2),"Failure to maintain door, window, and/or hatchway in sound working condition."
6Z40614636,Washington Metro. and Transit Auth. Police,Open,02/03/2020,01/17/2020,02/03/2020,50.00,,,54-A-2-9,Cease entering or leaving a fare-paid area of a rail transport station without paying the fare or presenting a valid transfer
4Z40990065,Animal Control and Humane Treatment,Open,04/24/2018,03/07/2018,04/24/2018,100.00,Abatement Order entered,07/10/2018,5-203-a-3,Prevent an animal from entering a private property without the property owners's permission
2Z36221600,Department of Housing and Community Affairs,Open,10/12/2018,10/02/2018,10/12/2018,500.00,Abatement Order entered,03/26/2019,26-9(a)(1),Failure to maintain item/structure in good repair.
4Z36220811,Department of Housing and Community Affairs,Open,06/29/2018,06/25/2018,06/29/2018,500.00,Stet Docket,05/28/2019,26-9(b)(2),"Failure to maintain item in reasonable weather-tight, water-tight, and rodent proof manner."
2Z36222468,Department of Housing and Community Affairs,Open,02/06/2019,01/18/2019,02/06/2019,500.00,Guilty,04/23/2019,26-9(a)(4),Failure to maintain supplied facility in satisfactory working condition.
1Z36225274,Department of Housing and Community Affairs,Open,11/15/2019,11/05/2019,11/15/2019,500.00,Stet Docket,02/18/2020,26-9(a)(4),Failure to maintain supplied facility in satisfactory working condition.
2Z36224561,Department of Housing and Community Affairs,Open,09/17/2019,09/03/2019,09/17/2019,500.00,Continued,12/17/2019,26-9(a)(8),"Accumulating garbage or rubbish outside of approved storage container, garage or building."
1Z39911950,Department of Environmental Protection/Solid Waste,Open,12/17/2019,11/12/2019,12/17/2019,500.00,,03/10/2020,48-10,Cease depositing solid waste on a public or private property without written permission from the owner
6Z36225615,Department of Housing and Community Affairs,Open,11/22/2019,11/12/2019,11/22/2019,500.00,,03/24/2020,26-9(a)(1),Failure to maintain item/structure in good repair.
4Z36223443,Department of Housing and Community Affairs,Open,05/22/2019,05/10/2019,05/22/2019,500.00,Abatement Order entered,10/22/2019,29-16(a),Operating a rental facility without first obtaining a rental facility license.
0Z36225063,Department of Housing and Community Affairs,Open,11/01/2019,10/29/2019,11/01/2019,500.00,,03/24/2020,26-9(a)(1),Failure to maintain item/structure in good repair.
2Z36222461,Department of Housing and Community Affairs,Open,02/06/2019,01/18/2019,02/06/2019,500.00,Guilty,04/23/2019,26-9(c)(3),"Failure to maintain wall, ceiling, floor, interior woodwork, door, and/or windows in sound condition and good repair free of flaking, peeling, or loose paint."
4Z39889560,Department of Environmental Protection,Open,07/11/2019,06/25/2019,07/11/2019,750.00,Continued,01/14/2020,31B-5-B,Causing or permitting a noise disturbance
4Z36225123,Department of Housing and Community Affairs,Open,11/11/2019,10/30/2019,11/11/2019,500.00,,03/24/2020,26-9(a)(1),Failure to maintain item/structure in good repair.
2Z36219976,Department of Housing and Community Affairs,Open,03/26/2018,02/28/2018,03/26/2018,500.00,Abatement Order entered,05/29/2018,26-9(a)(8),"Accumulating garbage or rubbish outside of approved storage container, garage or building."
5Z36226265,Department of Housing and Community Affairs,Open,12/19/2019,12/06/2019,12/19/2019,500.00,,03/31/2020,26-9(a)(1),Failure to maintain item/structure in good repair.
4Z42126088,Animal Control and Humane Treatment,Open,12/31/2019,11/23/2019,12/31/2019,500.00,,03/10/2020,5-402-C,"An owner must vaccinate a cat, dog, or ferret older than 4 months of age against rabies and provide proof of the most recent vaccination to an animal control officer within 24 hours."
3Z36224576,Department of Housing and Community Affairs,Open,09/17/2019,09/05/2019,09/17/2019,500.00,Abatement Order entered,01/28/2020,26-9(a)(1),Failure to maintain item/structure in good repair.
4Z36221861,Department of Housing and Community Affairs,Open,11/02/2018,10/24/2018,11/02/2018,500.00,Abatement Order entered,02/26/2019,26-9(c)(1),"Failure to maintain plumbing fixture in good sanitary working condition free from defects, leaks, and other obstructions."
2Z36224876,Department of Housing and Community Affairs,Open,10/23/2019,10/03/2019,10/23/2019,500.00,Abatement Order entered,02/25/2020,26-9(a)(1),Failure to maintain item/structure in good repair.
1Z42207355,Animal Control and Humane Treatment,Open,01/14/2020,01/10/2020,01/14/2020,150.00,,03/10/2020,5-203-A-1,Prevent the animal other than an altered cat to be at large
3Z36222574,Department of Housing and Community Affairs,Open,02/15/2019,02/07/2019,02/15/2019,500.00,,05/28/2019,26-9(a)(8),"Accumulating garbage or rubbish outside of approved storage container, garage or building."
0Z36223124,Department of Housing and Community Affairs,Open,04/19/2019,04/03/2019,04/19/2019,500.00,Abatement Order entered,07/30/2019,26-5(a),Failure to eliminate overcrowding.
2Z36226087,Department of Housing and Community Affairs,Open,12/19/2019,12/03/2019,12/19/2019,500.00,,,26-9(a)(4),Failure to maintain supplied facility in satisfactory working condition.
3Z36224667,Department of Housing and Community Affairs,Open,09/30/2019,09/17/2019,09/30/2019,500.00,Continued,01/28/2020,26-9(a)(8),"Accumulating garbage or rubbish outside of approved storage container, garage or building."
0Z40990068,Animal Control and Humane Treatment,Open,04/24/2018,03/26/2018,04/24/2018,100.00,Abatement Order entered,07/10/2018,5-203-A-1,Prevent the animal other than an altered cat to be at large
5Z39896890,Animal Control and Humane Treatment,Open,05/08/2019,04/29/2019,05/08/2019,100.00,Default Judgment,09/10/2019,5-203-A-1,Prevent the animal other than an altered cat to be at large
1Z36219646,Department of Housing and Community Affairs,Open,01/12/2018,01/04/2018,01/12/2018,500.00,Show Cause Order,10/08/2019,26-9(a)(4),Failure to maintain supplied facility in satisfactory working condition.
3Z4013885,Health and Human Services,Open,07/31/2018,07/26/2018,07/31/2018,1000.00,,,20-113,OPERATING WITHOUT A VALID TAXICAB LICENSE
2Z42105254,Animal Control and Humane Treatment,Open,11/25/2019,11/14/2019,11/25/2019,500.00,,03/10/2020,5-201-b,Provide shade and shelterfor an animal on a 90 degrees day.
6Z41707218,Department of Permitting Services,Open,06/24/2018,06/04/2018,06/24/2018,500.00,,,51-15-16-b-1,failure to maintain the fence barrier around the pool per the county code requirement
0Z42209118,Animal Control and Humane Treatment,Open,10/28/2019,10/22/2019,10/28/2019,100.00,,02/11/2020,5-203-a-9,Obtain and provide proof that an animal is licensed in Montgomery County
0Z42117180,Police Department,Open,05/20/2019,04/20/2019,05/20/2019,100.00,Default Judgment,08/13/2019,5-203-A-1,Prevent the animal other than an altered cat to be at large
6Z36226630,Department of Housing and Community Affairs,Open,01/24/2020,01/13/2020,01/24/2020,500.00,,,26-9(b)(5),"Failure to maintain grounds: free of erosion or gullying; grass or weeds over 12 inches high; and/or shrubbery, trees, vines, hedges, and other vegetation, including dead trees and branches."
2Z40859961,Washington Metro. and Transit Auth. Police,Open,02/12/2020,02/03/2020,02/12/2020,50.00,,,54-A-2-9,Cease entering or leaving a fare-paid area of a rail transport station without paying the fare or presenting a valid transfer
0Z36225350,Department of Housing and Community Affairs,Open,11/15/2019,11/05/2019,11/15/2019,500.00,Stet Docket,02/18/2020,26-9(a)(4),Failure to maintain supplied facility in satisfactory working condition.
6Z36221821,Department of Housing and Community Affairs,Open,10/26/2018,10/18/2018,10/26/2018,500.00,Abatement Order entered,02/26/2019,26-9(a)(1),Failure to maintain item/structure in good repair.
5Z40860769,Washington Metro. and Transit Auth. Police,Open,01/21/2020,01/14/2020,01/21/2020,50.00,,03/10/2020,54-A-2-9,Cease entering or leaving a fare-paid area of a rail transport station without paying the fare or presenting a valid transfer
1Z36224903,Department of Housing and Community Affairs,Open,10/11/2019,10/07/2019,10/11/2019,500.00,Abatement Order entered,02/25/2020,26-9(a)(1),Failure to maintain item/structure in good repair.
4Z36226691,Department of Housing and Community Affairs,Open,01/31/2020,01/27/2020,01/31/2020,500.00,,,26-9(a)(1),Failure to maintain item/structure in good repair.
5Z36225327,Department of Housing and Community Affairs,Open,11/15/2019,11/05/2019,11/15/2019,500.00,Stet Docket,02/18/2020,26-9(a)(4),Failure to maintain supplied facility in satisfactory working condition.
2Z36224470,Department of Housing and Community Affairs,Open,08/27/2019,08/16/2019,08/27/2019,500.00,Guilty,12/17/2019,26-9(c)(5),Failure to maintain floor covering in good repair and sanitary condition.
5Z36225614,Department of Housing and Community Affairs,Open,11/22/2019,11/12/2019,11/22/2019,500.00,,03/24/2020,26-9(a)(8),"Accumulating garbage or rubbish outside of approved storage container, garage or building."
4Z36222470,Department of Housing and Community Affairs,Open,02/06/2019,01/18/2019,02/06/2019,500.00,Abatement Order entered,04/23/2019,26-9(a)(8),"Accumulating garbage or rubbish outside of approved storage container, garage or building."
1Z36224322,Department of Housing and Community Affairs,Open,07/31/2019,07/23/2019,07/31/2019,500.00,Guilty,10/29/2019,26-9(a)(2),"Failure to maintain door, window, and/or hatchway in sound working condition."
5Z41707804,Department of Permitting Services,Open,02/21/2020,02/19/2020,02/21/2020,1000.00,,,19-2-a,Cease engaging into any land disturbing activity without first the proper permit from DPS.
3Z40850463,Washington Metro. and Transit Auth. Police,Open,12/02/2019,11/19/2019,12/02/2019,50.00,,02/11/2020,54-A-2-9,Cease entering or leaving a fare-paid area of a rail transport station without paying the fare or presenting a valid transfer
4Z40860768,Washington Metro. and Transit Auth. Police,Open,03/03/2020,02/23/2020,03/03/2020,50.00,,,54-A-2-9,Cease entering or leaving a fare-paid area of a rail transport station without paying the fare or presenting a valid transfer
2Z36227151,Department of Housing and Community Affairs,Open,03/24/2020,03/18/2020,03/24/2020,500.00,,,26-9(a)(1),Failure to maintain item/structure in good repair.
1Z33911831,Department of Environmental Protection-Solid Waste,Open,04/30/2019,04/18/2019,04/30/2019,500.00,,,48-10,Cease depositing solid waste on a public or private property without written permission from the owner
1Z36221844,Department of Housing and Community Affairs,Open,11/02/2018,10/24/2018,11/02/2018,500.00,Abatement Order entered,02/26/2019,26-9(a)(4),Failure to maintain supplied facility in satisfactory working condition.
1Z36220185,Department of Housing and Community Affairs,Open,04/27/2018,04/05/2018,04/27/2018,500.00,Abatement Order entered,06/26/2018,26-9(a)(1),Failure to maintain item/structure in good repair.
6Z40851390,Washington Metro. and Transit Auth. Police,Open,02/03/2020,01/17/2020,02/03/2020,50.00,,,54-A-2-9,Cease entering or leaving a fare-paid area of a rail transport station without paying the fare or presenting a valid transfer
6Z36227043,Department of Housing and Community Affairs,Open,03/23/2020,03/05/2020,03/23/2020,500.00,,,26-9(a)(8),"Accumulating garbage or rubbish outside of approved storage container, garage or building."
6Z39896849,Animal Control and Humane Treatment,Open,09/05/2019,08/27/2019,09/05/2019,500.00,,11/12/2019,5-203-C,Prevent the animal from having unwanted contact with a person or another domesticated animal at all times.
6Z36221856,Department of Housing and Community Affairs,Open,11/02/2018,10/24/2018,11/02/2018,500.00,Abatement Order entered,02/26/2019,26-9(c)(1),"Failure to maintain plumbing fixture in good sanitary working condition free from defects, leaks, and other obstructions."
2Z39889502,Department of Environmental Protection,Open,12/01/2018,08/27/2018,12/01/2018,500.00,Default Judgment,04/16/2019,48-21-B,Cease the collection of solid waste within Montgomery County before the hours of 7:00 am and less than 500 feet of a residential or occupied structure
3Z36222469,Department of Housing and Community Affairs,Open,02/06/2019,01/18/2019,02/06/2019,500.00,Guilty,04/23/2019,26-9(c)(1),"Failure to maintain plumbing fixture in good sanitary working condition free from defects, leaks, and other obstructions."
0Z36221836,Department of Housing and Community Affairs,Open,11/02/2018,10/24/2018,11/02/2018,500.00,Abatement Order entered,02/26/2019,26-9(a)(4),Failure to maintain supplied facility in satisfactory working condition.
4Z36225592,Department of Housing and Community Affairs,Open,11/22/2019,11/07/2019,11/22/2019,500.00,,03/24/2020,26-9(a)(1),Failure to maintain item/structure in good repair.
2Z42201539,Taxicab,Open,01/30/2019,01/17/2019,01/30/2019,100.00,Default Judgment,04/16/2019,53-602-a,Cease obstructing or hindering an official investigation being conducted by a Montgomery County taxicab driver
2Z42125827,Animal Control and Humane Treatment,Open,03/21/2018,03/07/2018,03/21/2018,100.00,Default Judgment,06/12/2018,5-203-a-9,Obtain and provide proof that an animal is licensed in Montgomery County
6Z36216298,Department of Housing and Community Affairs,Open,03/25/2016,03/18/2016,03/25/2016,500.00,Defendant found in contempt,03/24/2020,26-9(b)(3),"Failure to maintain exterior surfaces free of flaking, peeling or loose paint and free of water seepage and against decay."
4Z36224318,Department of Housing and Community Affairs,Open,08/14/2019,07/23/2019,08/14/2019,500.00,Abatement Order entered,12/17/2019,26-9(a)(8),"Accumulating garbage or rubbish outside of approved storage container, garage or building."
5Z36226251,Department of Housing and Community Affairs,Open,12/19/2019,12/06/2019,12/19/2019,500.00,,03/31/2020,26-8(e),Failure to supply/ install/ maintain required locks.
5Z36222009,Department of Housing and Community Affairs,Open,12/24/2018,11/14/2018,12/24/2018,500.00,Default Judgment,04/30/2019,26-9(b)(5),"Failure to maintain grounds: free of erosion or gullying; grass or weeds over 12 inches high; and/or shrubbery, trees, vines, hedges, and other vegetation, including dead trees and branches."
2Z36224155,Department of Housing and Community Affairs,Open,07/19/2019,07/02/2019,07/19/2019,500.00,Guilty,10/29/2019,26-9(c)(3),"Failure to maintain wall, ceiling, floor, interior woodwork, door, and/or windows in sound condition and good repair free of flaking, peeling, or loose paint."
0Z36226827,Department of Housing and Community Affairs,Open,01/21/2020,02/11/2020,01/21/2020,500.00,,,26-9(a)(2),"Failure to maintain door, window, and/or hatchway in sound working condition."
4Z39889805,Department of Environmental Protection,Open,09/15/2016,08/26/2016,09/15/2016,500.00,Abatement Order entered,11/22/2016,31B-5-B,Causing or permitting a noise disturbance
0Z36225497,Department of Housing and Community Affairs,Open,11/15/2019,11/05/2019,11/15/2019,500.00,Stet Docket,02/18/2020,26-9(a)(4),Failure to maintain supplied facility in satisfactory working condition.
0Z36226484,Department of Housing and Community Affairs,Open,12/19/2019,12/17/2019,12/19/2019,1000.00,,,29-51(j),Failure to Report Rental Status of Each Unit in Rental Survey
6Z36222010,Department of Housing and Community Affairs,Open,12/24/2018,11/14/2018,12/24/2018,500.00,Default Judgment,04/30/2019,26-9(a)(8),"Accumulating garbage or rubbish outside of approved storage container, garage or building."
3Z36220726,Department of Housing and Community Affairs,Open,06/22/2018,06/14/2018,06/22/2018,500.00,Show Cause Order,03/10/2020,26-9(b)(4),"Failure to maintain apron, driveway, sidewalk, walkway, parking lot, and/or patio in good serviceable and safe condition."
1Z40859414,Washington Metro. and Transit Auth. Police,Open,03/03/2020,02/27/2020,03/03/2020,50.00,,,54-A-2-9,Cease entering or leaving a fare-paid area of a rail transport station without paying the fare or presenting a valid transfer
0Z36225035,Department of Housing and Community Affairs,Open,11/01/2019,10/22/2019,11/01/2019,500.00,,03/24/2020,26-9(b)(3),"Failure to maintain exterior surfaces free of flaking, peeling or loose paint and free of water seepage and against decay."
4Z36226607,Department of Housing and Community Affairs,Open,01/16/2020,01/10/2020,01/16/2020,500.00,,,26-6(a),Failure to maintain electrical service in good safe working condition.
6Z39911864,Department of Environmental Protection/Solid Waste,Open,11/15/2018,11/02/2018,11/15/2018,500.00,Default Judgment,04/16/2019,48-20-a,Obtain a collector's/haulers valid tag for the vehicle before transporting or collecting solid waste within Montgomery County
5Z36224690,Department of Housing and Community Affairs,Open,09/20/2019,09/18/2019,09/20/2019,500.00,Abatement Order entered,01/28/2020,26-9(a)(1),Failure to maintain item/structure in good repair.
2Z42209008,Animal Control and Humane Treatment,Open,04/01/2019,03/09/2019,04/01/2019,500.00,Guilty,07/09/2019,5-402-C,Possessing unvaccinated dog
3Z39896629,Animal Control and Humane Treatment,Open,07/31/2017,07/16/2017,06/26/2018,100.00,Paid and Satisfied,10/10/2017,5-203-A-1,Prevent the animal other than an altered cat to be at large
0Z42126021,Animal Control and Humane Treatment,Open,01/31/2019,01/05/2019,01/31/2019,500.00,Abatement Order entered,04/09/2019,5-203-C,Prevent the animal from having unwanted contact with a person or another domesticated animal at all times.
4Z36226264,Department of Housing and Community Affairs,Open,12/19/2019,12/06/2019,12/19/2019,500.00,,03/31/2020,26-8(f),Failure to provide required address for the dwelling unit.
5Z42125907,Animal Control and Humane Treatment,Open,09/19/2018,06/17/2018,09/19/2018,100.00,Abatement Order entered,04/09/2019,5-201-A-1,Cease violating the general prohibitions against cruelty to the animal
4Z36225564,Department of Housing and Community Affairs,Open,11/15/2019,11/05/2019,11/15/2019,500.00,Stet Docket,02/18/2020,26-9(a)(4),Failure to maintain supplied facility in satisfactory working condition.
4Z36224885,Department of Housing and Community Affairs,Open,10/23/2019,10/03/2019,10/23/2019,500.00,Abatement Order entered,02/25/2020,26-9(a)(8),"Accumulating garbage or rubbish outside of approved storage container, garage or building."
5Z36224606,Department of Housing and Community Affairs,Open,09/17/2019,09/09/2019,09/17/2019,500.00,Guilty,12/17/2019,26-9(a)(2),"Failure to maintain door, window, and/or hatchway in sound working condition."
4Z42125822,Animal Control and Humane Treatment,Open,04/25/2019,04/15/2019,04/25/2019,100.00,Abatement Order entered,07/09/2019,5-203-a-2,Refrain from allowing an animal to defecate on another person's property
5Z36226790,Department of Housing and Community Affairs,Open,02/07/2020,02/04/2020,02/07/2020,500.00,,,26-9(b)(4),"Failure to maintain apron, driveway, sidewalk, walkway, parking lot, and/or patio in good serviceable and safe condition."
6Z36226980,Department of Housing and Community Affairs,Open,03/03/2020,02/26/2020,03/03/2020,500.00,,,26-9(a)(1),Failure to maintain item/structure in good repair.
3Z36221839,Department of Housing and Community Affairs,Open,11/02/2018,10/24/2018,11/02/2018,500.00,Abatement Order entered,02/26/2019,26-9(a)(1),Failure to maintain item/structure in good repair.
4Z36218921,Department of Housing and Community Affairs,Open,08/24/2017,08/21/2017,08/24/2017,500.00,Continued,01/28/2020,26-9(a)(1),Failure to maintain item/structure in good repair.
0Z36226876,Department of Housing and Community Affairs,Open,01/21/2020,02/14/2020,01/21/2020,500.00,,,26-9(a)(3),"Failure to complete renovation, addition, or new construction in accordance with building permit."
2Z36226948,Department of Housing and Community Affairs,Open,03/03/2020,02/24/2020,03/03/2020,500.00,,,26-9(a)(1),Failure to maintain item/structure in good repair.
2Z42316990,False Alarm,Open,09/20/2019,09/03/2019,09/20/2019,500.00,,,3a-4C(2),requesting police dispatch to a burglar alarm activation without providing the required alarm user registration number.
2Z36224092,Department of Housing and Community Affairs,Open,07/11/2019,06/27/2019,07/11/2019,30.00,,10/22/2019,26-9(a)(9),"Failure to exterminate insects, rodents, or other vermin."
6Z39895680,Animal Control and Humane Treatment,Open,07/20/2019,07/07/2019,07/20/2019,100.00,,10/08/2019,5-203-a-3,Prevent an animal from entering a private property without the property owners's permission
0Z36224860,Department of Housing and Community Affairs,Open,10/11/2019,10/02/2019,10/11/2019,500.00,Dismiss without prejudice,02/25/2020,26-9(a)(1),Failure to maintain item/structure in good repair.
5Z36226237,Department of Housing and Community Affairs,Open,12/19/2019,12/06/2019,12/19/2019,500.00,,03/31/2020,26-9(c)(5),Failure to maintain floor covering in good repair and sanitary condition.
3Z36225024,Department of Housing and Community Affairs,Open,11/01/2019,10/21/2019,11/01/2019,500.00,,03/24/2020,26-9(a)(4),Failure to maintain supplied facility in satisfactory working condition.
0Z36226316,Department of Housing and Community Affairs,Open,12/19/2019,12/06/2019,12/19/2019,500.00,,03/31/2020,26-9(a)(1),Failure to maintain item/structure in good repair.
6Z36222479,Department of Housing and Community Affairs,Open,02/06/2019,01/18/2019,02/06/2019,500.00,Guilty,04/23/2019,26-9(a)(4),Failure to maintain supplied facility in satisfactory working condition.
6Z39896891,Animal Control and Humane Treatment,Open,05/08/2019,04/29/2019,05/08/2019,500.00,Default Judgment,09/10/2019,5-203-C,Prevent the animal from having unwanted contact with a person or another domesticated animal at all times.
5Z36225397,Department of Housing and Community Affairs,Open,11/15/2019,11/05/2019,11/15/2019,500.00,Stet Docket,02/18/2020,26-9(a)(4),Failure to maintain supplied facility in satisfactory working condition.
3Z39895677,Animal Control and Humane Treatment,Open,06/30/2019,06/19/2019,06/30/2019,100.00,Abatement Order entered,09/10/2019,5-203-a-3,Prevent an animal from entering a private property without the property owners's permission
2Z36226423,Department of Housing and Community Affairs,Open,12/30/2019,12/11/2019,12/30/2019,500.00,,,26-9(a)(1),Failure to maintain item/structure in good repair.
4Z36223128,Department of Housing and Community Affairs,Open,04/19/2019,04/03/2019,04/19/2019,500.00,Abatement Order entered,07/30/2019,26-9(a)(1),Failure to maintain item/structure in good repair.
5Z36226391,Department of Housing and Community Affairs,Open,12/19/2019,12/10/2019,12/19/2019,500.00,,,26-7(e)(3),Failure to provide heat supply capable of maintaining temperature of at least 68 degrees.
1Z36224147,Department of Housing and Community Affairs,Open,07/19/2019,07/02/2019,07/19/2019,500.00,Guilty,10/29/2019,26-9(a)(4),Failure to maintain supplied facility in satisfactory working condition.
0Z42126091,Animal Control and Humane Treatment,Open,12/30/2019,12/18/2019,12/30/2019,100.00,,03/10/2020,5-203-a-9,Obtain and provide proof that an animal is licensed in Montgomery County
1Z39892007,Department of Permitting Services,Open,02/15/2019,02/12/2019,02/15/2019,750.00,Default Judgment,04/16/2019,8-4,Comply with the state and local code requirements for the plumbing work associated with renovations and additions done to the premises without the required permits.
6Z36223130,Department of Housing and Community Affairs,Open,04/19/2019,04/03/2019,04/19/2019,500.00,Abatement Order entered,07/30/2019,26-9(b)(5),"Failure to maintain grounds: free of erosion or gullying; grass or weeds over 12 inches high; and/or shrubbery, trees, vines, hedges, and other vegetation, including dead trees and branches."
4Z36226831,Department of Housing and Community Affairs,Open,02/14/2020,02/11/2020,02/14/2020,500.00,,,26-9(b)(3),"Failure to maintain exterior surfaces free of flaking, peeling or loose paint and free of water seepage and against decay."
6Z40858649,Washington Metro. and Transit Auth. Police,Open,12/20/2019,11/27/2019,12/20/2019,50.00,,02/11/2020,53-318,"Parked in a publicly controlled area ""No Standing Anytime"" to solicit business."
6Z36221849,Department of Housing and Community Affairs,Open,11/02/2018,10/24/2018,11/02/2018,500.00,Abatement Order entered,02/26/2019,26-6(a),Failure to maintain electrical service in good safe working condition.
2Z36227123,Department of Housing and Community Affairs,Open,03/24/2020,03/18/2020,03/24/2020,500.00,,,26-9(a)(8),"Accumulating garbage or rubbish outside of approved storage container, garage or building."
1Z36224343,Department of Housing and Community Affairs,Open,07/31/2019,07/23/2019,07/31/2019,500.00,Guilty,10/29/2019,26-9(a)(4),Failure to maintain supplied facility in satisfactory working condition.
2Z40859933,Washington Metro. and Transit Auth. Police,Open,02/18/2020,02/08/2020,02/18/2020,50.00,,,54-A-2-9,Cease entering or leaving a fare-paid area of a rail transport station without paying the fare or presenting a valid transfer
6Z36225692,Department of Housing and Community Affairs,Open,12/05/2019,11/22/2019,12/05/2019,500.00,,03/31/2020,26-9(a)(1),Failure to maintain item/structure in good repair.
2Z36225324,Department of Housing and Community Affairs,Open,11/15/2019,11/05/2019,11/15/2019,500.00,Stet Docket,02/18/2020,26-9(a)(4),Failure to maintain supplied facility in satisfactory working condition.
1Z41707072,Department of Permitting Services,Open,01/28/2020,01/23/2020,01/28/2020,1000.00,,,19-13-A,"Maintain in a good & effective condition and promptly repair or restore all grade surfaces, walls, drains, dams, and structures, plantings, vegetation, erosion and sediment control measures and other devices."
0Z36226526,Department of Housing and Community Affairs,Open,12/30/2019,12/23/2019,12/30/2019,500.00,,,29-16(a),Operating a rental facility without first obtaining a rental facility license.
2Z36225387,Department of Housing and Community Affairs,Open,11/15/2019,11/05/2019,11/15/2019,500.00,Stet Docket,02/18/2020,26-9(a)(4),Failure to maintain supplied facility in satisfactory working condition.
0Z36226575,Department of Housing and Community Affairs,Open,01/16/2020,01/07/2020,01/16/2020,500.00,,,26-6(a),Failure to maintain electrical service in good safe working condition.
1Z41767895,Animal Control and Humane Treatment,Open,01/28/2020,01/24/2020,01/28/2020,100.00,,,5-203-a-9,Obtain and provide proof that an animal is licensed in Montgomery County
1Z36221816,Department of Housing and Community Affairs,Open,11/02/2018,10/18/2018,11/02/2018,500.00,Continued,01/28/2020,26-14(a),"Failure to demolish, remove or repair a condemned structure"
3Z42126108,Animal Control and Humane Treatment,Open,01/31/2019,01/08/2019,01/31/2019,100.00,Default Judgment,04/09/2019,5-203-A-1,Prevent the animal other than an altered cat to be at large
5Z41767892,Animal Control and Humane Treatment,Open,01/28/2020,01/23/2020,01/28/2020,500.00,,,5-201-A-13,Refrain from leaving an animal in a vehicle under certain circumstances
4Z36225249,Department of Housing and Community Affairs,Open,11/15/2019,11/05/2019,11/15/2019,500.00,Stet Docket,02/18/2020,26-9(a)(4),Failure to maintain supplied facility in satisfactory working condition.
6Z36226679,Department of Housing and Community Affairs,Open,01/31/2020,01/24/2020,01/31/2020,500.00,,,26-9(a)(13),"Failure to remove, repair, and/or register unused vehicle"
6Z36226476,Department of Housing and Community Affairs,Open,12/19/2019,12/16/2019,12/19/2019,500.00,,,29-16(a),Operating a rental facility without first obtaining a rental facility license.
4Z36226957,Department of Housing and Community Affairs,Open,03/03/2020,02/25/2020,03/03/2020,500.00,,,26-9(b)(3),"Failure to maintain exterior surfaces free of flaking, peeling or loose paint and free of water seepage and against decay."
1Z36224154,Department of Housing and Community Affairs,Open,07/19/2019,07/02/2019,07/19/2019,500.00,Guilty,10/29/2019,26-9(c)(1),"Failure to maintain plumbing fixture in good sanitary working condition free from defects, leaks, and other obstructions."
2Z36225198,Department of Housing and Community Affairs,Open,11/15/2019,11/05/2019,11/15/2019,500.00,Stet Docket,02/18/2020,26-9(a)(4),Failure to maintain supplied facility in satisfactory working condition.
2Z36220284,Department of Housing and Community Affairs,Open,04/27/2018,04/19/2018,04/27/2018,500.00,Abatement Order entered,06/26/2018,29-16(a),Operating a rental facility without first obtaining a rental facility license.
4Z36225200,Department of Housing and Community Affairs,Open,11/15/2019,11/05/2019,11/15/2019,500.00,Stet Docket,02/18/2020,26-9(a)(4),Failure to maintain supplied facility in satisfactory working condition.
6Z36226868,Department of Housing and Community Affairs,Open,03/23/2020,02/13/2020,03/23/2020,500.00,,,26-8(b)(1),Failure to provide working smoke detector.
3Z41767827,Animal Control and Humane Treatment,Open,02/12/2020,02/01/2020,02/12/2020,100.00,,,5-203-a-9,Obtain and provide proof that an animal is licensed in Montgomery County
3Z33972753,Washington Metro. and Transit Auth. Police,Open,11/05/2019,10/24/2019,11/05/2019,50.00,,02/11/2020,54-A-2-9,Cease entering or leaving a fare-paid area of a rail transport station without paying the fare or presenting a valid transfer
3Z41110982,Office of Consumer Protection,Open,11/30/2018,11/13/2018,11/30/2018,500.00,Continued,06/18/2019,11-4-Q,failure of a merchant to comply with a warranty
3Z36225269,Department of Housing and Community Affairs,Open,11/15/2019,11/05/2019,11/15/2019,500.00,Stet Docket,02/18/2020,26-9(a)(4),Failure to maintain supplied facility in satisfactory working condition.
6Z36224628,Department of Housing and Community Affairs,Open,09/17/2019,09/10/2019,09/17/2019,500.00,,12/17/2019,26-9(a)(2),"Failure to maintain door, window, and/or hatchway in sound working condition."
3Z42227503,Department of Permitting Services,Open,02/03/2020,01/27/2020,02/03/2020,1000.00,,,19-16-a,"Refrain from engaging in any land disturbing activity and causing soil, earth, sand, gravel, rock, stone or other material to be deposited upon any public street or roadway."
0Z40851951,Washington Metro. and Transit Auth. Police,Open,12/02/2019,11/20/2019,12/02/2019,50.00,,02/11/2020,54-A-2-9,Cease entering or leaving a fare-paid area of a rail transport station without paying the fare or presenting a valid transfer
3Z36226837,Department of Housing and Community Affairs,Open,01/21/2020,02/11/2020,01/21/2020,500.00,,,26-9(a)(13),"Failure to remove, repair, and/or register unused vehicle"
1Z36219443,Department of Housing and Community Affairs,Open,12/08/2017,11/28/2017,12/08/2017,500.00,Show Cause Order,03/31/2020,26-9(b)(3),"Failure to maintain exterior surfaces free of flaking, peeling or loose paint and free of water seepage and against decay."
6Z36226658,Department of Housing and Community Affairs,Open,01/31/2020,01/22/2020,01/31/2020,500.00,,,26-9(a)(1),Failure to maintain item/structure in good repair.
4Z36225354,Department of Housing and Community Affairs,Open,11/15/2019,11/05/2019,11/15/2019,500.00,Stet Docket,02/18/2020,26-9(a)(4),Failure to maintain supplied facility in satisfactory working condition.
3Z42209128,Animal Control and Humane Treatment,Open,08/19/2019,,08/19/2019,100.00,Abatement Order entered,01/14/2020,5-203-A-1,Prevent the animal other than an altered cat to be at large
1Z40853940,Washington Metro. and Transit Auth. Police,Open,11/06/2019,10/28/2019,11/06/2019,50.00,,,54-A-2-9,Cease entering or leaving a fare-paid area of a rail transport station without paying the fare or presenting a valid transfer
2Z36217386,Department of Housing and Community Affairs,Open,01/25/2017,11/15/2016,07/18/2018,500.00,Defendant found in contempt,03/31/2020,26-9(a)(1),Failure to maintain item/structure in good repair.
5Z36221267,Department of Housing and Community Affairs,Open,08/31/2108,08/23/2018,08/31/2108,500.00,,,26-9(a)(13),"Failure to remove, repair, and/or register unused vehicle"
2Z42208322,Police Department,Open,07/15/2019,06/23/2019,07/15/2019,500.00,Guilty,08/13/2019,47-5-a-2,Provide a current vendors license to sell merchandise to a resident of Montgomery County
1Z36227101,Department of Housing and Community Affairs,Open,03/23/2020,03/11/2020,03/23/2020,500.00,,,26-14(a),"Failure to demolish, remove or repair a condemned structure"
2Z42316857,False Alarm,Open,07/29/2019,06/24/2019,07/29/2019,500.00,,10/15/2019,3a-4C(5),Requesting police dispatch to a burglar alarm activation after having been notified that the alarm user was in a suspended police response status.
6Z41706832,Department of Permitting Services,Open,07/18/2018,07/12/2018,07/18/2018,500.00,,09/18/2018,59-3-1-2-F,Performing at the subject location without first obtaining a benefit performance license
3Z36222448,Department of Housing and Community Affairs,Open,02/06/2019,01/18/2019,02/06/2019,500.00,Guilty,04/23/2019,26-9(a)(2),"Failure to maintain door, window, and/or hatchway in sound working condition."
0Z41707365,Department of Permitting Services,Open,04/03/2020,03/24/2020,04/03/2020,750.00,,,8-24-a,Comply with the NOV requiring permits and inspections for large additions to the home
4Z36225235,Department of Housing and Community Affairs,Open,11/15/2019,11/05/2019,11/15/2019,500.00,Stet Docket,02/18/2020,26-9(a)(4),Failure to maintain supplied facility in satisfactory working condition.
2Z36220802,Department of Housing and Community Affairs,Open,06/29/2018,06/21/2018,06/29/2018,500.00,Paid and Satisfied,08/28/2018,29-16(a),Operating a rental facility without first obtaining a rental facility license.
6Z36226623,Department of Housing and Community Affairs,Open,01/16/2020,01/13/2020,01/16/2020,500.00,,,26-9(c)(5),Failure to maintain floor covering in good repair and sanitary condition.
0Z36225469,Department of Housing and Community Affairs,Open,11/15/2019,11/05/2019,11/15/2019,500.00,Stet Docket,02/18/2020,26-9(a)(4),Failure to maintain supplied facility in satisfactory working condition.
1Z36224490,Department of Housing and Community Affairs,Open,09/06/2019,08/22/2019,09/06/2019,500.00,Abatement Order entered,12/17/2019,26-6(a),Failure to maintain electrical service in good safe working condition.
0Z36224251,Department of Housing and Community Affairs,Open,07/29/2019,07/16/2019,07/29/2019,500.00,Guilty,01/28/2020,26-9(a)(4),Failure to maintain supplied facility in satisfactory working condition.
4Z36225697,Department of Housing and Community Affairs,Open,12/05/2019,11/22/2019,12/05/2019,500.00,,03/31/2020,26-9(a)(1),Failure to maintain item/structure in good repair.
3Z36224933,Department of Housing and Community Affairs,Open,10/11/2019,10/09/2019,10/11/2019,500.00,Continued,02/25/2020,26-14(a),"Failure to demolish, remove or repair a condemned structure"
2Z36225247,Department of Housing and Community Affairs,Open,11/15/2019,11/05/2019,11/15/2019,500.00,Stet Docket,02/18/2020,26-9(a)(4),Failure to maintain supplied facility in satisfactory working condition.
5Z36222450,Department of Housing and Community Affairs,Open,02/06/2019,01/18/2019,02/06/2019,500.00,Guilty,04/23/2019,26-9(a)(1),Failure to maintain item/structure in good repair.
2Z36225548,Department of Housing and Community Affairs,Open,11/15/2019,11/05/2019,11/15/2019,500.00,Stet Docket,02/18/2020,26-9(a)(4),Failure to maintain supplied facility in satisfactory working condition.
1Z42211604,Animal Control and Humane Treatment,Open,04/30/2019,04/08/2019,04/30/2019,100.00,Guilty,07/09/2019,5-203-a-9,Obtain and provide proof that an animal is licensed in Montgomery County
5Z36224263,Department of Housing and Community Affairs,Open,07/29/2019,07/16/2019,07/29/2019,500.00,Guilty,01/28/2020,26-9(c)(5),Failure to maintain floor covering in good repair and sanitary condition.
5Z42209102,Animal Control and Humane Treatment,Open,07/22/2019,06/23/2019,07/22/2019,500.00,,10/08/2019,5-402-C,Possessing unvaccinated dog
6Z36224880,Department of Housing and Community Affairs,Open,10/23/2019,10/03/2019,10/23/2019,500.00,Abatement Order entered,02/25/2020,26-9(a)(1),Failure to maintain item/structure in good repair.
2Z36226745,Department of Housing and Community Affairs,Open,02/07/2020,02/03/2020,02/07/2020,500.00,,,26-9(a)(1),Failure to maintain item/structure in good repair.
3Z42259556,Health and Human Services,Open,09/25/2019,09/20/2019,09/25/2019,100.00,Abatement Order entered,12/10/2019,3-10-a,causing or allowing the emission of indoor air pollutants beyond a person's property line in a manner that creates indoor air pollution
2Z36221299,Department of Housing and Community Affairs,Open,08/31/2108,08/23/2018,08/31/2108,500.00,Show Cause Order Withdrawn,07/23/2019,26-9(a)(1),Failure to maintain item/structure in good repair.
2Z2125981,Animal Control and Humane Treatment,Open,07/31/2018,07/21/2018,07/31/2018,500.00,,,5-402-C,Possessing unvaccinated dog
1Z36226583,Department of Housing and Community Affairs,Open,01/16/2020,01/07/2020,01/16/2020,500.00,,,26-9(b)(3),"Failure to maintain exterior surfaces free of flaking, peeling or loose paint and free of water seepage and against decay."
2Z36224246,Department of Housing and Community Affairs,Open,07/29/2019,07/15/2019,07/29/2019,500.00,Default Judgment,01/28/2020,26-9(b)(5),"Failure to maintain grounds: free of erosion or gullying; grass or weeds over 12 inches high; and/or shrubbery, trees, vines, hedges, and other vegetation, including dead trees and branches."
4Z36226999,Department of Housing and Community Affairs,Open,03/23/2020,03/03/2020,03/23/2020,500.00,,,26-9(a)(1),Failure to maintain item/structure in good repair.
6Z36223872,Department of Housing and Community Affairs,Open,06/14/2019,06/12/2019,06/14/2019,500.00,Abatement Order entered,01/28/2020,29-16(a),Operating a rental facility without first obtaining a rental facility license.
4Z42209080,Animal Control and Humane Treatment,Open,04/15/2019,03/20/2019,04/15/2019,500.00,Default Judgment,06/11/2019,5-402-C,"An owner must vaccinate a cat, dog, or ferret older than 4 months of age against rabies and provide proof of the most recent vaccination to an animal control officer within 24 hours."
3Z36225626,Department of Housing and Community Affairs,Open,12/02/2019,11/18/2019,12/02/2019,500.00,,03/24/2020,26-9(a)(13),"Failure to remove, repair, and/or register unused vehicle"
4Z36227097,Department of Housing and Community Affairs,Open,03/23/2020,03/11/2020,03/23/2020,500.00,,,26-9(a)(2),"Failure to maintain door, window, and/or hatchway in sound working condition."
2Z42126023,Animal Control and Humane Treatment,Open,05/31/2019,05/03/2019,05/31/2019,500.00,Abatement Order entered,11/12/2019,5-201-A-1,Cease violating the general prohibitions against cruelty to the animal
2Z36226801,Department of Housing and Community Affairs,Open,02/14/2020,02/05/2020,02/14/2020,500.00,,,26-9(a)(1),Failure to maintain item/structure in good repair.
3Z36221860,Department of Housing and Community Affairs,Open,11/02/2018,10/24/2018,11/02/2018,500.00,Abatement Order entered,02/26/2019,26-9(a)(1),Failure to maintain item/structure in good repair.
2Z36224610,Department of Housing and Community Affairs,Open,09/20/2019,09/10/2019,09/20/2019,500.00,,,26-9(a)(1),Failure to maintain item/structure in good repair.
0Z36227128,Department of Housing and Community Affairs,Open,03/24/2020,03/18/2020,03/24/2020,500.00,,,26-9(b)(1),"Failure to maintain item in reasonable weather-tight, water-tight, and rodent proof condition, free from foreign matter and capable of affording privacy."
2Z36223098,Department of Housing and Community Affairs,Open,04/05/2019,03/28/2019,04/05/2019,500.00,,05/28/2019,26-7(e),Failure to maintain space water heater in good and safe working condition.
5Z36224732,Department of Housing and Community Affairs,Open,09/30/2019,09/20/2019,09/30/2019,500.00,Continued,02/25/2020,26-9(a)(1),Failure to maintain item/structure in good repair.
0Z36222487,Department of Housing and Community Affairs,Open,02/06/2019,01/18/2019,02/06/2019,500.00,Guilty,04/23/2019,26-9(a)(2),"Failure to maintain door, window, and/or hatchway in sound working condition."
0Z36224930,Department of Housing and Community Affairs,Open,10/11/2019,10/09/2019,10/11/2019,500.00,Continued,02/25/2020,26-9(a)(1),Failure to maintain item/structure in good repair.
2Z42207356,Animal Control and Humane Treatment,Open,01/28/2020,01/23/2020,01/28/2020,500.00,,,5-201-a-10,"Abuse/neglect of pet animal by unnecessarily failing to provide nutrious food in a sufficient quantity, necessary vet care, proper drink, air space and shelter"
0Z36223369,Department of Housing and Community Affairs,Open,05/07/2019,05/03/2019,05/07/2019,500.00,Abatement Order entered,07/23/2019,26-9(a)(8),"Accumulating garbage or rubbish outside of approved storage container, garage or building."
4Z36226663,Department of Housing and Community Affairs,Open,01/31/2020,01/22/2020,01/31/2020,500.00,,,26-9(a)(1),Failure to maintain item/structure in good repair.
6Z36226273,Department of Housing and Community Affairs,Open,12/19/2019,12/06/2019,12/19/2019,500.00,,03/31/2020,26-9(a)(1),Failure to maintain item/structure in good repair.
6Z39890661,Department of Environmental Protection,Open,10/21/2019,10/15/2019,10/21/2019,500.00,Default Judgment,01/21/2020,48-24-b-3,All owners and occupants of industrial and commercial land or buildings must provide sufficient number of approved containers for solid waste
0Z36226722,Department of Housing and Community Affairs,Open,01/21/2020,01/31/2020,01/21/2020,500.00,,,26-9(a)(1),Failure to maintain item/structure in good repair.
0Z36224881,Department of Housing and Community Affairs,Open,10/23/2019,10/03/2019,10/23/2019,500.00,Abatement Order entered,02/25/2020,26-6(a),Failure to maintain electrical service in good safe working condition.
1Z39893372,Department of Environmental Protection/Solid Waste,Open,02/10/2020,02/04/2020,02/10/2020,150.00,,,48-03(b)6,Failure to provide containers for recyclables in adequate sizes and quantities
1Z39911866,Department of Environmental Protection/Solid Waste,Open,11/20/2018,11/08/2018,11/20/2018,500.00,Default Judgment,04/16/2019,48-20-a,Obtain a collector's/haulers valid tag for the vehicle before transporting or collecting solid waste within Montgomery County
4Z36225431,Department of Housing and Community Affairs,Open,11/15/2019,11/05/2019,11/15/2019,500.00,Stet Docket,02/18/2020,26-9(a)(4),Failure to maintain supplied facility in satisfactory working condition.
0Z36222466,Department of Housing and Community Affairs,Open,02/06/2019,01/18/2019,02/06/2019,500.00,Guilty,04/23/2019,26-9(a)(4),Failure to maintain supplied facility in satisfactory working condition.
0Z42125818,Animal Control and Humane Treatment,Open,03/25/2019,02/05/2019,03/25/2019,500.00,Guilty,05/14/2019,5-203-a-5,"Prevent an animal from causing unsanitary, dangerous, or offensive conditions because of the size or number of the animals in a single location"
1Z36223769,Department of Housing and Community Affairs,Open,06/14/2019,06/03/2019,06/14/2019,500.00,Abatement Order entered,10/22/2019,26-9(a)(13),"Failure to remove, repair, and/or register unused vehicle"
1Z36225526,Department of Housing and Community Affairs,Open,11/15/2019,11/05/2019,11/15/2019,500.00,Stet Docket,02/18/2020,26-9(a)(4),Failure to maintain supplied facility in satisfactory working condition.
1Z42125854,Animal Control and Humane Treatment,Open,05/11/2018,04/22/2018,05/11/2018,500.00,Abatement Order entered,07/10/2018,5-203-A-1,Prevent the animal other than an altered cat to be at large
4Z36226943,Department of Housing and Community Affairs,Open,03/03/2020,02/20/2020,03/03/2020,500.00,,,26-9(a)(13),"Failure to remove, repair, and/or register unused vehicle"
1Z41706834,Department of Permitting Services,Open,07/21/2018,07/16/2018,07/21/2018,500.00,,09/18/2018,59-3-1-6,Allowing the use of a residentially zoned lot as a staging and commerical storage lot
2Z36222664,Department of Housing and Community Affairs,Open,03/01/2019,02/19/2019,03/01/2019,500.00,Default Judgment,05/28/2019,26-9(b)(3),"Failure to maintain exterior surfaces free of flaking, peeling or loose paint and free of water seepage and against decay."
1Z36221886,Department of Housing and Community Affairs,Open,11/02/2018,10/29/2018,11/02/2018,500.00,Abatement Order entered,02/26/2019,26-9(b)(3),"Failure to maintain exterior surfaces free of flaking, peeling or loose paint and free of water seepage and against decay."
5Z42209053,Animal Control and Humane Treatment,Open,12/30/2019,12/11/2019,12/30/2019,100.00,,03/10/2020,5-203-a-3,Prevent an animal from entering a private property without the property owners's permission
6Z33911499,Animal Control and Humane Treatment,Open,02/04/2020,01/29/2020,02/04/2020,500.00,,,5-402-C,"An owner must vaccinate a cat, dog, or ferret older than 4 months of age against rabies and provide proof of the most recent vaccination to an animal control officer within 24 hours."
2Z36224750,Department of Housing and Community Affairs,Open,09/30/2019,09/23/2019,09/30/2019,500.00,Abatement Order entered,01/28/2020,26-9(a)(13),"Failure to remove, repair, and/or register unused vehicle"
2Z36224694,Department of Housing and Community Affairs,Open,09/20/2019,09/18/2019,09/20/2019,500.00,Abatement Order entered,01/28/2020,26-9(b)(3),"Failure to maintain exterior surfaces free of flaking, peeling or loose paint and free of water seepage and against decay."
5Z36225383,Department of Housing and Community Affairs,Open,11/15/2019,11/05/2019,11/15/2019,500.00,Stet Docket,02/18/2020,26-9(a)(4),Failure to maintain supplied facility in satisfactory working condition.
2Z35068749,Washington Metro. and Transit Auth. Police,Open,12/19/2019,12/11/2019,12/19/2019,50.00,,02/11/2020,54-A-2-9,Cease entering or leaving a fare-paid area of a rail transport station without paying the fare or presenting a valid transfer
5Z36225243,Department of Housing and Community Affairs,Open,11/15/2019,11/05/2019,11/15/2019,500.00,Stet Docket,02/18/2020,26-9(a)(4),Failure to maintain supplied facility in satisfactory working condition.
3Z41707354,Department of Permitting Services,Open,01/21/2020,02/18/2020,01/21/2020,500.00,,,8-24-a,Comply with the NOV requiring permits and inspections for large additions to the home
5Z36223164,Department of Housing and Community Affairs,Open,04/19/2019,04/10/2019,04/19/2019,500.00,Abatement Order entered,03/31/2020,26-9(a)(1),Failure to maintain item/structure in good repair.
2Z40850980,Washington Metro. and Transit Auth. Police,Open,12/20/2019,12/10/2019,12/20/2019,50.00,,02/11/2020,54-A-2-9,Cease entering or leaving a fare-paid area of a rail transport station without paying the fare or presenting a valid transfer
5Z42211727,Animal Control and Humane Treatment,Open,10/15/2019,09/12/2019,10/15/2019,100.00,Default Judgment,12/10/2019,5-203-A-1,Prevent the animal other than an altered cat to be at large
6Z36227001,Department of Housing and Community Affairs,Open,03/23/2020,03/03/2020,03/23/2020,500.00,,,26-9(c)(3),"Failure to maintain wall, ceiling, floor, interior woodwork, door, and/or windows in sound condition and good repair free of flaking, peeling, or loose paint."
2Z36226752,Department of Housing and Community Affairs,Open,02/07/2020,02/03/2020,02/07/2020,500.00,,,26-9(a)(1),Failure to maintain item/structure in good repair.
0Z36222480,Department of Housing and Community Affairs,Open,02/06/2019,01/18/2019,02/06/2019,500.00,Guilty,04/23/2019,26-9(a)(3),"Failure to complete renovation, addition, or new construction in accordance with building permit."
5Z36227119,Department of Housing and Community Affairs,Open,03/23/2020,03/17/2020,03/23/2020,500.00,,,26-9(b)(5),"Failure to maintain grounds: free of erosion or gullying; grass or weeds over 12 inches high; and/or shrubbery, trees, vines, hedges, and other vegetation, including dead trees and branches."
2Z36225555,Department of Housing and Community Affairs,Open,11/15/2019,11/05/2019,11/15/2019,500.00,Stet Docket,02/18/2020,26-9(a)(4),Failure to maintain supplied facility in satisfactory working condition.
3Z36225115,Department of Housing and Community Affairs,Open,11/01/2019,10/30/2019,11/01/2019,500.00,Abatement Order entered,03/24/2020,26-9(a)(4),Failure to maintain supplied facility in satisfactory working condition.
3Z36224730,Department of Housing and Community Affairs,Open,09/30/2019,09/20/2019,09/30/2019,500.00,Continued,02/25/2020,26-9(a)(2),"Failure to maintain door, window, and/or hatchway in sound working condition."
0Z36223306,Department of Housing and Community Affairs,Open,04/30/2019,04/25/2019,04/30/2019,500.00,Abatement Order entered,07/23/2019,26-9(a)(8),"Accumulating garbage or rubbish outside of approved storage container, garage or building."
6Z36226728,Department of Housing and Community Affairs,Open,02/07/2020,02/03/2020,02/07/2020,500.00,,,26-9(a)(1),Failure to maintain item/structure in good repair.
6Z42201536,Taxicab,Open,01/15/2019,12/20/2018,01/15/2019,150.00,Default Judgment,04/16/2019,53-229-A,
2Z36226045,Department of Housing and Community Affairs,Open,12/05/2019,11/26/2019,12/05/2019,500.00,,03/31/2020,26-9(c)(5),Failure to maintain floor covering in good repair and sanitary condition.
2Z36222454,Department of Housing and Community Affairs,Open,02/06/2019,01/18/2019,02/06/2019,500.00,Guilty,04/23/2019,26-9(c)(3),"Failure to maintain wall, ceiling, floor, interior woodwork, door, and/or windows in sound condition and good repair free of flaking, peeling, or loose paint."
3Z36224583,Department of Housing and Community Affairs,Open,09/30/2019,09/05/2019,09/30/2019,500.00,Abatement Order entered,01/28/2020,26-9(a)(4),Failure to maintain supplied facility in satisfactory working condition.
0Z36224328,Department of Housing and Community Affairs,Open,07/31/2019,07/23/2019,07/31/2019,500.00,Dismiss without prejudice,10/29/2019,26-9(a)(2),"Failure to maintain door, window, and/or hatchway in sound working condition."
1Z39896543,Animal Control and Humane Treatment,Open,04/24/2018,03/04/2018,04/24/2018,500.00,Abatement Order entered,07/10/2018,5-203-C,Prevent the animal from having unwanted contact with a person or another domesticated animal at all times.
3Z41707137,Department of Permitting Services,Open,09/06/2019,08/29/2019,09/06/2019,500.00,Abatement Order entered,11/19/2019,8-24-a,Comply with the NOV requiring permits and inspections for large additions to the home
4Z36224927,Department of Housing and Community Affairs,Open,10/11/2019,10/09/2019,10/11/2019,500.00,Continued,02/25/2020,26-9(a)(1),Failure to maintain item/structure in good repair.
5Z40859929,Washington Metro. and Transit Auth. Police,Open,11/25/2019,11/01/2019,11/25/2019,50.00,,,54-A-2-9,Cease entering or leaving a fare-paid area of a rail transport station without paying the fare or presenting a valid transfer
4Z36221924,Department of Housing and Community Affairs,Open,11/27/2018,10/31/2018,11/27/2018,500.00,Guilty,08/09/2019,26-9(a)(1),Failure to maintain item/structure in good repair.
2Z36225373,Department of Housing and Community Affairs,Open,11/15/2019,11/05/2019,11/15/2019,500.00,Stet Docket,02/18/2020,26-9(a)(4),Failure to maintain supplied facility in satisfactory working condition.
1Z41707506,Department of Permitting Services,Open,03/23/2020,03/09/2020,03/23/2020,500.00,,,8-24-a,Comply with the NOV requiring permits and inspections for large additions to the home
3Z41706745,Department of Permitting Services,Open,08/17/2018,08/13/2018,08/17/2018,500.00,Default Judgment,11/12/2019,8-4,Comply with the state and local code requirements for the plumbing work associated with renovations and additions done to the premises without the required permits.
2Z42125855,Animal Control and Humane Treatment,Open,05/11/2018,04/22/2018,05/11/2018,500.00,Abatement Order entered,07/10/2017,5-201-b,Provide shade and shelterfor an animal on a 90 degrees day.
0Z36225392,Department of Housing and Community Affairs,Open,11/15/2019,11/05/2019,11/15/2019,500.00,Stet Docket,02/18/2020,26-9(a)(4),Failure to maintain supplied facility in satisfactory working condition.
0Z36222662,Department of Housing and Community Affairs,Open,03/01/2019,02/19/2019,03/01/2019,500.00,Default Judgment,05/28/2019,26-9(b)(3),"Failure to maintain exterior surfaces free of flaking, peeling or loose paint and free of water seepage and against decay."
3Z36223848,Department of Housing and Community Affairs,Open,07/11/2019,06/10/2019,07/11/2019,500.00,Guilty,10/29/2019,26-9(a)(1),Failure to maintain item/structure in good repair.
3Z36219452,Department of Housing and Community Affairs,Open,12/08/2017,11/28/2017,12/08/2017,500.00,Show Cause Order,03/31/2020,26-9(b)(4),"Failure to maintain apron, driveway, sidewalk, walkway, parking lot, and/or patio in good serviceable and safe condition."
2Z42126233,Animal Control and Humane Treatment,Open,03/02/2020,02/21/2020,03/02/2020,500.00,,,5-201-a-10,"Abuse/neglect of pet animal by unnecessarily failing to provide nutrious food in a sufficient quantity, necessary vet care, proper drink, air space and shelter"
5Z42126264,Animal Control and Humane Treatment,Open,11/15/2018,09/05/2018,11/15/2018,500.00,Abatement Order entered,04/09/2019,5-201-A-1,Cease violating the general prohibitions against cruelty to the animal
2Z42209176,Animal Control and Humane Treatment,Open,07/14/2019,07/20/2019,07/14/2019,500.00,,10/08/2019,5-201-A-1,Cease violating the general prohibitions against cruelty to the animal
1Z36226863,Department of Housing and Community Affairs,Open,03/23/2020,02/13/2020,03/23/2020,500.00,,,26-9(c)(1),"Failure to maintain plumbing fixture in good sanitary working condition free from defects, leaks, and other obstructions."
5Z42125886,Animal Control and Humane Treatment,Open,06/14/2018,05/21/2018,06/14/2018,100.00,Abatement Order entered,08/14/2018,5-203-A-1,Prevent the animal other than an altered cat to be at large
1Z36225085,Department of Housing and Community Affairs,Open,11/15/2019,10/29/2019,11/15/2019,500.00,,03/24/2020,26-9(c)(5),Failure to maintain floor covering in good repair and sanitary condition.
4Z41707397,Department of Permitting Services,Open,12/30/2019,12/26/2019,12/30/2019,500.00,,,8-28-d,Occupying a substantially altered structure without a use and occupancy.
1Z34041050,Washington Metro. and Transit Auth. Police,Open,02/18/2020,02/13/2020,02/18/2020,50.00,,,54-A-2-9,Cease entering or leaving a fare-paid area of a rail transport station without paying the fare or presenting a valid transfer
2Z36226822,Department of Housing and Community Affairs,Open,01/21/2020,02/11/2020,01/21/2020,500.00,,,26-9(a)(4),Failure to maintain supplied facility in satisfactory working condition.
1Z36226674,Department of Housing and Community Affairs,Open,01/31/2020,01/24/2020,01/31/2020,500.00,,,26-9(a)(13),"Failure to remove, repair, and/or register unused vehicle"
6Z36224089,Department of Housing and Community Affairs,Open,07/11/2019,06/27/2019,07/11/2019,30.00,,10/22/2019,26-9(a)(9),"Failure to exterminate insects, rodents, or other vermin."
0Z36225420,Department of Housing and Community Affairs,Open,11/15/2019,11/05/2019,11/15/2019,500.00,Stet Docket,02/18/2020,26-9(a)(4),Failure to maintain supplied facility in satisfactory working condition.
6Z36226280,Department of Housing and Community Affairs,Open,12/19/2019,12/06/2019,12/19/2019,500.00,,03/31/2020,26-9(c)(1),"Failure to maintain plumbing fixture in good sanitary working condition free from defects, leaks, and other obstructions."
5Z36221400,Department of Housing and Community Affairs,Open,09/14/2018,09/10/2018,09/14/2018,500.00,Show Cause Order Withdrawn,02/25/2020,26-9(a)(12),Failure to eliminate public nuisance.
2Z36220760,Department of Housing and Community Affairs,Open,06/22/2018,06/18/2018,06/22/2018,500.00,Abatement Order entered,08/28/2018,26-9(a)(1),Failure to maintain item/structure in good repair.
5Z40990129,Animal Control and Humane Treatment,Open,08/19/2019,08/08/2019,08/19/2019,100.00,,11/12/2019,5-203-a-2,Refrain from allowing an animal to defecate on another person's property
6Z36226777,Department of Housing and Community Affairs,Open,02/07/2020,02/03/2020,02/07/2020,500.00,,,26-9(c)(3),"Failure to maintain wall, ceiling, floor, interior woodwork, door, and/or windows in sound condition and good repair free of flaking, peeling, or loose paint."
3Z36221846,Department of Housing and Community Affairs,Open,11/02/2018,10/24/2018,11/02/2018,500.00,Abatement Order entered,02/26/2019,26-9(c)(1),"Failure to maintain plumbing fixture in good sanitary working condition free from defects, leaks, and other obstructions."
0Z39911872,Department of Environmental Protection/Solid Waste,Open,12/15/2018,11/29/2018,12/15/2018,500.00,Default Judgment,04/16/2019,48-20-a,Obtain a collector's/haulers valid tag for the vehicle before transporting or collecting solid waste within Montgomery County
5Z36224739,Department of Housing and Community Affairs,Open,10/11/2019,09/23/2019,10/11/2019,500.00,Abatement Order entered,01/28/2020,26-9(a)(1),Failure to maintain item/structure in good repair.
0Z36226617,Department of Housing and Community Affairs,Open,01/16/2020,01/13/2020,01/16/2020,500.00,,,26-9(a)(4),Failure to maintain supplied facility in satisfactory working condition.
0Z36226589,Department of Housing and Community Affairs,Open,01/16/2020,01/07/2020,01/16/2020,500.00,,,26-9(a)(1),Failure to maintain item/structure in good repair.
3Z36223204,Department of Housing and Community Affairs,Open,04/30/2019,04/16/2019,04/30/2019,500.00,Abatement Order entered,07/23/2019,26-9(a)(1),Failure to maintain item/structure in good repair.
1Z41706729,Department of Permitting Services,Open,06/15/2018,05/18/2018,06/15/2018,500.00,Default Judgment,08/21/2018,8-26-B-B,failure to obtain the final or have current permit extended; current permit is expired
0Z35038402,Health and Human Services,Open,09/24/2018,08/28/2018,09/24/2018,100.00,Abatement Order entered,12/18/2018,39-4,Allowing their property to be infested or be in such condition as to contribute to an existing or potential rat infestation
5Z36225635,Department of Housing and Community Affairs,Open,12/02/2019,11/19/2019,12/02/2019,500.00,,03/24/2020,26-9(a)(8),"Accumulating garbage or rubbish outside of approved storage container, garage or building."
1Z36222460,Department of Housing and Community Affairs,Open,02/06/2019,01/18/2019,02/06/2019,500.00,Guilty,04/23/2019,26-9(a)(1),Failure to maintain item/structure in good repair.
1Z40851392,Washington Metro. and Transit Auth. Police,Open,02/12/2020,02/06/2020,02/12/2020,50.00,,,54-A-2-9,Cease entering or leaving a fare-paid area of a rail transport station without paying the fare or presenting a valid transfer
5Z39911863,Department of Environmental Protection/Solid Waste,Open,11/15/2018,11/02/2018,11/15/2018,500.00,Default Judgment,,48-20-a,Obtain a collector's/haulers valid tag for the vehicle before transporting or collecting solid waste within Montgomery County
2Z36222384,Department of Housing and Community Affairs,Open,01/11/2019,01/09/2019,01/11/2019,500.00,Abatement Order entered,04/23/2019,26-9(a)(8),"Accumulating garbage or rubbish outside of approved storage container, garage or building."
1Z36225442,Department of Housing and Community Affairs,Open,11/15/2019,11/05/2019,11/15/2019,500.00,Stet Docket,02/18/2020,26-9(a)(4),Failure to maintain supplied facility in satisfactory working condition.
5Z36224067,Department of Housing and Community Affairs,Open,07/11/2019,06/27/2019,07/11/2019,500.00,Abatement Order entered,10/22/2019,26-9(b)(3),"Failure to maintain exterior surfaces free of flaking, peeling or loose paint and free of water seepage and against decay."
5Z40990374,Animal Control and Humane Treatment,Open,02/28/2019,02/13/2019,02/28/2019,100.00,,05/14/2019,5-203-a-3,Prevent an animal from entering a private property without the property owners's permission
2Z33973137,Washington Metro. and Transit Auth. Police,Open,12/11/2019,11/20/2019,12/11/2019,50.00,,02/11/2020,54-A-2-9,Cease entering or leaving a fare-paid area of a rail transport station without paying the fare or presenting a valid transfer
1Z36224882,Department of Housing and Community Affairs,Open,10/23/2019,10/03/2019,10/23/2019,500.00,Abatement Order entered,02/25/2020,26-9(a)(4),Failure to maintain supplied facility in satisfactory working condition.
5Z36226335,Department of Housing and Community Affairs,Open,12/19/2019,12/06/2019,12/19/2019,500.00,,03/31/2020,26-9(a)(1),Failure to maintain item/structure in good repair.
1Z36222089,Department of Housing and Community Affairs,Open,12/11/2018,11/29/2018,12/11/2018,500.00,Abatement Order entered,04/23/2019,26-9(b)(5),"Failure to maintain grounds: free of erosion or gullying; grass or weeds over 12 inches high; and/or shrubbery, trees, vines, hedges, and other vegetation, including dead trees and branches."
5Z36226069,Department of Housing and Community Affairs,Open,12/19/2019,11/29/2019,12/19/2019,500.00,,,26-9(a)(13),"Failure to remove, repair, and/or register unused vehicle"
1Z36226282,Department of Housing and Community Affairs,Open,12/19/2019,12/06/2019,12/19/2019,500.00,,03/31/2020,26-9(c)(1),"Failure to maintain plumbing fixture in good sanitary working condition free from defects, leaks, and other obstructions."
3Z41707697,Department of Permitting Services,Open,01/03/2020,11/12/2019,01/03/2020,500.00,,,59-3-1-6,Allowing the use of a residentially zoned lot as a staging and commerical storage lot
0Z36223558,Department of Housing and Community Affairs,Open,06/03/2019,05/20/2019,06/03/2019,500.00,Dismiss without prejudice,10/29/2019,26-9(a)(1),Failure to maintain item/structure in good repair.
2Z41707682,Department of Permitting Services,Open,07/17/2019,05/24/2019,07/17/2019,500.00,Guilty,09/17/2019,59-3-3-3(H-2)ii,Conducting business in the open yard area with outdoor storage of commercial  material and equipment
4Z36224080,Department of Housing and Community Affairs,Open,07/11/2019,06/27/2019,07/11/2019,30.00,,10/22/2019,26-9(a)(9),"Failure to exterminate insects, rodents, or other vermin."
6Z42126174,Animal Control and Humane Treatment,Open,06/24/2019,06/12/2019,06/24/2019,100.00,Abatement Order entered,08/13/2019,5-203-a-5,"Prevent an animal from causing unsanitary, dangerous, or offensive conditions because of the size or number of the animals in a single location"
5Z36225369,Department of Housing and Community Affairs,Open,11/15/2019,11/05/2019,11/15/2019,500.00,Stet Docket,02/18/2020,26-9(a)(4),Failure to maintain supplied facility in satisfactory working condition.
0Z36223432,Department of Housing and Community Affairs,Open,05/22/2019,05/08/2019,05/22/2019,500.00,Guilty,08/27/2019,26-14(a),"Failure to demolish, remove or repair a condemned structure"
5Z36226447,Department of Housing and Community Affairs,Open,12/19/2019,12/12/2019,12/19/2019,500.00,,,26-9(a)(1),Failure to maintain item/structure in good repair.
4Z36226964,Department of Housing and Community Affairs,Open,03/03/2020,02/26/2020,03/03/2020,500.00,,,26-9(a)(1),Failure to maintain item/structure in good repair.
3Z36223365,Department of Housing and Community Affairs,Open,05/07/2019,05/02/2019,05/07/2019,500.00,Guilty,08/27/2019,26-9(a)(8),"Accumulating garbage or rubbish outside of approved storage container, garage or building."
6Z36225468,Department of Housing and Community Affairs,Open,11/15/2019,11/05/2019,11/15/2019,500.00,Stet Docket,02/18/2020,26-9(a)(4),Failure to maintain supplied facility in satisfactory working condition.
5Z36223731,Department of Housing and Community Affairs,Open,06/28/2019,05/29/2019,06/28/2019,500.00,Abatement Order entered,01/21/2020,26-9(b)(5),"Failure to maintain grounds: free of erosion or gullying; grass or weeds over 12 inches high; and/or shrubbery, trees, vines, hedges, and other vegetation, including dead trees and branches."
5Z36226783,Department of Housing and Community Affairs,Open,02/07/2020,02/03/2020,02/07/2020,500.00,,,26-9(a)(1),Failure to maintain item/structure in good repair.
1Z36226975,Department of Housing and Community Affairs,Open,03/03/2020,02/26/2020,03/03/2020,500.00,,,26-9(b)(3),"Failure to maintain exterior surfaces free of flaking, peeling or loose paint and free of water seepage and against decay."
4Z36220755,Department of Housing and Community Affairs,Open,06/22/2018,06/14/2018,06/22/2018,500.00,Abatement Order entered,05/28/2019,26-9(a)(1),Failure to maintain item/structure in good repair.
5Z42211636,Animal Control and Humane Treatment,Open,06/30/2019,06/19/2019,06/30/2019,750.00,Abatement Order entered,09/10/2019,5-203-C,Prevent the animal from having unwanted contact with a person or another domesticated animal at all times.
4Z36225018,Department of Housing and Community Affairs,Open,11/01/2019,10/21/2019,11/01/2019,500.00,,03/24/2020,26-9(b)(3),"Failure to maintain exterior surfaces free of flaking, peeling or loose paint and free of water seepage and against decay."
6Z36226518,Department of Housing and Community Affairs,Open,12/30/2019,12/19/2019,12/30/2019,1000.00,,,29-51(j),Failure to Report Rental Status of Each Unit in Rental Survey
2Z36227109,Department of Housing and Community Affairs,Open,03/23/2020,03/12/2020,03/23/2020,500.00,,,26-9(a)(13),"Failure to remove, repair, and/or register unused vehicle"
4Z36226600,Department of Housing and Community Affairs,Open,01/16/2020,01/09/2020,01/16/2020,500.00,,,26-9(a)(8),"Accumulating garbage or rubbish outside of approved storage container, garage or building."
0Z36226477,Department of Housing and Community Affairs,Open,12/19/2019,12/16/2019,12/19/2019,1000.00,,,29-51(j),Failure to Report Rental Status of Each Unit in Rental Survey
2Z36224379,Department of Housing and Community Affairs,Open,08/09/2019,08/01/2019,08/09/2019,500.00,Guilty,12/17/2019,26-9(a)(1),Failure to maintain item/structure in good repair.
5Z36226489,Department of Housing and Community Affairs,Open,12/19/2019,12/17/2019,12/19/2019,1000.00,,,29-51(j),Failure to Report Rental Status of Each Unit in Rental Survey
6Z36225510,Department of Housing and Community Affairs,Open,11/15/2019,11/05/2019,11/15/2019,500.00,Stet Docket,02/18/2020,26-9(a)(4),Failure to maintain supplied facility in satisfactory working condition.
4Z36224605,Department of Housing and Community Affairs,Open,09/17/2019,09/09/2019,09/17/2019,500.00,Guilty,12/17/2019,26-9(b)(3),"Failure to maintain exterior surfaces free of flaking, peeling or loose paint and free of water seepage and against decay."
2Z40859317,Washington Metro. and Transit Auth. Police,Open,02/18/2020,02/08/2020,02/18/2020,50.00,,,54-A-2-9,Cease entering or leaving a fare-paid area of a rail transport station without paying the fare or presenting a valid transfer
6Z40990067,Animal Control and Humane Treatment,Open,04/24/2018,03/07/2018,04/24/2018,100.00,Guilty,07/10/2018,5-203-a-9,Obtain and provide proof that an animal is licensed in Montgomery County
2Z36225023,Department of Housing and Community Affairs,Open,11/01/2019,10/21/2019,11/01/2019,500.00,,03/24/2020,26-9(a)(4),Failure to maintain supplied facility in satisfactory working condition.
5Z40851389,Washington Metro. and Transit Auth. Police,Open,01/15/2020,01/06/2020,01/15/2020,50.00,,03/10/2020,54-A-2-9,Cease entering or leaving a fare-paid area of a rail transport station without paying the fare or presenting a valid transfer
3Z42209100,Animal Control and Humane Treatment,Open,07/23/2019,07/03/2019,07/23/2019,100.00,Abatement Order entered,09/10/2019,5-203-a-5,"Prevent an animal from causing unsanitary, dangerous, or offensive conditions because of the size or number of the animals in a single location"
0Z36226281,Department of Housing and Community Affairs,Open,12/19/2019,12/06/2019,12/19/2019,500.00,,03/31/2020,26-6(a),Failure to maintain electrical service in good safe working condition.
1Z36227052,Department of Housing and Community Affairs,Open,03/23/2020,03/06/2020,03/23/2020,500.00,,,26-9(a)(13),"Failure to remove, repair, and/or register unused vehicle"
0Z36223544,Department of Housing and Community Affairs,Open,06/03/2019,05/17/2019,06/03/2019,500.00,Dismiss without prejudice,08/27/2019,26-6(a),Failure to maintain electrical service in good safe working condition.
3Z36223099,Department of Housing and Community Affairs,Open,04/05/2019,03/28/2019,04/05/2019,500.00,Abatement Order entered,05/28/2019,26-9(a)(1),Failure to maintain item/structure in good repair.
0Z39892006,Department of Permitting Services,Open,02/15/2019,02/12/2019,02/15/2019,500.00,Default Judgment,12/17/2019,8-26-C,Cease the construction work that does not conform to the approved plans under the permit that was issued for the property
3Z36225451,Department of Housing and Community Affairs,Open,11/15/2019,11/05/2019,11/15/2019,500.00,Stet Docket,02/18/2020,26-9(a)(4),Failure to maintain supplied facility in satisfactory working condition.
6Z36224992,Department of Housing and Community Affairs,Open,10/23/2019,10/17/2019,10/23/2019,500.00,,02/25/2020,26-9(a)(4),Failure to maintain supplied facility in satisfactory working condition.
0Z42201544,Taxicab,Open,03/15/2019,02/14/2019,03/15/2019,100.00,Default Judgment,08/13/2019,53-236-d,Provide the required 6 month mechanical inspection for the taxicab
5Z36226538,Department of Housing and Community Affairs,Open,01/03/2020,12/26/2019,01/03/2020,500.00,,,26-9(b)(5),"Failure to maintain grounds: free of erosion or gullying; grass or weeds over 12 inches high; and/or shrubbery, trees, vines, hedges, and other vegetation, including dead trees and branches."
0Z36224461,Department of Housing and Community Affairs,Open,08/23/2019,08/15/2019,08/23/2019,500.00,Guilty,12/17/2019,26-9(a)(8),"Accumulating garbage or rubbish outside of approved storage container, garage or building."
1Z36226954,Department of Housing and Community Affairs,Open,03/03/2020,02/25/2020,03/03/2020,500.00,,,26-9(b)(1),"Failure to maintain item in reasonable weather-tight, water-tight, and rodent proof condition, free from foreign matter and capable of affording privacy."
5Z36227112,Department of Housing and Community Affairs,Open,03/23/2020,03/13/2020,03/23/2020,500.00,,,26-9(a)(13),"Failure to remove, repair, and/or register unused vehicle"
5Z40854910,Washington Metro. and Transit Auth. Police,Open,12/20/2019,12/09/2019,12/20/2019,50.00,,02/11/2020,54-A-2-9,Cease entering or leaving a fare-paid area of a rail transport station without paying the fare or presenting a valid transfer
6Z42209208,Animal Control and Humane Treatment,Open,12/01/2019,11/09/2019,12/01/2019,100.00,,03/10/2020,5-203-A-1,Prevent the animal other than an altered cat to be at large
5Z36224487,Department of Housing and Community Affairs,Open,09/06/2019,08/22/2019,09/06/2019,500.00,Abatement Order entered,12/17/2019,26-9(c)(5),Failure to maintain floor covering in good repair and sanitary condition.
1Z41707205,Department of Permitting Services,Open,04/17/2018,03/23/2018,04/17/2018,500.00,Abatement Order entered,07/17/2018,8-24-a,Comply with the NOV requiring permits and inspections for large additions to the home
1Z36226919,Department of Housing and Community Affairs,Open,01/21/2020,02/18/2020,01/21/2020,500.00,,,26-8(f),Failure to provide required address for the dwelling unit.
1Z36226912,Department of Housing and Community Affairs,Open,01/21/2020,02/18/2020,01/21/2020,500.00,,,26-9(a)(8),"Accumulating garbage or rubbish outside of approved storage container, garage or building."
1Z36225547,Department of Housing and Community Affairs,Open,11/15/2019,11/05/2019,11/15/2019,500.00,Stet Docket,02/18/2020,26-9(a)(4),Failure to maintain supplied facility in satisfactory working condition.
1Z36225379,Department of Housing and Community Affairs,Open,11/15/2019,11/05/2019,11/15/2019,500.00,Stet Docket,02/18/2020,26-9(a)(4),Failure to maintain supplied facility in satisfactory working condition.
5Z36222576,Department of Housing and Community Affairs,Open,02/15/2019,02/07/2019,02/15/2019,500.00,Abatement Order entered,05/28/2019,26-9(b)(3),"Failure to maintain exterior surfaces free of flaking, peeling or loose paint and free of water seepage and against decay."
0Z39890655,Department of Environmental Protection/Solid Waste,Open,09/25/2019,09/20/2019,09/25/2019,500.00,Default Judgment,12/10/2019,48-10,Cease depositing solid waste on a public or private property without written permission from the owner
1Z36224532,Department of Housing and Community Affairs,Open,09/06/2019,08/28/2019,09/06/2019,500.00,Dismiss without prejudice,11/19/2019,26-9(a)(8),"Accumulating garbage or rubbish outside of approved storage container, garage or building."
4Z36227076,Department of Housing and Community Affairs,Open,03/23/2020,03/10/2020,03/23/2020,500.00,,,26-9(a)(1),Failure to maintain item/structure in good repair.
2Z36226276,Department of Housing and Community Affairs,Open,12/19/2019,12/06/2019,12/19/2019,500.00,,03/31/2020,26-9(a)(4),Failure to maintain supplied facility in satisfactory working condition.
0Z36225644,Department of Housing and Community Affairs,Open,12/05/2019,11/19/2019,12/05/2019,500.00,,03/31/2020,26-9(a)(2),"Failure to maintain door, window, and/or hatchway in sound working condition."
6Z40856696,Washington Metro. and Transit Auth. Police,Open,03/19/2020,03/09/2020,03/19/2020,50.00,,,54-A-2-9,Cease entering or leaving a fare-paid area of a rail transport station without paying the fare or presenting a valid transfer
6Z36225678,Department of Housing and Community Affairs,Open,12/05/2019,11/21/2019,12/05/2019,500.00,,03/31/2020,26-9(a)(1),Failure to maintain item/structure in good repair.
0Z41767726,Animal Control and Humane Treatment,Open,12/31/2019,11/27/2019,12/31/2019,100.00,,03/10/2020,5-203-a-10,Neglect of a brown male Cocker Spaniel type dog resulting in it being caused to endure unneccessary pain and suffering
5Z36223913,Department of Housing and Community Affairs,Open,07/11/2019,06/18/2019,07/11/2019,500.00,Guilty,10/29/2019,26-9(a)(13),"Failure to remove, repair, and/or register unused vehicle"
1Z36223650,Department of Housing and Community Affairs,Open,06/03/2019,05/24/2019,06/03/2019,500.00,Guilty,08/27/2019,26-9(a)(7),Failure to ensure utility services stay connected.
5Z36225516,Department of Housing and Community Affairs,Open,11/15/2019,11/05/2019,11/15/2019,500.00,Stet Docket,02/18/2020,26-9(a)(4),Failure to maintain supplied facility in satisfactory working condition.
2Z40952921,Department of Permitting Services,Open,02/25/2020,02/13/2020,02/25/2020,1000.00,,,19-16-a,"Refrain from engaging in any land disturbing activity and causing soil, earth, sand, gravel, rock, stone or other material to be deposited upon any public street or roadway."
0Z36224825,Department of Housing and Community Affairs,Open,10/11/2019,10/01/2019,10/11/2019,500.00,Dismiss without prejudice,02/25/2020,26-9(a)(13),"Failure to remove, repair, and/or register unused vehicle"
3Z36220425,Department of Housing and Community Affairs,Open,05/23/2018,05/10/2018,05/23/2018,500.00,Abatement Order entered,07/24/2018,26-9(a)(1),Failure to maintain item/structure in good repair.
6Z36224740,Department of Housing and Community Affairs,Open,09/30/2019,09/23/2019,09/30/2019,500.00,Continued,01/28/2020,26-9(a)(13),"Failure to remove, repair, and/or register unused vehicle"
3Z4110989,Office of Consumer Protection,Open,05/15/2019,04/19/2019,05/15/2019,500.00,,,11-4-y,taking payment for automotive body repairs without performing the repairs
4Z36226894,Department of Housing and Community Affairs,Open,01/21/2020,02/14/2020,01/21/2020,500.00,,,26-9(b)(3),"Failure to maintain exterior surfaces free of flaking, peeling or loose paint and free of water seepage and against decay."
6Z36223431,Department of Housing and Community Affairs,Open,05/22/2019,05/08/2019,05/22/2019,500.00,Guilty,08/27/2019,26-9(b)(5),"Failure to maintain grounds: free of erosion or gullying; grass or weeds over 12 inches high; and/or shrubbery, trees, vines, hedges, and other vegetation, including dead trees and branches."
6Z41707728,Department of Permitting Services,Open,03/15/2019,02/05/2019,03/15/2019,500.00,Abatement Order entered,08/20/2019,59-6-2-5-L1,Parking vehicle on non-surfaced area of front yard
1Z36225267,Department of Housing and Community Affairs,Open,11/15/2019,11/05/2019,11/15/2019,500.00,Stet Docket,02/18/2020,26-9(a)(4),Failure to maintain supplied facility in satisfactory working condition.
6Z36220302,Department of Housing and Community Affairs,Open,05/04/2018,04/25/2018,05/04/2018,500.00,Abatement Order entered,08/28/2018,26-9(a)(8),"Accumulating garbage or rubbish outside of approved storage container, garage or building."
0Z36226246,Department of Housing and Community Affairs,Open,12/19/2019,12/06/2019,12/19/2019,500.00,,03/31/2020,26-6(a),Failure to maintain electrical service in good safe working condition.
4Z41707152,Department of Permitting Services,Open,12/24/2018,12/14/2018,12/24/2018,500.00,Continued,01/21/2020,8-24-a,Comply with the NOV requiring permits and inspections for large additions to the home
0Z36225553,Department of Housing and Community Affairs,Open,11/15/2019,11/05/2019,11/15/2019,500.00,Stet Docket,02/18/2020,26-9(a)(4),Failure to maintain supplied facility in satisfactory working condition.
5Z36219650,Department of Housing and Community Affairs,Open,01/12/2018,01/04/2018,01/12/2018,500.00,Show Cause Order,10/08/2019,26-9(a)(4),Failure to maintain supplied facility in satisfactory working condition.
1Z42209014,Animal Control and Humane Treatment,Open,06/24/2019,,06/24/2019,100.00,Abatement Order entered,08/13/2019,5-203-a-3,Prevent an animal from entering a private property without the property owners's permission
5Z36224466,Department of Housing and Community Affairs,Open,08/23/2019,08/15/2019,08/23/2019,500.00,Guilty,12/17/2019,26-9(a)(8),"Accumulating garbage or rubbish outside of approved storage container, garage or building."
3Z36226774,Department of Housing and Community Affairs,Open,02/07/2020,02/03/2020,02/07/2020,500.00,,,26-9(a)(4),Failure to maintain supplied facility in satisfactory working condition.
6Z36225517,Department of Housing and Community Affairs,Open,11/15/2019,11/05/2019,11/15/2019,500.00,Stet Docket,02/18/2020,26-9(a)(4),Failure to maintain supplied facility in satisfactory working condition.
0Z36226540,Department of Housing and Community Affairs,Open,01/03/2020,12/26/2019,01/03/2020,500.00,,,26-9(a)(13),"Failure to remove, repair, and/or register unused vehicle"
5Z36226965,Department of Housing and Community Affairs,Open,03/03/2020,02/26/2020,03/03/2020,500.00,,,26-9(a)(4),Failure to maintain supplied facility in satisfactory working condition.
0Z42211652,Animal Control and Humane Treatment,Open,07/05/2019,07/02/2019,07/05/2019,500.00,,10/08/2019,5-203-C,Prevent the animal from having unwanted contact with a person or another domesticated animal at all times.
5Z36226951,Department of Housing and Community Affairs,Open,03/03/2020,02/24/2020,03/03/2020,500.00,,,26-8(b)(1),Failure to provide working smoke detector.
4Z36227013,Department of Housing and Community Affairs,Open,03/23/2020,03/03/2020,03/23/2020,500.00,,,26-9(b)(3),"Failure to maintain exterior surfaces free of flaking, peeling or loose paint and free of water seepage and against decay."
5Z36225425,Department of Housing and Community Affairs,Open,11/15/2019,11/05/2019,11/15/2019,500.00,Stet Docket,02/18/2020,26-9(a)(4),Failure to maintain supplied facility in satisfactory working condition.
1Z41782567,Board of License Commissioners,Open,02/18/2020,12/04/2019,02/18/2020,1000.00,,,24-11-B(1)(i),"Did or did offer to deliver, dispense, issue, give away or sell a tobacco product to a minor"
4Z36225473,Department of Housing and Community Affairs,Open,11/15/2019,11/05/2019,11/15/2019,500.00,Stet Docket,02/18/2020,26-9(a)(4),Failure to maintain supplied facility in satisfactory working condition.
1Z36223713,Department of Housing and Community Affairs,Open,06/03/2019,05/28/2019,06/03/2019,500.00,Guilty,08/27/2019,26-13(c)(3),Occupying or allowing the occupancy of a condemned dwelling/structure.
1Z36224693,Department of Housing and Community Affairs,Open,09/20/2019,09/18/2019,09/20/2019,500.00,,,26-9(b)(2),"Failure to maintain item in reasonable weather-tight, water-tight, and rodent proof manner."
1Z36226268,Department of Housing and Community Affairs,Open,12/19/2019,12/06/2019,12/19/2019,500.00,,03/31/2020,26-9(a)(1),Failure to maintain item/structure in good repair.
3Z36225605,Department of Housing and Community Affairs,Open,12/02/2019,11/12/2019,12/02/2019,500.00,,03/24/2020,26-9(a)(8),"Accumulating garbage or rubbish outside of approved storage container, garage or building."
0Z36227002,Department of Housing and Community Affairs,Open,03/23/2020,03/03/2020,03/23/2020,500.00,,,26-9(a)(2),"Failure to maintain door, window, and/or hatchway in sound working condition."
4Z36226845,Department of Housing and Community Affairs,Open,01/21/2020,02/13/2020,01/21/2020,500.00,,,26-9(a)(4),Failure to maintain supplied facility in satisfactory working condition.
2Z41707605,Department of Permitting Services,Open,01/21/2020,01/27/2020,01/21/2020,500.00,,,59-3-1-6,Allowing the use of a residentially zoned lot as a staging and commerical storage lot
4z42126200,Animal Control and Humane Treatment,Open,10/01/2019,09/12/2019,10/01/2019,500.00,Default Judgment,12/10/2019,5-402-C,"An owner must vaccinate a cat, dog, or ferret older than 4 months of age against rabies and provide proof of the most recent vaccination to an animal control officer within 24 hours."
5Z36222506,Department of Housing and Community Affairs,Open,02/15/2019,01/24/2019,02/15/2019,500.00,Default Judgment,10/22/2019,26-9(a)(13),"Failure to remove, repair, and/or register unused vehicle"
4Z36225116,Department of Housing and Community Affairs,Open,11/11/2019,10/30/2019,11/11/2019,500.00,,03/24/2020,26-9(a)(1),Failure to maintain item/structure in good repair.
1Z42211632,Animal Control and Humane Treatment,Open,05/25/2019,05/17/2019,05/25/2019,500.00,Abatement Order entered,08/13/2019,5-203-C,Prevent the animal from having unwanted contact with a person or another domesticated animal at all times.
2Z36220396,Department of Housing and Community Affairs,Open,05/08/2018,05/03/2018,05/08/2018,500.00,Default Judgment,07/24/2018,26-9(b)(4),"Failure to maintain apron, driveway, sidewalk, walkway, parking lot, and/or patio in good serviceable and safe condition."
2Z42125876,Animal Control and Humane Treatment,Open,05/24/2018,05/07/2018,05/24/2018,500.00,Abatement Order entered,07/10/2018,5-203-C,Prevent the animal from having unwanted contact with a person or another domesticated animal at all times.
1Z36225673,Department of Housing and Community Affairs,Open,12/05/2019,11/21/2019,12/05/2019,500.00,,03/31/2020,26-9(c)(5),Failure to maintain floor covering in good repair and sanitary condition.
4Z36220384,Department of Housing and Community Affairs,Open,05/04/2018,05/02/2018,05/04/2018,500.00,,02/19/2019,26-9(a)(1),Failure to maintain item/structure in good repair.
5Z42209200,Animal Control and Humane Treatment,Open,10/02/2019,09/29/2019,10/02/2019,500.00,Dismiss without prejudice,02/11/2020,5-203-C,Prevent the animal from having unwanted contact with a person or another domesticated animal at all times.
0Z42209209,Animal Control and Humane Treatment,Open,12/01/2019,11/09/2019,12/01/2019,500.00,,03/10/2020,5-203-C,Prevent the animal from having unwanted contact with a person or another domesticated animal at all times.
5Z40990073,Animal Control and Humane Treatment,Open,04/24/2018,04/09/2018,04/24/2018,500.00,Abatement Order entered,07/10/2018,5-203-C,Prevent the animal from having unwanted contact with a person or another domesticated animal at all times.
6Z42316938,False Alarm,Open,09/20/2019,09/03/2019,09/20/2019,500.00,,,3a-4C(5),Requesting police dispatch to a burglar alarm activation after having been notified that the alarm user was in a suspended police response status.
6Z36223711,Department of Housing and Community Affairs,Open,06/03/2019,05/28/2019,06/03/2019,500.00,,,26-9(a)(7),Failure to ensure utility services stay connected.
6Z36225384,Department of Housing and Community Affairs,Open,11/15/2019,11/05/2019,11/15/2019,500.00,Stet Docket,02/18/2020,26-9(a)(4),Failure to maintain supplied facility in satisfactory working condition.
4Z36223100,Department of Housing and Community Affairs,Open,04/05/2019,03/28/2019,04/05/2019,500.00,Abatement Order entered,05/28/2019,26-6(a),Failure to maintain electrical service in good safe working condition.
6Z36226056,Department of Housing and Community Affairs,Open,12/19/2019,11/26/2019,12/19/2019,500.00,,,26-9(a)(4),Failure to maintain supplied facility in satisfactory working condition.
0Z36226785,Department of Housing and Community Affairs,Open,02/07/2020,02/03/2020,02/07/2020,500.00,,,26-9(a)(1),Failure to maintain item/structure in good repair.
0Z36226596,Department of Housing and Community Affairs,Open,01/16/2020,01/07/2020,01/16/2020,500.00,,,26-9(a)(1),Failure to maintain item/structure in good repair.
5Z36222016,Department of Housing and Community Affairs,Open,11/27/2018,11/14/2018,11/27/2018,500.00,Continued,01/28/2020,26-9(a)(13),"Failure to remove, repair, and/or register unused vehicle"
1Z42126162,Animal Control and Humane Treatment,Open,01/31/2019,01/23/2019,01/31/2019,500.00,,04/09/2019,5-203-C,Prevent the animal from having unwanted contact with a person or another domesticated animal at all times.
6Z36224852,Department of Housing and Community Affairs,Open,10/23/2019,10/02/2019,10/23/2019,500.00,,02/25/2020,26-9(a)(8),"Accumulating garbage or rubbish outside of approved storage container, garage or building."
1Z36226618,Department of Housing and Community Affairs,Open,01/16/2020,01/13/2020,01/16/2020,500.00,,,26-9(a)(1),Failure to maintain item/structure in good repair.
0Z36226708,Department of Housing and Community Affairs,Open,01/31/2020,01/27/2020,01/31/2020,500.00,,,26-9(a)(1),Failure to maintain item/structure in good repair.
2Z40952914,Department of Permitting Services,Open,07/17/2019,07/09/2019,07/17/2019,1000.00,Continued,11/19/2019,19-13-A,"Maintain in a good & effective condition and promptly repair or restore all grade surfaces, walls, drains, dams, and structures, plantings, vegetation, erosion and sediment control measures and other devices."
0Z40613545,Washington Metro. and Transit Auth. Police,Open,01/29/2020,12/23/2019,01/29/2020,50.00,,,54-A-2-9,Cease entering or leaving a fare-paid area of a rail transport station without paying the fare or presenting a valid transfer
0Z41767894,Animal Control and Humane Treatment,Open,01/28/2020,01/24/2020,01/28/2020,100.00,,,5-203-a-9,Obtain and provide proof that an animal is licensed in Montgomery County
6Z36223494,Department of Housing and Community Affairs,Open,05/22/2019,05/15/2019,05/22/2019,500.00,Guilty,08/27/2019,26-14(a),"Failure to demolish, remove or repair a condemned structure"
2Z36224666,Department of Housing and Community Affairs,Open,09/30/2019,09/17/2019,09/30/2019,500.00,Continued,01/28/2020,26-9(b)(5),"Failure to maintain grounds: free of erosion or gullying; grass or weeds over 12 inches high; and/or shrubbery, trees, vines, hedges, and other vegetation, including dead trees and branches."
3Z40860795,Washington Metro. and Transit Auth. Police,Open,11/06/2019,10/25/2019,11/06/2019,50.00,,02/11/2020,54-A-2-9,Cease entering or leaving a fare-paid area of a rail transport station without paying the fare or presenting a valid transfer
4Z36223366,Department of Housing and Community Affairs,Open,05/07/2019,05/02/2019,05/07/2019,500.00,Guilty,08/27/2019,26-9(a)(6),Failure to maintain premises in safe and sanitary condition.
2Z36223133,Department of Housing and Community Affairs,Open,04/19/2019,04/03/2019,04/19/2019,500.00,Continued,01/28/2020,26-9(a)(13),"Failure to remove, repair, and/or register unused vehicle"
5Z36224662,Department of Housing and Community Affairs,Open,01/31/2020,09/17/2019,01/31/2020,500.00,,,26-9(a)(13),"Failure to remove, repair, and/or register unused vehicle"
4Z41707131,Department of Permitting Services,Open,09/06/2019,08/16/2019,09/06/2019,500.00,Dismiss without prejudice,01/14/2020,8-24-a,Comply with the NOV requiring permits and inspections for large additions to the home
5Z36226587,Department of Housing and Community Affairs,Open,01/16/2020,01/07/2020,01/16/2020,500.00,,,26-8(b)(1),Failure to provide working smoke detector.
4Z36226614,Department of Housing and Community Affairs,Open,01/16/2020,01/13/2020,01/16/2020,500.00,,,26-9(c)(3),"Failure to maintain wall, ceiling, floor, interior woodwork, door, and/or windows in sound condition and good repair free of flaking, peeling, or loose paint."
2Z36226591,Department of Housing and Community Affairs,Open,01/16/2020,01/07/2020,01/16/2020,500.00,,,26-9(a)(4),Failure to maintain supplied facility in satisfactory working condition.
1Z36226534,Department of Housing and Community Affairs,Open,01/16/2020,12/26/2019,01/16/2020,500.00,,,26-6(a),Failure to maintain electrical service in good safe working condition.
5Z36226678,Department of Housing and Community Affairs,Open,01/31/2020,01/24/2020,01/31/2020,500.00,,,26-9(a)(13),"Failure to remove, repair, and/or register unused vehicle"
2Z36226612,Department of Housing and Community Affairs,Open,01/16/2020,01/13/2020,01/16/2020,500.00,,,26-9(c)(3),"Failure to maintain wall, ceiling, floor, interior woodwork, door, and/or windows in sound condition and good repair free of flaking, peeling, or loose paint."
0Z39905663,Animal Control and Humane Treatment,Open,04/30/2019,04/29/2019,04/30/2019,500.00,Abatement Order entered,09/10/2019,5-203-C,Prevent the animal from having unwanted contact with a person or another domesticated animal at all times.
4Z36224668,Department of Housing and Community Affairs,Open,09/30/2019,09/17/2019,09/30/2019,500.00,Continued,01/28/2020,26-9(a)(1),Failure to maintain item/structure in good repair.
4Z36223478,Department of Housing and Community Affairs,Open,05/22/2019,05/14/2019,05/22/2019,500.00,Guilty,08/27/2019,26-9(b)(3),"Failure to maintain exterior surfaces free of flaking, peeling or loose paint and free of water seepage and against decay."
1Z36224700,Department of Housing and Community Affairs,Open,09/30/2019,09/19/2019,09/30/2019,500.00,Continued,01/28/2020,26-9(b)(5),"Failure to maintain grounds: free of erosion or gullying; grass or weeds over 12 inches high; and/or shrubbery, trees, vines, hedges, and other vegetation, including dead trees and branches."
0Z42209013,Animal Control and Humane Treatment,Open,06/24/2019,,06/24/2019,500.00,Abatement Order entered,08/13/2019,5-203-C,Prevent the animal from having unwanted contact with a person or another domesticated animal at all times.
4Z42211621,Animal Control and Humane Treatment,Open,06/30/2019,06/17/2019,06/30/2019,100.00,,10/08/2019,5-203-a-9,Obtain and provide proof that an animal is licensed in Montgomery County
6Z36226581,Department of Housing and Community Affairs,Open,01/16/2020,01/07/2020,01/16/2020,500.00,,,26-9(a)(2),"Failure to maintain door, window, and/or hatchway in sound working condition."
4Z35069247,Washington Metro. and Transit Auth. Police,Open,01/29/2020,12/28/2019,01/29/2020,50.00,,,54-A-2-9,Cease entering or leaving a fare-paid area of a rail transport station without paying the fare or presenting a valid transfer
1Z36226597,Department of Housing and Community Affairs,Open,01/16/2020,01/07/2020,01/16/2020,500.00,,,26-9(a)(6),Failure to maintain premises in safe and sanitary condition.
6Z36220085,Department of Housing and Community Affairs,Open,03/26/2018,03/12/2018,03/26/2018,500.00,Guilty,05/14/2019,26-9(b)(3),"Failure to maintain exterior surfaces free of flaking, peeling or loose paint and free of water seepage and against decay."
3Z42317173,False Alarm,Open,01/24/2020,12/19/2019,01/24/2020,500.00,,,3a-4C(2),requesting police dispatch to a burglar alarm activation without providing the required alarm user registration number.
1Z36224553,Department of Housing and Community Affairs,Open,09/06/2019,09/03/2019,09/06/2019,500.00,Abatement Order entered,01/28/2020,26-9(c)(1),"Failure to maintain plumbing fixture in good sanitary working condition free from defects, leaks, and other obstructions."
0Z36224552,Department of Housing and Community Affairs,Open,09/06/2019,09/03/2019,09/06/2019,500.00,Abatement Order entered,01/28/2020,26-9(a)(4),Failure to maintain supplied facility in satisfactory working condition.
5Z36220084,Department of Housing and Community Affairs,Open,03/26/2018,03/12/2018,03/26/2018,500.00,Guilty,05/14/2019,26-9(b)(3),"Failure to maintain exterior surfaces free of flaking, peeling or loose paint and free of water seepage and against decay."
6Z33973127,Washington Metro. and Transit Auth. Police,Open,10/01/2019,09/17/2019,10/01/2019,50.00,Default Judgment,01/14/2020,54-A-2-9,Cease entering or leaving a fare-paid area of a rail transport station without paying the fare or presenting a valid transfer
4Z36224738,Department of Housing and Community Affairs,Open,10/11/2019,09/23/2019,10/11/2019,500.00,Abatement Order entered,01/28/2020,26-9(a)(13),"Failure to remove, repair, and/or register unused vehicle"
1Z42227501,Department of Permitting Services,Open,02/03/2020,01/24/2020,02/03/2020,1000.00,,,19-2-a,Cease engaging into any land disturbing activity without first the proper permit from DPS.
6Z36226707,Department of Housing and Community Affairs,Open,01/31/2020,01/27/2020,01/31/2020,500.00,,,26-9(a)(8),"Accumulating garbage or rubbish outside of approved storage container, garage or building."
0Z36224580,Department of Housing and Community Affairs,Open,09/30/2019,09/05/2019,09/30/2019,500.00,Abatement Order entered,01/28/2020,26-9(a)(2),"Failure to maintain door, window, and/or hatchway in sound working condition."
6Z36226616,Department of Housing and Community Affairs,Open,01/16/2020,01/13/2020,01/16/2020,500.00,,,26-9(a)(2),"Failure to maintain door, window, and/or hatchway in sound working condition."
2Z36226598,Department of Housing and Community Affairs,Open,01/16/2020,01/08/2020,01/16/2020,500.00,,,26-9(a)(13),"Failure to remove, repair, and/or register unused vehicle"
1Z41782476,Board of License Commissioners,Open,08/23/2019,05/22/2019,08/23/2019,1000.00,Default Judgment,09/10/2019,24-11-B(1)(i),"Did or did offer to deliver, dispense, issue, give away or sell a tobacco product to a minor"
1Z36223853,Department of Housing and Community Affairs,Open,07/11/2019,06/11/2019,07/11/2019,500.00,Abatement Order entered,01/28/2020,26-9(a)(1),Failure to maintain item/structure in good repair.
3Z40851254,Washington Metro. and Transit Auth. Police,Open,11/06/2019,10/28/2019,11/06/2019,50.00,,02/11/2020,54-A-2-9,Cease entering or leaving a fare-paid area of a rail transport station without paying the fare or presenting a valid transfer
0Z36226652,Department of Housing and Community Affairs,Open,01/24/2020,01/15/2020,01/24/2020,500.00,,,26-9(a)(1),Failure to maintain item/structure in good repair.
0Z36223096,Department of Housing and Community Affairs,Open,04/05/2019,03/28/2019,04/05/2019,500.00,Abatement Order entered,05/28/2019,26-9(a)(6),Failure to maintain premises in safe and sanitary condition.
6Z36227141,Department of Housing and Community Affairs,Open,03/24/2020,03/18/2020,03/24/2020,500.00,,,26-9(a)(4),Failure to maintain supplied facility in satisfactory working condition.
4Z41706935,Department of Permitting Services,Open,01/15/2020,12/31/2019,01/15/2020,1000.00,,,19-2-a,Cease engaging into any land disturbing activity without first the proper permit from DPS.
1Z36226695,Department of Housing and Community Affairs,Open,01/31/2020,01/27/2020,01/31/2020,500.00,,,26-9(c)(5),Failure to maintain floor covering in good repair and sanitary condition.
3Z41767897,Animal Control and Humane Treatment,Open,01/28/2020,01/25/2020,01/28/2020,100.00,,,5-203-a-9,Obtain and provide proof that an animal is licensed in Montgomery County
5Z36224613,Department of Housing and Community Affairs,Open,09/20/2019,09/10/2019,09/20/2019,500.00,,,26-9(b)(5),"Failure to maintain grounds: free of erosion or gullying; grass or weeds over 12 inches high; and/or shrubbery, trees, vines, hedges, and other vegetation, including dead trees and branches."
2Z36226241,Department of Housing and Community Affairs,Open,12/19/2019,12/06/2019,12/19/2019,500.00,,03/31/2020,26-9(a)(1),Failure to maintain item/structure in good repair.
2Z36223854,Department of Housing and Community Affairs,Open,07/11/2019,06/11/2019,07/11/2019,500.00,Abatement Order entered,01/28/2020,26-9(a)(1),Failure to maintain item/structure in good repair.
6Z36224621,Department of Housing and Community Affairs,Open,09/20/2019,09/10/2019,09/20/2019,500.00,,,26-9(b)(5),"Failure to maintain grounds: free of erosion or gullying; grass or weeds over 12 inches high; and/or shrubbery, trees, vines, hedges, and other vegetation, including dead trees and branches."
1Z36222663,Department of Housing and Community Affairs,Open,03/01/2019,02/19/2019,03/01/2019,500.00,Default Judgment,05/28/2019,26-9(b)(3),"Failure to maintain exterior surfaces free of flaking, peeling or loose paint and free of water seepage and against decay."
3Z36225479,Department of Housing and Community Affairs,Open,11/15/2019,11/05/2019,11/15/2019,500.00,Stet Docket,02/18/2020,26-9(a)(4),Failure to maintain supplied facility in satisfactory working condition.
3Z36226830,Department of Housing and Community Affairs,Open,02/14/2020,02/11/2020,02/14/2020,500.00,,,26-9(a)(13),"Failure to remove, repair, and/or register unused vehicle"
1Z36226709,Department of Housing and Community Affairs,Open,01/31/2020,01/27/2020,01/31/2020,500.00,,,26-9(a)(1),Failure to maintain item/structure in good repair.
2Z36223847,Department of Housing and Community Affairs,Open,07/11/2019,06/10/2019,07/11/2019,500.00,Guilty,10/29/2019,26-9(b)(3),"Failure to maintain exterior surfaces free of flaking, peeling or loose paint and free of water seepage and against decay."
3Z36225227,Department of Housing and Community Affairs,Open,11/15/2019,11/05/2019,11/15/2019,500.00,Stet Docket,02/18/2020,26-9(a)(4),Failure to maintain supplied facility in satisfactory working condition.
6Z34041041,Washington Metro. and Transit Auth. Police,Open,02/12/2020,02/05/2020,02/12/2020,50.00,,,54-A-2-9,Cease entering or leaving a fare-paid area of a rail transport station without paying the fare or presenting a valid transfer
2Z42126198,Animal Control and Humane Treatment,Open,09/13/2019,09/05/2019,09/13/2019,50.00,Default Judgment,01/14/2020,5-203-a-9,Obtain and provide proof that an animal is licensed in Montgomery County
2Z36223315,Department of Housing and Community Affairs,Open,05/07/2019,04/26/2019,05/07/2019,500.00,Abatement Order entered,10/22/2019,26-9(b)(3),"Failure to maintain exterior surfaces free of flaking, peeling or loose paint and free of water seepage and against decay."
6Z36224929,Department of Housing and Community Affairs,Open,10/11/2019,10/09/2019,10/11/2019,500.00,Continued,02/25/2020,26-9(a)(1),Failure to maintain item/structure in good repair.
1Z36225281,Department of Housing and Community Affairs,Open,11/15/2019,11/05/2019,11/15/2019,500.00,Stet Docket,02/18/2020,26-9(a)(4),Failure to maintain supplied facility in satisfactory working condition.
1Z36224840,Department of Housing and Community Affairs,Open,10/11/2019,10/02/2019,10/11/2019,500.00,Abatement Order entered,02/25/2020,26-9(a)(8),"Accumulating garbage or rubbish outside of approved storage container, garage or building."
2Z36226843,Department of Housing and Community Affairs,Open,01/21/2020,02/13/2020,01/21/2020,500.00,,,26-9(a)(1),Failure to maintain item/structure in good repair.
5Z36225299,Department of Housing and Community Affairs,Open,11/15/2019,11/05/2019,11/15/2019,500.00,Stet Docket,02/18/2020,26-9(a)(4),Failure to maintain supplied facility in satisfactory working condition.
3Z36224373,Department of Housing and Community Affairs,Open,08/09/2019,07/29/2019,08/09/2019,500.00,Guilty,12/17/2019,26-9(b)(3),"Failure to maintain exterior surfaces free of flaking, peeling or loose paint and free of water seepage and against decay."
1Z36223370,Department of Housing and Community Affairs,Open,05/07/2019,05/03/2019,05/07/2019,500.00,Abatement Order entered,07/23/2019,26-9(a)(8),"Accumulating garbage or rubbish outside of approved storage container, garage or building."
2Z42105261,Animal Control and Humane Treatment,Open,12/01/2019,11/20/2019,12/01/2019,100.00,,03/10/2020,5-203-A-1,Prevent the animal other than an altered cat to be at large
2Z36226367,Department of Housing and Community Affairs,Open,12/19/2019,12/06/2019,12/19/2019,500.00,,03/31/2020,26-6(a),Failure to maintain electrical service in good safe working condition.
1Z36223937,Department of Housing and Community Affairs,Open,06/28/2019,06/20/2019,06/28/2019,500.00,Abatement Order entered,10/15/2019,26-10(c),"Failure to maintain item in good condition and substantially free from damage and deterioration. Each exterior surface must be free from flaking, peeling, or loose paint and graffiti."
6Z36225580,Department of Housing and Community Affairs,Open,11/15/2019,11/06/2019,11/15/2019,500.00,,03/24/2020,26-9(a)(8),"Accumulating garbage or rubbish outside of approved storage container, garage or building."
6Z36223088,Department of Housing and Community Affairs,Open,04/05/2019,03/27/2019,04/05/2019,500.00,Abatement Order entered,06/25/2019,29-16(a),Operating a rental facility without first obtaining a rental facility license.
3Z40851961,Washington Metro. and Transit Auth. Police,Open,01/29/2020,12/20/2019,01/29/2020,50.00,,,54-A-2-9,Cease entering or leaving a fare-paid area of a rail transport station without paying the fare or presenting a valid transfer
4Z36225172,Department of Housing and Community Affairs,Open,11/15/2019,11/04/2019,11/15/2019,500.00,,03/24/2020,26-13(c)(3),Occupying or allowing the occupancy of a condemned dwelling/structure.
0Z39912033,Department of Environmental Protection/Solid Waste,Open,01/15/2020,01/13/2020,01/15/2020,500.00,,,48-10,Cease depositing solid waste on a public or private property without written permission from the owner
0Z36223320,Department of Housing and Community Affairs,Open,05/07/2019,04/26/2019,05/07/2019,500.00,Abatement Order entered,07/30/2019,26-9(b)(5),"Failure to maintain grounds: free of erosion or gullying; grass or weeds over 12 inches high; and/or shrubbery, trees, vines, hedges, and other vegetation, including dead trees and branches."
2Z36226647,Department of Housing and Community Affairs,Open,01/24/2020,01/15/2020,01/24/2020,500.00,,,26-9(a)(1),Failure to maintain item/structure in good repair.
0Z36224153,Department of Housing and Community Affairs,Open,07/19/2019,07/02/2019,07/19/2019,500.00,Guilty,10/29/2019,26-9(c)(1),"Failure to maintain plumbing fixture in good sanitary working condition free from defects, leaks, and other obstructions."
2Z40953418,Department of Permitting Services,Open,12/01/2019,11/15/2019,12/01/2019,500.00,,,49-35-A,removed street trees located in the right of way without a right of way constructioni permit
3Z36225262,Department of Housing and Community Affairs,Open,11/15/2019,11/05/2019,11/15/2019,500.00,Stet Docket,02/18/2020,26-9(a)(4),Failure to maintain supplied facility in satisfactory working condition.
6Z36218916,Department of Housing and Community Affairs,Open,08/24/2017,08/21/2017,08/24/2017,500.00,Continued,01/28/2020,26-9(a)(1),Failure to maintain item/structure in good repair.
3Z36225563,Department of Housing and Community Affairs,Open,11/15/2019,11/05/2019,11/15/2019,500.00,Stet Docket,02/18/2020,26-9(a)(4),Failure to maintain supplied facility in satisfactory working condition.
3Z36225143,Department of Housing and Community Affairs,Open,11/11/2019,10/30/2019,11/11/2019,500.00,,03/24/2020,26-8(a)(1),Failure to provide safe and unobstructed means of escape leading to safe and open space ground level.
4Z36224458,Department of Housing and Community Affairs,Open,08/23/2019,08/15/2019,08/23/2019,500.00,,12/17/2019,26-9(a)(1),Failure to maintain item/structure in good repair.
6Z42317204,False Alarm,Open,01/24/2020,12/19/2019,01/24/2020,500.00,,,3a-4C(2),requesting police dispatch to a burglar alarm activation without providing the required alarm user registration number.
1Z36226345,Department of Housing and Community Affairs,Open,12/19/2019,12/06/2019,12/19/2019,500.00,,03/31/2020,26-9(a)(1),Failure to maintain item/structure in good repair.
5Z36225341,Department of Housing and Community Affairs,Open,11/15/2019,11/05/2019,11/15/2019,500.00,Stet Docket,02/18/2020,26-9(a)(4),Failure to maintain supplied facility in satisfactory working condition.
0Z36224496,Department of Housing and Community Affairs,Open,08/27/2019,08/22/2019,08/27/2019,500.00,Guilty,12/17/2019,26-9(a)(8),"Accumulating garbage or rubbish outside of approved storage container, garage or building."
1Z40855242,Washington Metro. and Transit Auth. Police,Open,02/03/2020,01/16/2020,02/03/2020,50.00,,,54-A-2-9,Cease entering or leaving a fare-paid area of a rail transport station without paying the fare or presenting a valid transfer
1Z41707779,Department of Permitting Services,Open,04/30/2019,04/18/2019,04/30/2019,1000.00,Abatement Order entered,07/30/2019,19-2-a,Cease engaging into any land disturbing activity without first the proper permit from DPS.
5Z36226559,Department of Housing and Community Affairs,Open,01/16/2020,01/06/2020,01/16/2020,500.00,,,26-9(a)(4),Failure to maintain supplied facility in satisfactory working condition.
6Z36225482,Department of Housing and Community Affairs,Open,11/15/2019,11/05/2019,11/15/2019,500.00,Stet Docket,02/18/2020,26-9(a)(4),Failure to maintain supplied facility in satisfactory working condition.
1Z36225554,Department of Housing and Community Affairs,Open,11/15/2019,11/05/2019,11/15/2019,500.00,Stet Docket,02/18/2020,26-9(a)(4),Failure to maintain supplied facility in satisfactory working condition.
6Z36226889,Department of Housing and Community Affairs,Open,01/21/2020,02/14/2020,01/21/2020,500.00,,,26-9(a)(1),Failure to maintain item/structure in good repair.
6Z41707469,Department of Permitting Services,Open,11/11/2019,10/22/2019,11/11/2019,500.00,,,26-9(b)(5),"Failure to maintain grounds: free of erosion or gullying; grass or weeds over 12 inches high; and/or shrubbery, trees, vines, hedges, and other vegetation, including dead trees and branches."
2Z36226668,Department of Housing and Community Affairs,Open,01/31/2020,01/22/2020,01/31/2020,500.00,,,26-9(a)(9),"Failure to exterminate insects, rodents, or other vermin."
2Z42126093,Animal Control and Humane Treatment,Open,12/30/2019,12/18/2019,12/30/2019,500.00,,03/10/2020,5-203-C,Prevent the animal from having unwanted contact with a person or another domesticated animal at all times.
1Z36224665,Department of Housing and Community Affairs,Open,09/30/2019,09/17/2019,09/30/2019,500.00,Continued,01/28/2020,26-9(a)(1),Failure to maintain item/structure in good repair.
3Z36226606,Department of Housing and Community Affairs,Open,01/16/2020,01/10/2020,01/16/2020,500.00,,,26-9(a)(2),"Failure to maintain door, window, and/or hatchway in sound working condition."
6Z36224579,Department of Housing and Community Affairs,Open,09/30/2019,09/05/2019,09/30/2019,500.00,Abatement Order entered,01/28/2020,26-9(a)(1),Failure to maintain item/structure in good repair.
1Z36223419,Department of Housing and Community Affairs,Open,05/22/2019,05/08/2019,05/22/2019,500.00,Continued,10/15/2019,29-16(a),Operating a rental facility without first obtaining a rental facility license.
2Z40850364,Washington Metro. and Transit Auth. Police,Open,01/29/2020,12/31/2019,01/29/2020,50.00,,,54-A-2-9,Cease entering or leaving a fare-paid area of a rail transport station without paying the fare or presenting a valid transfer
1Z36223797,Department of Housing and Community Affairs,Open,06/14/2019,06/06/2019,06/14/2019,500.00,Abatement Order entered,10/15/2019,26-9(a)(13),"Failure to remove, repair, and/or register unused vehicle"
1Z42105253,Animal Control and Humane Treatment,Open,11/25/2019,11/08/2019,11/25/2019,100.00,,03/10/2020,5-203-a-9,Obtain and provide proof that an animal is licensed in Montgomery County
2Z36226850,Department of Housing and Community Affairs,Open,03/03/2020,02/13/2020,03/03/2020,500.00,,,26-9(a)(1),Failure to maintain item/structure in good repair.
5Z42125816,Animal Control and Humane Treatment,Open,03/15/2019,02/05/2019,03/15/2019,500.00,Guilty,05/14/2019,5-203-a-5,"Prevent an animal from causing unsanitary, dangerous, or offensive conditions because of the size or number of the animals in a single location"
1Z36223755,Department of Housing and Community Affairs,Open,06/14/2019,05/31/2019,06/14/2019,500.00,Dismiss without prejudice,10/15/2019,26-6(a),Failure to maintain electrical service in good safe working condition.
1Z40613546,Washington Metro. and Transit Auth. Police,Open,02/03/2020,12/23/2019,02/03/2020,,,,AB-6-321-B,UNLAWFULLY AND KNOWINLY CONSUMINE ALCOHOL IN PUBLIC
5Z40859852,Washington Metro. and Transit Auth. Police,Open,11/05/2019,10/26/2019,11/05/2019,50.00,,02/11/2020,54-A-2-9,Cease entering or leaving a fare-paid area of a rail transport station without paying the fare or presenting a valid transfer
0Z36225140,Department of Housing and Community Affairs,Open,11/11/2019,10/30/2019,11/11/2019,500.00,,03/24/2020,26-9(a)(1),Failure to maintain item/structure in good repair.
3Z36223015,Department of Housing and Community Affairs,Open,03/29/2019,03/20/2019,03/29/2019,500.00,Abatement Order entered,06/25/2019,26-9(a)(8),"Accumulating garbage or rubbish outside of approved storage container, garage or building."
5Z36225488,Department of Housing and Community Affairs,Open,11/15/2019,11/05/2019,11/15/2019,500.00,Stet Docket,02/18/2020,26-9(a)(4),Failure to maintain supplied facility in satisfactory working condition.
2Z41767882,Animal Control and Humane Treatment,Open,11/25/2019,11/11/2019,11/25/2019,500.00,,03/10/2020,5-203-C,Prevent the animal from having unwanted contact with a person or another domesticated animal at all times.
5Z36226307,Department of Housing and Community Affairs,Open,12/19/2019,12/06/2019,12/19/2019,500.00,,03/31/2020,26-9(a)(1),Failure to maintain item/structure in good repair.
1Z36225519,Department of Housing and Community Affairs,Open,11/15/2019,11/05/2019,11/15/2019,500.00,Stet Docket,02/18/2020,26-9(a)(4),Failure to maintain supplied facility in satisfactory working condition.
1Z36225134,Department of Housing and Community Affairs,Open,11/11/2019,10/30/2019,11/11/2019,500.00,,03/24/2020,26-8(a)(1),Failure to provide safe and unobstructed means of escape leading to safe and open space ground level.
6Z40860770,Washington Metro. and Transit Auth. Police,Open,01/21/2020,01/13/2020,01/21/2020,50.00,,03/10/2020,54-A-2-9,Cease entering or leaving a fare-paid area of a rail transport station without paying the fare or presenting a valid transfer
1Z41768007,Animal Control and Humane Treatment,Open,11/06/2019,10/02/2019,11/06/2019,100.00,Abatement Order entered,02/11/2020,5-203-A-1,Prevent the animal other than an altered cat to be at large
0Z36226260,Department of Housing and Community Affairs,Open,12/19/2019,12/06/2019,12/19/2019,500.00,,03/31/2020,26-6(a),Failure to maintain electrical service in good safe working condition.
2Z42209197,Animal Control and Humane Treatment,Open,10/02/2019,09/29/2019,10/02/2019,100.00,Stet Docket,01/14/2020,5-203-a-9,Obtain and provide proof that an animal is licensed in Montgomery County
3Z36224240,Department of Housing and Community Affairs,Open,07/29/2019,07/12/2019,07/29/2019,500.00,Guilty,12/17/2019,26-9(a)(12),Failure to eliminate public nuisance.
5Z36225026,Department of Housing and Community Affairs,Open,11/01/2019,10/21/2019,11/01/2019,500.00,,03/24/2020,26-9(b)(5),"Failure to maintain grounds: free of erosion or gullying; grass or weeds over 12 inches high; and/or shrubbery, trees, vines, hedges, and other vegetation, including dead trees and branches."
0Z36224181,Department of Housing and Community Affairs,Open,07/11/2019,07/05/2019,07/11/2019,500.00,Abatement Order entered,01/28/2020,26-9(b)(5),"Failure to maintain grounds: free of erosion or gullying; grass or weeds over 12 inches high; and/or shrubbery, trees, vines, hedges, and other vegetation, including dead trees and branches."
3Z36225101,Department of Housing and Community Affairs,Open,11/11/2019,10/30/2019,11/11/2019,500.00,,03/24/2020,26-8(b)(1),Failure to provide working smoke detector.
0Z41706938,Department of Permitting Services,Open,02/14/2020,02/11/2020,02/14/2020,1000.00,,,19-2-a,Cease engaging into any land disturbing activity without first the proper permit from DPS.
5Z36226846,Department of Housing and Community Affairs,Open,01/21/2020,02/13/2020,01/21/2020,500.00,,,26-9(a)(1),Failure to maintain item/structure in good repair.
1Z36226464,Department of Housing and Community Affairs,Open,01/16/2020,12/13/2019,01/16/2020,500.00,,,26-9(b)(4),"Failure to maintain apron, driveway, sidewalk, walkway, parking lot, and/or patio in good serviceable and safe condition."
4Z36222869,Department of Housing and Community Affairs,Open,03/18/2019,03/08/2019,03/18/2019,500.00,Abatement Order entered,06/18/2019,26-9(a)(1),Failure to maintain item/structure in good repair.
3Z36225430,Department of Housing and Community Affairs,Open,11/15/2019,11/05/2019,11/15/2019,500.00,Stet Docket,02/18/2020,26-9(a)(4),Failure to maintain supplied facility in satisfactory working condition.
0Z36224062,Department of Housing and Community Affairs,Open,07/11/2019,06/27/2019,07/11/2019,500.00,Abatement Order entered,10/22/2019,26-9(a)(4),Failure to maintain supplied facility in satisfactory working condition.
6Z42209089,Animal Control and Humane Treatment,Open,05/01/2019,04/16/2019,05/01/2019,500.00,Default Judgment,07/09/2019,5-402-C,Possessing unvaccinated dog
3Z36225353,Department of Housing and Community Affairs,Open,11/15/2019,11/05/2019,11/15/2019,500.00,Stet Docket,02/18/2020,26-9(a)(4),Failure to maintain supplied facility in satisfactory working condition.
0Z36225406,Department of Housing and Community Affairs,Open,11/15/2019,11/05/2019,11/15/2019,500.00,Stet Docket,02/18/2020,26-9(a)(4),Failure to maintain supplied facility in satisfactory working condition.
5Z36223129,Department of Housing and Community Affairs,Open,04/19/2019,04/03/2019,04/19/2019,500.00,Abatement Order entered,07/30/2019,26-9(a)(1),Failure to maintain item/structure in good repair.
1Z36221739,Department of Housing and Community Affairs,Open,10/26/2018,10/12/2018,10/26/2018,500.00,Abatement Order entered,06/25/2019,26-9(a)(1),Failure to maintain item/structure in good repair.
4Z42211663,Animal Control and Humane Treatment,Open,08/19/2019,08/06/2019,08/19/2019,100.00,,11/12/2019,5-203-A-1,Prevent the animal other than an altered cat to be at large
2Z36224736,Department of Housing and Community Affairs,Open,10/11/2019,09/23/2019,10/11/2019,500.00,Abatement Order entered,01/28/2020,26-9(a)(8),"Accumulating garbage or rubbish outside of approved storage container, garage or building."
4Z36224486,Department of Housing and Community Affairs,Open,08/27/2019,08/21/2019,08/27/2019,500.00,Abatement Order entered,01/28/2020,26-9(b)(5),"Failure to maintain grounds: free of erosion or gullying; grass or weeds over 12 inches high; and/or shrubbery, trees, vines, hedges, and other vegetation, including dead trees and branches."
0Z42211526,Animal Control and Humane Treatment,Open,01/31/2019,01/20/2019,01/31/2019,100.00,Guilty,05/14/2019,5-203-a-9,Obtain and provide proof that an animal is licensed in Montgomery County
6Z36223116,Department of Housing and Community Affairs,Open,04/19/2019,04/02/2019,04/19/2019,500.00,Abatement Order entered,07/30/2019,26-9(b)(3),"Failure to maintain exterior surfaces free of flaking, peeling or loose paint and free of water seepage and against decay."
6Z36224075,Department of Housing and Community Affairs,Open,07/11/2019,06/27/2019,07/11/2019,500.00,Abatement Order entered,10/22/2019,26-9(b)(3),"Failure to maintain exterior surfaces free of flaking, peeling or loose paint and free of water seepage and against decay."
4Z36225011,Department of Housing and Community Affairs,Open,10/25/2019,10/21/2019,10/25/2019,500.00,,02/25/2020,26-9(a)(13),"Failure to remove, repair, and/or register unused vehicle"
6Z40850907,Washington Metro. and Transit Auth. Police,Open,12/02/2019,11/20/2019,12/02/2019,50.00,,02/11/2020,54-A-2-9,Cease entering or leaving a fare-paid area of a rail transport station without paying the fare or presenting a valid transfer
2Z36225611,Department of Housing and Community Affairs,Open,11/15/2019,11/12/2019,11/15/2019,500.00,,03/24/2020,26-9(b)(5),"Failure to maintain grounds: free of erosion or gullying; grass or weeds over 12 inches high; and/or shrubbery, trees, vines, hedges, and other vegetation, including dead trees and branches."
6Z36226609,Department of Housing and Community Affairs,Open,01/16/2020,01/10/2020,01/16/2020,500.00,,,26-9(a)(4),Failure to maintain supplied facility in satisfactory working condition.
6Z36226882,Department of Housing and Community Affairs,Open,01/21/2020,02/14/2020,01/21/2020,500.00,,,26-9(a)(2),"Failure to maintain door, window, and/or hatchway in sound working condition."
1Z42209245,Animal Control and Humane Treatment,Open,02/21/2020,02/19/2020,02/21/2020,500.00,,,5-402-C,"An owner must vaccinate a cat, dog, or ferret older than 4 months of age against rabies and provide proof of the most recent vaccination to an animal control officer within 24 hours."
2Z40859968,Washington Metro. and Transit Auth. Police,Open,10/08/2019,10/01/2019,10/08/2019,50.00,Default Judgment,01/14/2020,54-A-2-9,Cease entering or leaving a fare-paid area of a rail transport station without paying the fare or presenting a valid transfer
6Z36225433,Department of Housing and Community Affairs,Open,11/15/2019,11/05/2019,11/15/2019,500.00,Stet Docket,02/18/2020,26-9(a)(4),Failure to maintain supplied facility in satisfactory working condition.
6Z40613544,Washington Metro. and Transit Auth. Police,Open,01/29/2020,12/23/2019,01/29/2020,50.00,,,54-A-2-9,Cease entering or leaving a fare-paid area of a rail transport station without paying the fare or presenting a valid transfer
0Z39889556,Department of Environmental Protection,Open,06/30/2019,06/05/2019,06/30/2019,750.00,Continued,01/14/2020,31B-5-B,Causing or permitting a noise disturbance
2Z40850882,Washington Metro. and Transit Auth. Police,Open,12/11/2019,11/21/2019,12/11/2019,50.00,,02/11/2020,54-A-2-9,Cease entering or leaving a fare-paid area of a rail transport station without paying the fare or presenting a valid transfer
4Z36226768,Department of Housing and Community Affairs,Open,02/07/2020,02/03/2020,02/07/2020,500.00,,,26-9(c)(3),"Failure to maintain wall, ceiling, floor, interior woodwork, door, and/or windows in sound condition and good repair free of flaking, peeling, or loose paint."
5Z36225117,Department of Housing and Community Affairs,Open,11/11/2019,10/30/2019,11/11/2019,500.00,,03/24/2020,26-9(a)(1),Failure to maintain item/structure in good repair.
3Z36227124,Department of Housing and Community Affairs,Open,03/24/2020,03/18/2020,03/24/2020,500.00,,,26-6(a),Failure to maintain electrical service in good safe working condition.
6Z36226098,Department of Housing and Community Affairs,Open,01/31/2020,12/05/2019,01/31/2020,500.00,,,26-9(a)(8),"Accumulating garbage or rubbish outside of approved storage container, garage or building."
1Z40854423,Animal Control and Humane Treatment,Open,05/15/2019,04/29/2019,05/15/2019,50.00,Default Judgment,07/09/2019,54-A-2-9,Cease entering or leaving a fare-paid area of a rail transport station without paying the fare or presenting a valid transfer
1Z36224686,Department of Housing and Community Affairs,Open,10/11/2019,09/17/2019,10/11/2019,500.00,Abatement Order entered,01/28/2020,26-9(a)(4),Failure to maintain supplied facility in satisfactory working condition.
4Z36224983,Department of Housing and Community Affairs,Open,10/23/2019,10/15/2019,10/23/2019,500.00,Abatement Order entered,02/25/2020,26-9(a)(13),"Failure to remove, repair, and/or register unused vehicle"
3Z36225444,Department of Housing and Community Affairs,Open,11/15/2019,11/05/2019,11/15/2019,500.00,Stet Docket,02/18/2020,26-9(a)(4),Failure to maintain supplied facility in satisfactory working condition.
3Z42211718,Animal Control and Humane Treatment,Open,10/16/2019,10/13/2019,10/16/2019,500.00,Default Judgment,01/14/2020,5-402-C,Possessing unvaccinated dog
6Z42209005,Animal Control and Humane Treatment,Open,03/15/2019,02/06/2019,03/15/2019,500.00,Abatement Order entered,06/11/2019,5-203-C,Prevent the animal from having unwanted contact with a person or another domesticated animal at all times.
4Z36224703,Department of Housing and Community Affairs,Open,09/30/2019,09/19/2019,09/30/2019,500.00,Continued,01/28/2020,26-9(a)(8),"Accumulating garbage or rubbish outside of approved storage container, garage or building."
1Z36227010,Department of Housing and Community Affairs,Open,03/24/2020,03/03/2020,03/24/2020,500.00,,,26-9(a)(1),Failure to maintain item/structure in good repair.
0Z36224454,Department of Housing and Community Affairs,Open,08/23/2019,08/15/2019,08/23/2019,500.00,Abatement Order entered,01/28/2020,26-9(a)(2),"Failure to maintain door, window, and/or hatchway in sound working condition."
0Z36226848,Department of Housing and Community Affairs,Open,03/03/2020,02/13/2020,03/03/2020,500.00,,,26-9(a)(2),"Failure to maintain door, window, and/or hatchway in sound working condition."
6Z42126447,Animal Control and Humane Treatment,Open,12/31/2019,11/01/2019,12/31/2019,100.00,,03/10/2020,5-203-A-1,Prevent the animal other than an altered cat to be at large
0Z36224979,Department of Housing and Community Affairs,Open,10/23/2019,10/14/2019,10/23/2019,500.00,,02/25/2020,26-9(a)(8),"Accumulating garbage or rubbish outside of approved storage container, garage or building."
3Z36226347,Department of Housing and Community Affairs,Open,12/19/2019,12/06/2019,12/19/2019,500.00,,03/31/2020,26-9(a)(12),Failure to eliminate public nuisance.
5Z36226909,Department of Housing and Community Affairs,Open,01/21/2020,02/14/2020,01/21/2020,500.00,,,26-9(a)(13),"Failure to remove, repair, and/or register unused vehicle"
4Z36224346,Department of Housing and Community Affairs,Open,07/31/2019,07/23/2019,07/31/2019,500.00,Guilty,10/29/2019,26-9(a)(1),Failure to maintain item/structure in good repair.
1Z36225449,Department of Housing and Community Affairs,Open,11/15/2019,11/05/2019,11/15/2019,500.00,Stet Docket,02/18/2020,26-9(a)(4),Failure to maintain supplied facility in satisfactory working condition.
3Z36226683,Department of Housing and Community Affairs,Open,01/31/2020,01/27/2020,01/31/2020,500.00,,,26-9(a)(1),Failure to maintain item/structure in good repair.
5Z40859306,Washington Metro. and Transit Auth. Police,Open,11/06/2019,10/30/2019,11/06/2019,50.00,,02/11/2020,54-A-2-9,Cease entering or leaving a fare-paid area of a rail transport station without paying the fare or presenting a valid transfer
3Z36224149,Department of Housing and Community Affairs,Open,07/19/2019,07/02/2019,07/19/2019,500.00,Dismiss without prejudice,10/29/2019,26-9(a)(4),Failure to maintain supplied facility in satisfactory working condition.
3Z42209114,Animal Control and Humane Treatment,Open,09/13/2019,09/04/2019,09/13/2019,500.00,,11/12/2019,5-203-C,Prevent the animal from having unwanted contact with a person or another domesticated animal at all times.
3Z36226536,Department of Housing and Community Affairs,Open,01/16/2020,12/26/2019,01/16/2020,500.00,,,26-9(a)(9),"Failure to exterminate insects, rodents, or other vermin."
2Z36225086,Department of Housing and Community Affairs,Open,11/15/2019,10/29/2019,11/15/2019,500.00,,03/24/2020,26-9(a)(8),"Accumulating garbage or rubbish outside of approved storage container, garage or building."
5Z42211643,Animal Control and Humane Treatment,Open,08/19/2019,08/04/2019,08/19/2019,100.00,,11/12/2019,5-203-A-1,Prevent the animal other than an altered cat to be at large
5Z36226244,Department of Housing and Community Affairs,Open,12/19/2019,12/06/2019,12/19/2019,500.00,,03/31/2020,26-9(a)(1),Failure to maintain item/structure in good repair.
3Z33973131,Washington Metro. and Transit Auth. Police,Open,11/21/2019,11/05/2019,11/21/2019,50.00,,02/11/2020,54-A-2-9,Cease entering or leaving a fare-paid area of a rail transport station without paying the fare or presenting a valid transfer
3Z36225248,Department of Housing and Community Affairs,Open,11/15/2019,11/05/2019,11/15/2019,500.00,Stet Docket,02/18/2020,26-9(a)(4),Failure to maintain supplied facility in satisfactory working condition.
1Z36223321,Department of Housing and Community Affairs,Open,05/07/2019,04/26/2019,05/07/2019,500.00,Abatement Order entered,07/30/2019,48-24(a),Failure to remove solid waste (abandoned/non-functional vehicle).
1Z36224175,Department of Housing and Community Affairs,Open,07/11/2019,07/03/2019,07/11/2019,500.00,Guilty,10/29/2019,26-9(a)(1),Failure to maintain item/structure in good repair.
3Z36219445,Department of Housing and Community Affairs,Open,12/08/2017,11/28/2017,09/20/2018,500.00,Status Hearing,11/12/2019,26-8(b)(1),Failure to provide working smoke detector.
2Z36224078,Department of Housing and Community Affairs,Open,07/11/2019,06/27/2019,07/11/2019,500.00,Abatement Order entered,01/21/2020,26-9(b)(3),"Failure to maintain exterior surfaces free of flaking, peeling or loose paint and free of water seepage and against decay."
1Z40616395,Washington Metro. and Transit Auth. Police,Open,01/29/2020,12/31/2019,01/29/2020,50.00,,,54-A-2-9,Cease entering or leaving a fare-paid area of a rail transport station without paying the fare or presenting a valid transfer
1Z33973136,Washington Metro. and Transit Auth. Police,Open,12/11/2019,11/19/2019,12/11/2019,50.00,,02/11/2020,54-A-2-9,Cease entering or leaving a fare-paid area of a rail transport station without paying the fare or presenting a valid transfer
2Z36225674,Department of Housing and Community Affairs,Open,12/05/2019,11/21/2019,12/05/2019,500.00,,03/31/2020,26-9(a)(1),Failure to maintain item/structure in good repair.
4Z42125920,Animal Control and Humane Treatment,Open,03/15/2019,02/11/2019,03/15/2019,500.00,Guilty,05/14/2019,5-203-C,Prevent the animal from having unwanted contact with a person or another domesticated animal at all times.
3Z40860207,Board of License Commissioners,Open,05/01/2019,04/10/2019,05/01/2019,50.00,Default Judgment,07/09/2019,54-A-2-9,Cease entering or leaving a fare-paid area of a rail transport station without paying the fare or presenting a valid transfer
6Z36224159,Department of Housing and Community Affairs,Open,07/19/2019,07/02/2019,07/19/2019,500.00,Dismiss without prejudice,10/29/2019,26-9(a)(4),Failure to maintain supplied facility in satisfactory working condition.
1Z36224140,Department of Housing and Community Affairs,Open,07/19/2019,07/02/2019,07/19/2019,500.00,Guilty,10/29/2019,26-9(b)(1),"Failure to maintain item in reasonable weather-tight, water-tight, and rodent proof condition, free from foreign matter and capable of affording privacy."
3Z36227145,Department of Housing and Community Affairs,Open,03/24/2020,03/18/2020,03/24/2020,500.00,,,26-6(a),Failure to maintain electrical service in good safe working condition.
0Z36225336,Department of Housing and Community Affairs,Open,11/15/2019,11/05/2019,11/15/2019,500.00,Stet Docket,02/18/2020,26-9(a)(4),Failure to maintain supplied facility in satisfactory working condition.
2Z36224267,Department of Housing and Community Affairs,Open,07/29/2019,07/17/2019,07/29/2019,500.00,,12/17/2019,26-9(a)(8),"Accumulating garbage or rubbish outside of approved storage container, garage or building."
2Z36225331,Department of Housing and Community Affairs,Open,11/15/2019,11/05/2019,11/15/2019,500.00,Stet Docket,02/18/2020,26-9(a)(4),Failure to maintain supplied facility in satisfactory working condition.
3Z36226907,Department of Housing and Community Affairs,Open,01/21/2020,02/14/2020,01/21/2020,500.00,,,26-9(a)(1),Failure to maintain item/structure in good repair.
2Z36225380,Department of Housing and Community Affairs,Open,11/15/2019,11/05/2019,11/15/2019,500.00,Stet Docket,02/18/2020,26-9(a)(4),Failure to maintain supplied facility in satisfactory working condition.
3Z42211564,Animal Control and Humane Treatment,Open,04/20/2019,03/29/2019,04/20/2019,100.00,Guilty,06/11/2019,5-203-A-1,Prevent the animal other than an altered cat to be at large
4Z36224115,Department of Housing and Community Affairs,Open,07/11/2019,06/28/2019,07/11/2019,500.00,Dismiss without prejudice,10/15/2019,26-9(b)(3),"Failure to maintain exterior surfaces free of flaking, peeling or loose paint and free of water seepage and against decay."
4Z36223023,Department of Housing and Community Affairs,Open,03/29/2019,03/20/2019,03/29/2019,500.00,Abatement Order entered,07/30/2019,26-9(a)(8),"Accumulating garbage or rubbish outside of approved storage container, garage or building."
5Z39890667,Department of Environmental Protection/Solid Waste,Open,02/10/2020,02/06/2020,02/10/2020,100.00,,,48-03(9)A,"Failure to collect and deliver recyclables, that was source separated to a recycling facility (Load mixing recyclabls with trash) Truck"
4Z40851255,Washington Metro. and Transit Auth. Police,Open,11/22/2019,11/09/2019,11/22/2019,50.00,,02/11/2020,54-A-2-9,Cease entering or leaving a fare-paid area of a rail transport station without paying the fare or presenting a valid transfer
1Z36225561,Department of Housing and Community Affairs,Open,11/15/2019,11/05/2019,11/15/2019,500.00,Stet Docket,02/18/2020,26-9(a)(4),Failure to maintain supplied facility in satisfactory working condition.
6Z42209145,Animal Control and Humane Treatment,Open,10/14/2019,10/10/2019,10/14/2019,500.00,Default Judgment,01/14/2020,5-203-C,Prevent the animal from having unwanted contact with a person or another domesticated animal at all times.
3Z36226571,Department of Housing and Community Affairs,Open,01/16/2020,01/07/2020,01/16/2020,500.00,,,26-9(b)(5),"Failure to maintain grounds: free of erosion or gullying; grass or weeds over 12 inches high; and/or shrubbery, trees, vines, hedges, and other vegetation, including dead trees and branches."
3Z36224086,Department of Housing and Community Affairs,Open,07/11/2019,06/27/2019,07/11/2019,30.00,,,26-9(a)(9),"Failure to exterminate insects, rodents, or other vermin."
4Z36222918,Department of Housing and Community Affairs,Open,03/18/2019,03/13/2019,03/18/2019,500.00,Abatement Order entered,06/18/2019,26-6(a),Failure to maintain electrical service in good safe working condition.
3Z41707466,Department of Permitting Services,Open,10/11/2019,09/23/2019,10/11/2019,500.00,Abatement Order entered,01/21/2020,59-3-1-6,Allowing the use of a residentially zoned lot as a staging and commerical storage lot
6Z42211665,Animal Control and Humane Treatment,Open,08/19/2019,08/06/2019,08/19/2019,500.00,,11/12/2019,5-402-C,"An owner must vaccinate a cat, dog, or ferret older than 4 months of age against rabies and provide proof of the most recent vaccination to an animal control officer within 24 hours."
1Z36224063,Department of Housing and Community Affairs,Open,07/11/2019,06/27/2019,07/11/2019,500.00,Abatement Order entered,10/22/2019,26-9(b)(3),"Failure to maintain exterior surfaces free of flaking, peeling or loose paint and free of water seepage and against decay."
1Z36223846,Department of Housing and Community Affairs,Open,07/11/2019,06/10/2019,07/11/2019,500.00,Guilty,10/29/2019,26-9(a)(4),Failure to maintain supplied facility in satisfactory working condition.
5Z36225194,Department of Housing and Community Affairs,Open,11/15/2019,11/05/2019,11/15/2019,500.00,Stet Docket,02/18/2020,26-9(a)(4),Failure to maintain supplied facility in satisfactory working condition.
2Z42209113,Animal Control and Humane Treatment,Open,09/13/2019,09/04/2019,09/13/2019,100.00,,11/12/2019,5-203-A-1,Prevent the animal other than an altered cat to be at large
1Z40952969,Department of Permitting Services,Open,07/16/2019,07/05/2019,07/16/2019,1000.00,,11/19/2019,19-2-a,Cease engaging into any land disturbing activity without first the proper permit from DPS.
4Z42211530,Animal Control and Humane Treatment,Open,01/31/2019,01/20/2019,01/31/2019,100.00,Guilty,05/14/2019,5-203-a-9,Obtain and provide proof that an animal is licensed in Montgomery County
6Z40859972,Washington Metro. and Transit Auth. Police,Open,12/20/2019,12/01/2019,12/20/2019,50.00,,02/11/2020,54-A-2-9,Cease entering or leaving a fare-paid area of a rail transport station without paying the fare or presenting a valid transfer
4Z36222911,Department of Housing and Community Affairs,Open,03/18/2019,03/13/2019,03/18/2019,500.00,Abatement Order entered,06/25/2019,26-9(a)(1),Failure to maintain item/structure in good repair.
3Z42209191,Animal Control and Humane Treatment,Open,09/30/2019,09/25/2019,09/30/2019,100.00,Default Judgment,01/14/2020,5-203-a-9,Obtain and provide proof that an animal is licensed in Montgomery County
4Z36223205,Department of Housing and Community Affairs,Open,04/30/2019,04/16/2019,04/30/2019,500.00,Abatement Order entered,07/23/2019,26-9(a)(1),Failure to maintain item/structure in good repair.
3Z42209135,Animal Control and Humane Treatment,Open,09/05/2019,08/29/2019,09/05/2019,500.00,,11/12/2019,5-402-C,Possessing unvaccinated dog
3Z36224170,Department of Housing and Community Affairs,Open,07/11/2019,07/03/2019,07/11/2019,500.00,Guilty,10/29/2019,26-9(a)(1),Failure to maintain item/structure in good repair.
5Z36221253,Department of Housing and Community Affairs,Open,08/31/2108,08/22/2018,08/31/2108,500.00,Continued,11/19/2019,26-9(b)(3),"Failure to maintain exterior surfaces free of flaking, peeling or loose paint and free of water seepage and against decay."
3Z36224884,Department of Housing and Community Affairs,Open,10/23/2019,10/03/2019,10/23/2019,500.00,Abatement Order entered,02/25/2020,26-9(c)(1),"Failure to maintain plumbing fixture in good sanitary working condition free from defects, leaks, and other obstructions."
2Z42317256,False Alarm,Open,03/03/2020,01/28/2020,03/03/2020,500.00,,,3a-4C(5),Requesting police dispatch to a burglar alarm activation after having been notified that the alarm user was in a suspended police response status.
3Z36225416,Department of Housing and Community Affairs,Open,11/15/2019,11/05/2019,11/15/2019,500.00,Stet Docket,02/18/2020,26-9(a)(4),Failure to maintain supplied facility in satisfactory working condition.
3Z36222910,Department of Housing and Community Affairs,Open,03/18/2019,03/13/2019,03/18/2019,500.00,Abatement Order entered,06/25/2019,26-9(b)(3),"Failure to maintain exterior surfaces free of flaking, peeling or loose paint and free of water seepage and against decay."
3Z36225486,Department of Housing and Community Affairs,Open,11/15/2019,11/05/2019,11/15/2019,500.00,Stet Docket,02/18/2020,26-9(a)(4),Failure to maintain supplied facility in satisfactory working condition.
2Z36225219,Department of Housing and Community Affairs,Open,11/15/2019,11/05/2019,11/15/2019,500.00,Stet Docket,02/18/2020,26-9(a)(4),Failure to maintain supplied facility in satisfactory working condition.
0Z36225532,Department of Housing and Community Affairs,Open,11/15/2019,11/05/2019,11/15/2019,500.00,Stet Docket,02/18/2020,26-9(a)(4),Failure to maintain supplied facility in satisfactory working condition.
4Z36226593,Department of Housing and Community Affairs,Open,01/16/2020,01/07/2020,01/16/2020,500.00,,,26-9(a)(1),Failure to maintain item/structure in good repair.
4Z36226789,Department of Housing and Community Affairs,Open,02/07/2020,02/04/2020,02/07/2020,500.00,,,26-6(a),Failure to maintain electrical service in good safe working condition.
6Z36224712,Department of Housing and Community Affairs,Open,09/30/2019,09/19/2019,09/30/2019,500.00,Abatement Order entered,01/28/2020,26-9(b)(3),"Failure to maintain exterior surfaces free of flaking, peeling or loose paint and free of water seepage and against decay."
2Z36223322,Department of Housing and Community Affairs,Open,05/07/2019,04/26/2019,05/07/2019,500.00,Abatement Order entered,07/30/2019,26-9(a)(8),"Accumulating garbage or rubbish outside of approved storage container, garage or building."
3Z36226627,Department of Housing and Community Affairs,Open,01/16/2020,01/13/2020,01/16/2020,500.00,,,26-9(a)(4),Failure to maintain supplied facility in satisfactory working condition.
6Z36221254,Department of Housing and Community Affairs,Open,08/31/2108,08/22/2018,08/31/2108,500.00,Continued,11/19/2019,26-9(b)(3),"Failure to maintain exterior surfaces free of flaking, peeling or loose paint and free of water seepage and against decay."
2Z36223203,Department of Housing and Community Affairs,Open,04/30/2019,04/16/2019,04/30/2019,500.00,Abatement Order entered,07/23/2019,26-9(a)(8),"Accumulating garbage or rubbish outside of approved storage container, garage or building."
4Z36224556,Department of Housing and Community Affairs,Open,09/06/2019,09/03/2019,09/06/2019,500.00,Abatement Order entered,01/28/2020,26-6(a),Failure to maintain electrical service in good safe working condition.
3Z36227005,Department of Housing and Community Affairs,Open,03/23/2020,03/03/2020,03/23/2020,500.00,,,26-9(b)(5),"Failure to maintain grounds: free of erosion or gullying; grass or weeds over 12 inches high; and/or shrubbery, trees, vines, hedges, and other vegetation, including dead trees and branches."
4Z36225438,Department of Housing and Community Affairs,Open,11/15/2019,11/05/2019,11/15/2019,500.00,Stet Docket,02/18/2020,26-9(a)(4),Failure to maintain supplied facility in satisfactory working condition.
6Z36225286,Department of Housing and Community Affairs,Open,11/15/2019,11/05/2019,11/15/2019,500.00,Stet Docket,02/18/2020,26-9(a)(4),Failure to maintain supplied facility in satisfactory working condition.
1Z36222740,Department of Housing and Community Affairs,Open,03/18/2019,03/05/2019,03/18/2019,500.00,Abatement Order entered,07/30/2019,26-9(a)(8),"Accumulating garbage or rubbish outside of approved storage container, garage or building."
6Z39882625,Animal Control and Humane Treatment,Open,04/15/2019,03/18/2019,04/15/2019,150.00,Stet Docket,06/11/2019,5-203-A-1,Prevent the animal other than an altered cat to be at large
6Z36225083,Department of Housing and Community Affairs,Open,11/15/2019,10/29/2019,11/15/2019,500.00,,03/24/2020,26-9(a)(1),Failure to maintain item/structure in good repair.
6Z36225027,Department of Housing and Community Affairs,Open,11/01/2019,10/21/2019,11/01/2019,500.00,,03/24/2020,26-9(a)(1),Failure to maintain item/structure in good repair.
6Z40616379,Washington Metro. and Transit Auth. Police,Open,12/17/2019,12/07/2019,12/17/2019,,,02/11/2020,54-A-2-9,Cease entering or leaving a fare-paid area of a rail transport station without paying the fare or presenting a valid transfer
0Z42209188,Animal Control and Humane Treatment,Open,10/02/2019,09/24/2019,10/02/2019,500.00,Guilty,01/14/2020,5-203-C,Prevent the animal from having unwanted contact with a person or another domesticated animal at all times.
6Z42125824,Animal Control and Humane Treatment,Open,04/30/2019,04/16/2019,04/30/2019,100.00,Abatement Order entered,07/09/2019,5-203-A-1,Prevent the animal other than an altered cat to be at large
3Z41706843,Department of Permitting Services,Open,09/24/2018,07/19/2018,09/24/2018,500.00,Show Cause Order Withdrawn,07/23/2019,59-3-1-6,Allowing the use of a residentially zoned lot as a staging and commerical storage lot
2Z40851281,Washington Metro. and Transit Auth. Police,Open,12/11/2019,11/20/2019,12/11/2019,50.00,,02/11/2020,54-A-2-9,Cease entering or leaving a fare-paid area of a rail transport station without paying the fare or presenting a valid transfer
3Z36226564,Department of Housing and Community Affairs,Open,01/16/2020,01/06/2020,01/16/2020,500.00,,,26-9(a)(1),Failure to maintain item/structure in good repair.
4Z36226649,Department of Housing and Community Affairs,Open,01/24/2020,01/15/2020,01/24/2020,500.00,,,26-9(a)(1),Failure to maintain item/structure in good repair.
6Z36226574,Department of Housing and Community Affairs,Open,01/16/2020,01/07/2020,01/16/2020,500.00,,,26-9(a)(2),"Failure to maintain door, window, and/or hatchway in sound working condition."
0Z42211638,Animal Control and Humane Treatment,Open,06/30/2019,06/19/2019,06/30/2019,500.00,,,5-402-C,Possessing unvaccinated dog
3Z36226585,Department of Housing and Community Affairs,Open,01/16/2020,01/07/2020,01/16/2020,500.00,,,26-9(a)(1),Failure to maintain item/structure in good repair.
2Z40859303,Washington Metro. and Transit Auth. Police,Open,12/02/2019,11/18/2019,12/02/2019,50.00,,02/11/2020,54-A-2-9,Cease entering or leaving a fare-paid area of a rail transport station without paying the fare or presenting a valid transfer
1Z36222012,Department of Housing and Community Affairs,Open,11/27/2018,11/14/2018,11/27/2018,500.00,Continued,01/28/2020,26-9(a)(8),"Accumulating garbage or rubbish outside of approved storage container, garage or building."
6Z36226693,Department of Housing and Community Affairs,Open,01/31/2020,01/27/2020,01/31/2020,500.00,,,26-9(b)(5),"Failure to maintain grounds: free of erosion or gullying; grass or weeds over 12 inches high; and/or shrubbery, trees, vines, hedges, and other vegetation, including dead trees and branches."
6Z36224551,Department of Housing and Community Affairs,Open,09/06/2019,09/03/2019,09/06/2019,500.00,Abatement Order entered,01/28/2020,26-9(c)(1),"Failure to maintain plumbing fixture in good sanitary working condition free from defects, leaks, and other obstructions."
4Z36226558,Department of Housing and Community Affairs,Open,01/16/2020,01/06/2020,01/16/2020,500.00,,,26-9(a)(2),"Failure to maintain door, window, and/or hatchway in sound working condition."
1Z36226646,Department of Housing and Community Affairs,Open,01/24/2020,01/15/2020,01/24/2020,500.00,,,26-9(a)(8),"Accumulating garbage or rubbish outside of approved storage container, garage or building."
2Z42126163,Animal Control and Humane Treatment,Open,02/28/2019,02/27/2019,02/28/2019,100.00,Abatement Order entered,06/11/2019,5-201-A-1,Cease violating the general prohibitions against cruelty to the animal
2Z36224631,Department of Housing and Community Affairs,Open,09/30/2019,09/10/2019,09/30/2019,500.00,Abatement Order entered,01/28/2020,26-14(a),"Failure to demolish, remove or repair a condemned structure"
0Z42209006,Animal Control and Humane Treatment,Open,03/15/2019,02/06/2019,03/15/2019,500.00,Abatement Order entered,06/11/2019,5-203-C,Prevent the animal from having unwanted contact with a person or another domesticated animal at all times.
6Z36226560,Department of Housing and Community Affairs,Open,01/16/2020,01/06/2020,01/16/2020,500.00,,,26-9(a)(8),"Accumulating garbage or rubbish outside of approved storage container, garage or building."
3Z36224765,Department of Housing and Community Affairs,Open,10/11/2019,09/24/2019,10/11/2019,500.00,Continued,01/28/2020,26-9(a)(1),Failure to maintain item/structure in good repair.
4Z36224990,Department of Housing and Community Affairs,Open,10/23/2019,10/17/2019,10/23/2019,500.00,,02/25/2020,26-9(b)(3),"Failure to maintain exterior surfaces free of flaking, peeling or loose paint and free of water seepage and against decay."
0Z36224468,Department of Housing and Community Affairs,Open,08/27/2019,08/15/2019,08/27/2019,500.00,Abatement Order entered,01/28/2020,26-9(a)(8),"Accumulating garbage or rubbish outside of approved storage container, garage or building."
5Z36224550,Department of Housing and Community Affairs,Open,09/06/2019,09/03/2019,09/06/2019,500.00,Abatement Order entered,01/28/2020,26-9(a)(4),Failure to maintain supplied facility in satisfactory working condition.
0Z42317205,False Alarm,Open,01/24/2020,12/19/2019,01/24/2020,500.00,,,3a-4C(2),requesting police dispatch to a burglar alarm activation without providing the required alarm user registration number.
6Z36224257,Department of Housing and Community Affairs,Open,07/29/2019,07/16/2019,07/29/2019,500.00,Dismiss without prejudice,01/28/2020,26-9(c)(1),"Failure to maintain plumbing fixture in good sanitary working condition free from defects, leaks, and other obstructions."
2Z36224554,Department of Housing and Community Affairs,Open,09/06/2019,09/03/2019,09/06/2019,500.00,Abatement Order entered,01/28/2020,26-6(a),Failure to maintain electrical service in good safe working condition.
4Z40613542,Washington Metro. and Transit Auth. Police,Open,01/29/2020,12/23/2019,01/29/2020,50.00,,,54-A-2-9,Cease entering or leaving a fare-paid area of a rail transport station without paying the fare or presenting a valid transfer
2Z36223952,Department of Housing and Community Affairs,Open,07/01/2019,06/25/2019,07/01/2019,500.00,Abatement Order entered,01/21/2020,26-9(a)(1),Failure to maintain item/structure in good repair.
6Z36224803,Department of Housing and Community Affairs,Open,10/11/2019,09/26/2019,10/11/2019,500.00,Abatement Order entered,01/28/2020,26-9(a)(1),Failure to maintain item/structure in good repair.
5Z36226692,Department of Housing and Community Affairs,Open,01/31/2020,01/27/2020,01/31/2020,500.00,,,26-9(c)(1),"Failure to maintain plumbing fixture in good sanitary working condition free from defects, leaks, and other obstructions."
1Z40851952,Washington Metro. and Transit Auth. Police,Open,12/11/2019,11/21/2019,12/11/2019,50.00,,02/11/2020,54-A-2-9,Cease entering or leaving a fare-paid area of a rail transport station without paying the fare or presenting a valid transfer
5Z40613536,Washington Metro. and Transit Auth. Police,Open,10/28/2019,10/16/2019,10/28/2019,50.00,,02/11/2020,54-A-2-9,Cease entering or leaving a fare-paid area of a rail transport station without paying the fare or presenting a valid transfer
5Z36226685,Department of Housing and Community Affairs,Open,01/31/2020,01/27/2020,01/31/2020,500.00,,,26-9(b)(3),"Failure to maintain exterior surfaces free of flaking, peeling or loose paint and free of water seepage and against decay."
0Z40859308,Washington Metro. and Transit Auth. Police,Open,10/01/2019,09/24/2019,10/01/2019,50.00,Default Judgment,01/14/2020,54-A-2-9,Cease entering or leaving a fare-paid area of a rail transport station without paying the fare or presenting a valid transfer
1Z36224749,Department of Housing and Community Affairs,Open,09/30/2019,09/23/2019,09/30/2019,500.00,Abatement Order entered,01/28/2020,26-9(a)(1),Failure to maintain item/structure in good repair.
5Z36224746,Department of Housing and Community Affairs,Open,09/30/2019,09/23/2019,09/30/2019,500.00,Abatement Order entered,01/28/2020,26-9(a)(1),Failure to maintain item/structure in good repair.
0Z42209195,Animal Control and Humane Treatment,Open,10/02/2019,09/29/2019,10/02/2019,500.00,Stet Docket,01/14/2020,5-201-A-1,Cease violating the general prohibitions against cruelty to the animal
4Z40616384,Washington Metro. and Transit Auth. Police,Open,12/19/2019,12/10/2019,12/19/2019,50.00,,02/11/2020,54-A-2-9,Cease entering or leaving a fare-paid area of a rail transport station without paying the fare or presenting a valid transfer
1Z40855221,Washington Metro. and Transit Auth. Police,Open,10/16/2019,10/05/2019,10/16/2019,50.00,Default Judgment,01/14/2020,54-A-2-9,Cease entering or leaving a fare-paid area of a rail transport station without paying the fare or presenting a valid transfer
5Z40855225,Washington Metro. and Transit Auth. Police,Open,11/25/2019,11/01/2019,11/25/2019,50.00,,02/11/2020,54-A-2-9,Cease entering or leaving a fare-paid area of a rail transport station without paying the fare or presenting a valid transfer
2Z41707017,Department of Permitting Services,Open,04/30/2019,04/19/2019,04/30/2019,1000.00,Abatement Order entered,07/30/2019,19-2-a,Cease engaging into any land disturbing activity without first the proper permit from DPS.
4Z36223135,Department of Housing and Community Affairs,Open,04/19/2019,04/03/2019,04/19/2019,500.00,Continued,01/28/2020,26-9(a)(13),"Failure to remove, repair, and/or register unused vehicle"
3Z35089246,Washington Metro. and Transit Auth. Police,Open,01/29/2020,12/25/2019,01/29/2020,50.00,,,54-A-2-9,Cease entering or leaving a fare-paid area of a rail transport station without paying the fare or presenting a valid transfer
0Z36226624,Department of Housing and Community Affairs,Open,01/16/2020,01/13/2020,01/16/2020,500.00,,,26-9(a)(4),Failure to maintain supplied facility in satisfactory working condition.
3Z40855230,Animal Control and Humane Treatment,Open,04/25/2019,03/28/2019,04/25/2019,50.00,Default Judgment,06/11/2019,54-A-2-9,Cease entering or leaving a fare-paid area of a rail transport station without paying the fare or presenting a valid transfer
6Z41707784,Department of Permitting Services,Open,12/01/2019,11/21/2019,12/01/2019,1000.00,,,19-15,SAFEGUARD TEH ADJOINING PROPERTY
0Z42209090,Animal Control and Humane Treatment,Open,05/15/2019,04/16/2019,05/15/2019,500.00,Default Judgment,,5-203-b-1,Preven the animal(s) from causing loud noises that are persistent enough to disturb another person's quiet enjoyment
0Z36222739,Department of Housing and Community Affairs,Open,03/18/2019,03/05/2019,03/18/2019,500.00,Abatement Order entered,07/30/2019,26-9(b)(5),"Failure to maintain grounds: free of erosion or gullying; grass or weeds over 12 inches high; and/or shrubbery, trees, vines, hedges, and other vegetation, including dead trees and branches."
4Z36222855,Department of Housing and Community Affairs,Open,03/18/2019,03/08/2019,03/18/2019,500.00,Abatement Order entered,06/18/2019,26-9(a)(1),Failure to maintain item/structure in good repair.
3Z40859311,Washington Metro. and Transit Auth. Police,Open,10/08/2019,09/30/2019,10/08/2019,50.00,Default Judgment,01/14/2020,54-A-2-9,Cease entering or leaving a fare-paid area of a rail transport station without paying the fare or presenting a valid transfer
6Z40859930,Washington Metro. and Transit Auth. Police,Open,12/11/2019,11/23/2019,12/11/2019,50.00,,02/11/2020,54-A-2-9,Cease entering or leaving a fare-paid area of a rail transport station without paying the fare or presenting a valid transfer
4Z39895685,Animal Control and Humane Treatment,Open,10/01/2019,09/14/2019,10/01/2019,100.00,Stet Docket,01/14/2020,5-203-a-2,Refrain from allowing an animal to defecate on another person's property
1Z36225197,Department of Housing and Community Affairs,Open,11/15/2019,11/05/2019,11/15/2019,500.00,Stet Docket,02/18/2020,26-9(a)(4),Failure to maintain supplied facility in satisfactory working condition.
0Z36224699,Department of Housing and Community Affairs,Open,09/30/2019,09/18/2019,09/30/2019,500.00,Continued,01/28/2020,26-6(a),Failure to maintain electrical service in good safe working condition.
0Z41708037,Department of Permitting Services,Open,10/01/2018,09/28/2018,10/01/2018,500.00,Abatement Order entered,06/25/2019,59-3-1-6,Allowing the use of a residentially zoned lot as a staging and commerical storage lot
3Z36223127,Department of Housing and Community Affairs,Open,04/19/2019,04/03/2019,04/19/2019,500.00,Abatement Order entered,07/30/2019,26-9(a)(2),"Failure to maintain door, window, and/or hatchway in sound working condition."
1Z36224637,Department of Housing and Community Affairs,Open,09/17/2019,09/11/2019,09/17/2019,500.00,Guilty,12/17/2019,26-9(a)(8),"Accumulating garbage or rubbish outside of approved storage container, garage or building."
0Z42209027,Animal Control and Humane Treatment,Open,04/15/2019,03/08/2019,04/15/2019,100.00,Abatement Order entered,06/11/2019,5-203-A-1,Prevent the animal other than an altered cat to be at large
3Z36223372,Department of Housing and Community Affairs,Open,05/07/2019,05/03/2019,05/07/2019,500.00,Abatement Order entered,07/23/2019,26-9(a)(13),"Failure to remove, repair, and/or register unused vehicle"
4Z42211719,Animal Control and Humane Treatment,Open,10/16/2019,10/13/2019,10/16/2019,500.00,Default Judgment,01/14/2020,5-203-C,Prevent the animal from having unwanted contact with a person or another domesticated animal at all times.
3Z36226599,Department of Housing and Community Affairs,Open,01/16/2020,01/09/2020,01/16/2020,500.00,,,26-13(c)(3),Occupying or allowing the occupancy of a condemned dwelling/structure.
5Z36224557,Department of Housing and Community Affairs,Open,09/06/2019,09/03/2019,09/06/2019,500.00,Abatement Order entered,01/28/2020,26-6(a),Failure to maintain electrical service in good safe working condition.
4Z36226684,Department of Housing and Community Affairs,Open,01/31/2020,01/27/2020,01/31/2020,500.00,,,26-9(a)(2),"Failure to maintain door, window, and/or hatchway in sound working condition."
3Z36224695,Department of Housing and Community Affairs,Open,09/20/2019,09/18/2019,09/20/2019,500.00,Abatement Order entered,01/28/2020,26-9(b)(3),"Failure to maintain exterior surfaces free of flaking, peeling or loose paint and free of water seepage and against decay."
0Z40616737,Washington Metro. and Transit Auth. Police,Open,07/17/2019,07/02/2019,07/17/2019,50.00,,,54-A-2-9,Cease entering or leaving a fare-paid area of a rail transport station without paying the fare or presenting a valid transfer
6Z36224698,Department of Housing and Community Affairs,Open,09/30/2019,09/18/2019,09/30/2019,500.00,Continued,01/28/2020,26-9(a)(8),"Accumulating garbage or rubbish outside of approved storage container, garage or building."
2Z41767896,Animal Control and Humane Treatment,Open,01/28/2020,01/25/2020,01/28/2020,500.00,,,5-402-C,Possessing unvaccinated dog
4Z42209115,Animal Control and Humane Treatment,Open,10/16/2019,10/14/2019,10/16/2019,500.00,Default Judgment,01/14/2020,5-402-C,Possessing unvaccinated dog
3Z36226242,Department of Housing and Community Affairs,Open,12/19/2019,12/06/2019,12/19/2019,500.00,,03/31/2020,26-9(a)(1),Failure to maintain item/structure in good repair.
2Z36226661,Department of Housing and Community Affairs,Open,01/31/2020,01/22/2020,01/31/2020,500.00,,,26-6(a),Failure to maintain electrical service in good safe working condition.
5Z36226650,Department of Housing and Community Affairs,Open,01/24/2020,01/15/2020,01/24/2020,500.00,,,26-9(a)(4),Failure to maintain supplied facility in satisfactory working condition.
4Z36224696,Department of Housing and Community Affairs,Open,09/20/2019,09/18/2019,09/20/2019,500.00,Abatement Order entered,01/28/2020,26-9(a)(2),"Failure to maintain door, window, and/or hatchway in sound working condition."
6Z36225552,Department of Housing and Community Affairs,Open,11/15/2019,11/05/2019,11/15/2019,500.00,Stet Docket,02/18/2020,26-9(a)(4),Failure to maintain supplied facility in satisfactory working condition.
1Z41708038,Department of Permitting Services,Open,10/01/2018,09/28/2018,10/01/2018,500.00,Abatement Order entered,06/25/2019,59-3-1-6,Allowing the use of a residentially zoned lot as a staging and commerical storage lot
2Z36223763,Department of Housing and Community Affairs,Open,06/14/2019,06/03/2019,06/14/2019,500.00,Abatement Order entered,01/21/2020,26-9(a)(1),Failure to maintain item/structure in good repair.
0Z40614980,Washington Metro. and Transit Auth. Police,Open,12/02/2019,11/20/2019,12/02/2019,50.00,,02/11/2020,54-A-2-9,Cease entering or leaving a fare-paid area of a rail transport station without paying the fare or presenting a valid transfer
5Z42209144,Animal Control and Humane Treatment,Open,10/14/2019,10/10/2019,10/14/2019,100.00,Default Judgment,01/14/2020,5-203-A-1,Prevent the animal other than an altered cat to be at large
4Z36222813,Department of Housing and Community Affairs,Open,03/18/2019,03/08/2019,03/18/2019,500.00,Guilty,06/18/2019,29-16(a),Operating a rental facility without first obtaining a rental facility license.
5Z42209004,Animal Control and Humane Treatment,Open,03/15/2019,02/06/2019,03/15/2019,100.00,Abatement Order entered,06/11/2019,5-203-A-1,Prevent the animal other than an altered cat to be at large
3Z40855237,Washington Metro. and Transit Auth. Police,Open,10/01/2019,09/25/2019,10/01/2019,50.00,Default Judgment,01/14/2020,54-A-2-9,Cease entering or leaving a fare-paid area of a rail transport station without paying the fare or presenting a valid transfer
5Z36224277,Department of Housing and Community Affairs,Open,07/29/2019,07/17/2019,07/29/2019,500.00,Continued,01/28/2020,26-9(a)(13),"Failure to remove, repair, and/or register unused vehicle"
3Z36224751,Department of Housing and Community Affairs,Open,09/30/2019,09/23/2019,09/30/2019,500.00,Abatement Order entered,01/28/2020,26-9(a)(8),"Accumulating garbage or rubbish outside of approved storage container, garage or building."
6Z36225013,Department of Housing and Community Affairs,Open,10/25/2019,10/21/2019,10/25/2019,500.00,,02/25/2020,26-9(a)(8),"Accumulating garbage or rubbish outside of approved storage container, garage or building."
5Z36223115,Department of Housing and Community Affairs,Open,04/19/2019,04/02/2019,04/19/2019,500.00,Abatement Order entered,07/30/2019,26-9(b)(5),"Failure to maintain grounds: free of erosion or gullying; grass or weeds over 12 inches high; and/or shrubbery, trees, vines, hedges, and other vegetation, including dead trees and branches."
6Z36222871,Department of Housing and Community Affairs,Open,03/18/2019,03/08/2019,03/18/2019,500.00,Abatement Order entered,06/18/2019,26-9(a)(4),Failure to maintain supplied facility in satisfactory working condition.
5Z36226608,Department of Housing and Community Affairs,Open,01/16/2020,01/10/2020,01/16/2020,500.00,,,26-9(a)(1),Failure to maintain item/structure in good repair.
2Z42211528,Animal Control and Humane Treatment,Open,01/31/2019,01/20/2019,01/31/2019,100.00,Guilty,05/14/2019,5-203-a-9,Obtain and provide proof that an animal is licensed in Montgomery County
3Z36223225,Department of Housing and Community Affairs,Open,05/01/2019,04/18/2019,05/01/2019,500.00,Abatement Order entered,07/23/2019,26-9(A)(13),"Failure to remove, repair, and/or register unused vehicle"
2Z36226577,Department of Housing and Community Affairs,Open,01/16/2020,01/07/2020,01/16/2020,500.00,,,26-9(b)(3),"Failure to maintain exterior surfaces free of flaking, peeling or loose paint and free of water seepage and against decay."
1Z36220346,Department of Housing and Community Affairs,Open,05/04/2018,04/30/2018,05/04/2018,500.00,Defendant found in contempt,01/28/2020,26-9(b)(5),"Failure to maintain grounds: free of erosion or gullying; grass or weeds over 12 inches high; and/or shrubbery, trees, vines, hedges, and other vegetation, including dead trees and branches."
6Z40859307,Washington Metro. and Transit Auth. Police,Open,10/01/2019,09/24/2019,10/01/2019,50.00,Default Judgment,01/14/2020,54-A-2-9,Cease entering or leaving a fare-paid area of a rail transport station without paying the fare or presenting a valid transfer
6Z42209187,Animal Control and Humane Treatment,Open,10/02/2019,09/23/2019,10/02/2019,100.00,Guilty,01/14/2020,5-203-A-1,Prevent the animal other than an altered cat to be at large
1Z36224581,Department of Housing and Community Affairs,Open,09/30/2019,09/05/2019,09/30/2019,500.00,Abatement Order entered,01/28/2020,26-9(a)(2),"Failure to maintain door, window, and/or hatchway in sound working condition."
1Z36224896,Department of Housing and Community Affairs,Open,10/11/2019,10/07/2019,10/11/2019,500.00,Abatement Order entered,02/25/2020,26-9(a)(8),"Accumulating garbage or rubbish outside of approved storage container, garage or building."
4Z36225088,Department of Housing and Community Affairs,Open,11/01/2019,10/29/2019,11/01/2019,500.00,,03/24/2020,26-9(a)(13),"Failure to remove, repair, and/or register unused vehicle"
4Z36223114,Department of Housing and Community Affairs,Open,04/19/2019,04/02/2019,04/19/2019,500.00,Abatement Order entered,07/30/2019,26-9(a)(4),Failure to maintain supplied facility in satisfactory working condition.
0Z36226932,Department of Housing and Community Affairs,Open,03/03/2020,02/20/2020,03/03/2020,500.00,,,26-9(a)(8),"Accumulating garbage or rubbish outside of approved storage container, garage or building."
0Z36226911,Department of Housing and Community Affairs,Open,01/21/2020,02/18/2020,01/21/2020,500.00,,,26-9(a)(13),"Failure to remove, repair, and/or register unused vehicle"
6Z42125817,Animal Control and Humane Treatment,Open,03/25/2019,02/05/2019,03/25/2019,500.00,Guilty,05/14/2019,5-203-a-5,"Prevent an animal from causing unsanitary, dangerous, or offensive conditions because of the size or number of the animals in a single location"
5z42316937,False Alarm,Open,09/20/2019,09/03/2019,09/20/2019,500.00,,,3a-4C(2),requesting police dispatch to a burglar alarm activation without providing the required alarm user registration number.
6Z36227092,Department of Housing and Community Affairs,Open,03/23/2020,03/11/2020,03/23/2020,500.00,,,26-9(b)(5),"Failure to maintain grounds: free of erosion or gullying; grass or weeds over 12 inches high; and/or shrubbery, trees, vines, hedges, and other vegetation, including dead trees and branches."
0Z36225287,Department of Housing and Community Affairs,Open,11/15/2019,11/05/2019,11/15/2019,500.00,Stet Docket,02/18/2020,26-9(a)(4),Failure to maintain supplied facility in satisfactory working condition.
3Z36226823,Department of Housing and Community Affairs,Open,01/21/2020,02/11/2020,01/21/2020,500.00,,,26-9(c)(3),"Failure to maintain wall, ceiling, floor, interior woodwork, door, and/or windows in sound condition and good repair free of flaking, peeling, or loose paint."
5Z36225698,Department of Housing and Community Affairs,Open,12/05/2019,11/22/2019,12/05/2019,500.00,,03/31/2020,26-9(a)(4),Failure to maintain supplied facility in satisfactory working condition.
4Z42207358,Animal Control and Humane Treatment,Open,02/20/2020,02/13/2020,02/20/2020,150.00,,,5-203-A-1,Prevent the animal other than an altered cat to be at large
2Z41110995,Office of Consumer Protection,Open,03/12/2020,03/10/2020,03/12/2020,500.00,,,11-4-e,misrepresentation of a material fact that has a tendency to mislead
4Z36225690,Department of Housing and Community Affairs,Open,12/05/2019,11/22/2019,12/05/2019,500.00,,03/31/2020,26-9(a)(4),Failure to maintain supplied facility in satisfactory working condition.
6Z36225370,Department of Housing and Community Affairs,Open,11/15/2019,11/05/2019,11/15/2019,500.00,Stet Docket,02/18/2020,26-9(a)(4),Failure to maintain supplied facility in satisfactory working condition.
6Z36226329,Department of Housing and Community Affairs,Open,12/19/2019,12/06/2019,12/19/2019,500.00,,03/31/2020,26-9(c)(5),Failure to maintain floor covering in good repair and sanitary condition.
2Z36225513,Department of Housing and Community Affairs,Open,11/15/2019,11/05/2019,11/15/2019,500.00,Stet Docket,02/18/2020,26-9(a)(4),Failure to maintain supplied facility in satisfactory working condition.
5Z36219447,Department of Housing and Community Affairs,Open,12/08/2017,11/28/2017,12/08/2017,500.00,,03/31/2020,26-9(a)(1),Failure to maintain item/structure in good repair.
0Z36227121,Department of Housing and Community Affairs,Open,03/24/2020,03/18/2020,03/24/2020,500.00,,,26-9(a)(1),Failure to maintain item/structure in good repair.
4Z36225452,Department of Housing and Community Affairs,Open,11/15/2019,11/05/2019,11/15/2019,500.00,Stet Docket,02/18/2020,26-9(a)(4),Failure to maintain supplied facility in satisfactory working condition.
3Z36225696,Department of Housing and Community Affairs,Open,12/05/2019,11/22/2019,12/05/2019,500.00,,03/31/2020,26-9(b)(1),"Failure to maintain item in reasonable weather-tight, water-tight, and rodent proof condition, free from foreign matter and capable of affording privacy."
6Z42207353,Animal Control and Humane Treatment,Open,12/31/2019,11/27/2019,12/31/2019,100.00,,03/10/2020,5-203-A-6,Prevent the animal from creating or causing noise that is loud and persistent enough to disturb another person's quiet enjoyment.
1Z41767881,Animal Control and Humane Treatment,Open,11/25/2019,11/11/2019,11/25/2019,100.00,,03/10/2020,5-203-A-1,Prevent the animal other than an altered cat to be at large
4Z36225207,Department of Housing and Community Affairs,Open,11/15/2019,11/05/2019,11/15/2019,500.00,Stet Docket,02/18/2020,26-9(a)(4),Failure to maintain supplied facility in satisfactory working condition.
1Z36223125,Department of Housing and Community Affairs,Open,04/19/2019,04/03/2019,04/19/2019,500.00,Abatement Order entered,07/30/2019,26-9(b)(1),"Failure to maintain item in reasonable weather-tight, water-tight, and rodent proof condition, free from foreign matter and capable of affording privacy."
3Z40614990,Washington Metro. and Transit Auth. Police,Open,02/10/2020,01/28/2020,02/10/2020,50.00,,,54-A-2-9,Cease entering or leaving a fare-paid area of a rail transport station without paying the fare or presenting a valid transfer
2Z42126086,Animal Control and Humane Treatment,Open,11/06/2019,10/25/2019,11/06/2019,100.00,,03/10/2020,5-404-A-2,operating without a commercial kennel license
4Z42317279,False Alarm,Open,03/03/2020,01/28/2020,03/03/2020,500.00,,,3a-4C(2),requesting police dispatch to a burglar alarm activation without providing the required alarm user registration number.
5Z41707657,Department of Permitting Services,Open,03/23/2020,03/06/2020,03/23/2020,500.00,,,26-9(a)(13),"Failure to remove, repair, and/or register unused vehicle"
6Z36225293,Department of Housing and Community Affairs,Open,11/15/2019,11/05/2019,11/15/2019,500.00,Stet Docket,02/18/2020,26-9(a)(4),Failure to maintain supplied facility in satisfactory working condition.
6Z36227155,Department of Housing and Community Affairs,Open,03/24/2020,03/18/2020,03/24/2020,500.00,,,26-9(b)(5),"Failure to maintain grounds: free of erosion or gullying; grass or weeds over 12 inches high; and/or shrubbery, trees, vines, hedges, and other vegetation, including dead trees and branches."
1Z42299531,Health and Human Services,Open,01/31/2020,01/03/2020,01/31/2020,500.00,,,15-8-b-1,operating a food facility without a certified food manager
3Z36225304,Department of Housing and Community Affairs,Open,11/15/2019,11/05/2019,11/15/2019,500.00,Stet Docket,02/18/2020,26-9(a)(4),Failure to maintain supplied facility in satisfactory working condition.
5Z42209081,Animal Control and Humane Treatment,Open,04/15/2019,03/20/2019,04/15/2019,100.00,Default Judgment,06/11/2019,5-203-a-9,Obtain and provide proof that an animal is licensed in Montgomery County
2Z42209246,Animal Control and Humane Treatment,Open,03/02/2020,02/26/2020,03/02/2020,100.00,,,5-203-a-9,Obtain and provide proof that an animal is licensed in Montgomery County
4Z39893368,Department of Environmental Protection/Solid Waste,Open,01/31/2020,01/14/2020,01/31/2020,150.00,,,48-03(b)6,Failure to provide containers for recyclables in adequate sizes and quantities
3Z36225199,Department of Housing and Community Affairs,Open,11/15/2019,11/05/2019,11/15/2019,500.00,Stet Docket,02/18/2020,26-9(a)(4),Failure to maintain supplied facility in satisfactory working condition.
1Z36225498,Department of Housing and Community Affairs,Open,11/15/2019,11/05/2019,11/15/2019,500.00,Stet Docket,02/18/2020,26-9(a)(4),Failure to maintain supplied facility in satisfactory working condition.
2Z36222860,Department of Housing and Community Affairs,Open,03/18/2019,03/08/2019,03/18/2019,500.00,Abatement Order entered,06/18/2019,26-9(a)(4),Failure to maintain supplied facility in satisfactory working condition.
3Z36225710,Department of Housing and Community Affairs,Open,12/02/2019,11/25/2019,12/02/2019,500.00,,03/24/2020,26-9(a)(8),"Accumulating garbage or rubbish outside of approved storage container, garage or building."
5Z36225642,Department of Housing and Community Affairs,Open,12/05/2019,11/19/2019,12/05/2019,500.00,,03/31/2020,48-24(a),Failure to remove solid waste (abandoned/non-functional vehicle).
1Z36225596,Department of Housing and Community Affairs,Open,11/22/2019,11/07/2019,11/22/2019,500.00,,03/24/2020,26-9(a)(12),Failure to eliminate public nuisance.
3Z42123308,Animal Control and Humane Treatment,Open,02/12/2020,02/10/2020,02/12/2020,500.00,,,5-402-C,Possessing unvaccinated dog
3Z36226816,Department of Housing and Community Affairs,Open,01/21/2020,02/10/2020,01/21/2020,500.00,,,26-9(a)(1),Failure to maintain item/structure in good repair.
2Z36227018,Department of Housing and Community Affairs,Open,03/23/2020,03/03/2020,03/23/2020,500.00,,,26-9(a)(6),Failure to maintain premises in safe and sanitary condition.
4Z36226915,Department of Housing and Community Affairs,Open,01/21/2020,02/18/2020,01/21/2020,500.00,,,26-9(a)(13),"Failure to remove, repair, and/or register unused vehicle"
0Z36225413,Department of Housing and Community Affairs,Open,11/15/2019,11/05/2019,11/15/2019,500.00,Stet Docket,02/18/2020,26-9(a)(4),Failure to maintain supplied facility in satisfactory working condition.
4Z36225480,Department of Housing and Community Affairs,Open,11/15/2019,11/05/2019,11/15/2019,500.00,Stet Docket,02/18/2020,26-9(a)(4),Failure to maintain supplied facility in satisfactory working condition.
3Z39911966,Department of Environmental Protection/Solid Waste,Open,12/12/2019,11/18/2019,12/12/2019,500.00,,03/10/2020,48-19(A)-2-A,Transporting solid waste in the County without a suitable cover to prevent loss of material
1Z36226870,Department of Housing and Community Affairs,Open,03/23/2020,02/13/2020,03/23/2020,500.00,,,26-6(a),Failure to maintain electrical service in good safe working condition.
5Z34041047,Washington Metro. and Transit Auth. Police,Open,02/18/2020,02/12/2020,02/18/2020,50.00,,,54-A-2-9,Cease entering or leaving a fare-paid area of a rail transport station without paying the fare or presenting a valid transfer
5Z36223948,Department of Housing and Community Affairs,Open,07/11/2019,06/24/2019,07/11/2019,500.00,Continued,03/24/2020,26-9(b)(5),"Failure to maintain grounds: free of erosion or gullying; grass or weeds over 12 inches high; and/or shrubbery, trees, vines, hedges, and other vegetation, including dead trees and branches."
5Z36227147,Department of Housing and Community Affairs,Open,03/24/2020,03/18/2020,03/24/2020,500.00,,,26-9(b)(3),"Failure to maintain exterior surfaces free of flaking, peeling or loose paint and free of water seepage and against decay."
5Z36225530,Department of Housing and Community Affairs,Open,11/15/2019,11/05/2019,11/15/2019,500.00,Stet Docket,02/18/2020,26-9(a)(4),Failure to maintain supplied facility in satisfactory working condition.
0Z36225042,Department of Housing and Community Affairs,Open,11/01/2019,10/22/2019,11/01/2019,500.00,,03/24/2020,26-9(a)(1),Failure to maintain item/structure in good repair.
3Z36225668,Department of Housing and Community Affairs,Open,12/05/2019,11/21/2019,12/05/2019,500.00,,03/31/2020,26-9(a)(1),Failure to maintain item/structure in good repair.
3Z36226739,Department of Housing and Community Affairs,Open,02/07/2020,02/03/2020,02/07/2020,500.00,,,26-9(a)(1),Failure to maintain item/structure in good repair.
0Z36226344,Department of Housing and Community Affairs,Open,12/19/2019,12/06/2019,12/19/2019,500.00,,03/31/2020,26-9(a)(12),Failure to eliminate public nuisance.
1Z41707485,Department of Permitting Services,Open,03/23/2020,02/21/2020,03/23/2020,500.00,,,8-24-a,Comply with the NOV requiring permits and inspections for large additions to the home
0Z36224895,Department of Housing and Community Affairs,Open,10/11/2019,10/07/2019,10/11/2019,500.00,Abatement Order entered,02/25/2020,26-6(a),Failure to maintain electrical service in good safe working condition.
2Z36225135,Department of Housing and Community Affairs,Open,11/11/2019,10/30/2019,11/11/2019,500.00,,03/24/2020,26-8(a)(1),Failure to provide safe and unobstructed means of escape leading to safe and open space ground level.
6Z42316854,False Alarm,Open,07/29/2019,06/24/2019,07/29/2019,500.00,,10/15/2019,3a-4C(2),requesting police dispatch to a burglar alarm activation without providing the required alarm user registration number.
6Z36225538,Department of Housing and Community Affairs,Open,11/15/2019,11/05/2019,11/15/2019,500.00,Stet Docket,02/18/2020,26-9(a)(4),Failure to maintain supplied facility in satisfactory working condition.
5Z42207359,Animal Control and Humane Treatment,Open,02/20/2020,02/13/2020,02/20/2020,100.00,,,5-203-a-9,Obtain and provide proof that an animal is licensed in Montgomery County
5Z40859887,Washington Metro. and Transit Auth. Police,Open,03/03/2020,02/27/2020,03/03/2020,50.00,,,54-A-2-9,Cease entering or leaving a fare-paid area of a rail transport station without paying the fare or presenting a valid transfer
1Z36225204,Department of Housing and Community Affairs,Open,11/15/2019,11/05/2019,11/15/2019,500.00,Stet Docket,02/18/2020,26-9(a)(4),Failure to maintain supplied facility in satisfactory working condition.
2Z36226899,Department of Housing and Community Affairs,Open,01/21/2020,02/14/2020,01/21/2020,500.00,,,26-9(a)(2),"Failure to maintain door, window, and/or hatchway in sound working condition."
6Z41707658,Department of Permitting Services,Open,03/23/2020,03/06/2020,03/23/2020,500.00,,,59-3-1-6,Allowing the use of a residentially zoned lot as a staging and commerical storage lot
4Z36225550,Department of Housing and Community Affairs,Open,11/15/2019,11/05/2019,11/15/2019,500.00,Stet Docket,02/18/2020,26-9(a)(4),Failure to maintain supplied facility in satisfactory working condition.
5Z41707482,Department of Permitting Services,Open,03/23/2020,02/20/2020,03/23/2020,500.00,,,8-24-a,Comply with the NOV requiring permits and inspections for large additions to the home
2Z41707486,Department of Permitting Services,Open,03/23/2020,02/24/2020,03/23/2020,500.00,,,8-17-e,failure to obtain the final inspection for a mechanical permit
1Z36225435,Department of Housing and Community Affairs,Open,11/15/2019,11/05/2019,11/15/2019,500.00,Stet Docket,02/18/2020,26-9(a)(4),Failure to maintain supplied facility in satisfactory working condition.
2Z36225534,Department of Housing and Community Affairs,Open,11/15/2019,11/05/2019,11/15/2019,500.00,Stet Docket,02/18/2020,26-9(a)(4),Failure to maintain supplied facility in satisfactory working condition.
1Z41767888,Animal Control and Humane Treatment,Open,01/03/2020,01/01/2020,01/03/2020,100.00,,03/10/2020,5-203-A-1,Prevent the animal other than an altered cat to be at large
0Z42209216,Animal Control and Humane Treatment,Open,02/12/2020,02/07/2020,02/12/2020,500.00,,,5-402-C,Possessing unvaccinated dog
3Z36226298,Department of Housing and Community Affairs,Open,12/19/2019,12/06/2019,12/19/2019,500.00,,03/31/2020,26-9(a)(1),Failure to maintain item/structure in good repair.
0Z36226715,Department of Housing and Community Affairs,Open,02/14/2020,01/29/2020,02/14/2020,500.00,,,26-9(a)(4),Failure to maintain supplied facility in satisfactory working condition.
5Z39895679,Animal Control and Humane Treatment,Open,07/09/2019,07/07/2019,07/09/2019,100.00,,10/08/2019,5-203-A-1,Prevent the animal other than an altered cat to be at large
6Z36224873,Department of Housing and Community Affairs,Open,10/23/2019,10/03/2019,10/23/2019,500.00,Abatement Order entered,02/25/2020,26-9(b)(5),"Failure to maintain grounds: free of erosion or gullying; grass or weeds over 12 inches high; and/or shrubbery, trees, vines, hedges, and other vegetation, including dead trees and branches."
1Z41767727,Animal Control and Humane Treatment,Open,12/31/2019,11/27/2019,12/31/2019,500.00,,03/10/2020,5-301-c-1,violating a written order by MCASD to enforce the law for the  multiple impoundments
0Z36226743,Department of Housing and Community Affairs,Open,02/07/2020,02/03/2020,02/07/2020,500.00,,,26-9(a)(2),"Failure to maintain door, window, and/or hatchway in sound working condition."
2Z36225030,Department of Housing and Community Affairs,Open,11/01/2019,10/21/2019,11/01/2019,500.00,,03/24/2020,26-9(a)(8),"Accumulating garbage or rubbish outside of approved storage container, garage or building."
3Z36224457,Department of Housing and Community Affairs,Open,08/23/2019,08/15/2019,08/23/2019,500.00,,,26-9(b)(5),"Failure to maintain grounds: free of erosion or gullying; grass or weeds over 12 inches high; and/or shrubbery, trees, vines, hedges, and other vegetation, including dead trees and branches."
4Z36225039,Department of Housing and Community Affairs,Open,11/01/2019,10/22/2019,11/01/2019,500.00,,03/24/2020,26-9(a)(1),Failure to maintain item/structure in good repair.
2Z39895676,Animal Control and Humane Treatment,Open,06/30/2019,06/19/2019,06/30/2019,100.00,Abatement Order entered,09/10/2019,5-203-A-1,Prevent the animal other than an altered cat to be at large
0Z39911949,Department of Environmental Protection/Solid Waste,Open,12/17/2019,11/12/2019,12/17/2019,500.00,,03/10/2020,48-05-04-c,Failure to provide an accurate and legible list of all customer locations where solid waste was collected
3Z42209135,Animal Control and Humane Treatment,Open,09/05/2019,08/29/2019,09/05/2019,500.00,,11/12/2019,5-402-C,"An owner must vaccinate a cat, dog, or ferret older than 4 months of age against rabies and provide proof of the most recent vaccination to an animal control officer within 24 hours."
3Z36226326,Department of Housing and Community Affairs,Open,12/19/2019,12/06/2019,12/19/2019,500.00,,03/31/2020,26-9(a)(1),Failure to maintain item/structure in good repair.
6Z36225447,Department of Housing and Community Affairs,Open,11/15/2019,11/05/2019,11/15/2019,500.00,Stet Docket,02/18/2020,26-9(a)(4),Failure to maintain supplied facility in satisfactory working condition.
4Z36222666,Department of Housing and Community Affairs,Open,03/01/2019,02/19/2019,03/01/2019,500.00,Abatement Order Compliance,05/28/2019,26-9(a)(1),Failure to maintain item/structure in good repair.
5Z36225103,Department of Housing and Community Affairs,Open,11/11/2019,10/30/2019,11/11/2019,500.00,,03/24/2020,26-8(a)(1),Failure to provide safe and unobstructed means of escape leading to safe and open space ground level.
1Z36225351,Department of Housing and Community Affairs,Open,11/15/2019,11/05/2019,11/15/2019,500.00,Stet Docket,02/18/2020,26-9(a)(4),Failure to maintain supplied facility in satisfactory working condition.
5Z36226769,Department of Housing and Community Affairs,Open,02/07/2020,02/03/2020,02/07/2020,500.00,,,26-9(c)(3),"Failure to maintain wall, ceiling, floor, interior woodwork, door, and/or windows in sound condition and good repair free of flaking, peeling, or loose paint."
3Z36226760,Department of Housing and Community Affairs,Open,02/07/2020,02/03/2020,02/07/2020,500.00,,,26-9(a)(2),"Failure to maintain door, window, and/or hatchway in sound working condition."
6Z36225209,Department of Housing and Community Affairs,Open,11/15/2019,11/05/2019,11/15/2019,500.00,Stet Docket,02/18/2020,26-9(a)(4),Failure to maintain supplied facility in satisfactory working condition.
4Z41707740,Department of Permitting Services,Open,01/21/2020,01/29/2020,01/21/2020,500.00,,,59-3-1-6,Allowing the use of a residentially zoned lot as a staging and commerical storage lot
0Z41768013,Animal Control and Humane Treatment,Open,11/06/2019,10/29/2019,11/06/2019,500.00,Paid and Satisfied,02/11/2020,5-203-C,Prevent the animal from having unwanted contact with a person or another domesticated animal at all times.
5Z36226720,Department of Housing and Community Affairs,Open,01/21/2020,01/31/2020,01/21/2020,500.00,,,26-9(a)(8),"Accumulating garbage or rubbish outside of approved storage container, garage or building."
6Z36226861,Department of Housing and Community Affairs,Open,03/23/2020,02/13/2020,03/23/2020,500.00,,,26-9(a)(1),Failure to maintain item/structure in good repair.
1Z36226828,Department of Housing and Community Affairs,Open,01/21/2020,02/11/2020,01/21/2020,500.00,,,26-9(a)(2),"Failure to maintain door, window, and/or hatchway in sound working condition."
0Z36225525,Department of Housing and Community Affairs,Open,11/15/2019,11/05/2019,11/15/2019,500.00,Stet Docket,02/18/2020,26-9(a)(4),Failure to maintain supplied facility in satisfactory working condition.
6Z36226931,Department of Housing and Community Affairs,Open,03/03/2020,02/20/2020,03/03/2020,500.00,,,26-9(a)(1),Failure to maintain item/structure in good repair.
6Z36226826,Department of Housing and Community Affairs,Open,01/21/2020,02/11/2020,01/21/2020,500.00,,,26-9(b)(3),"Failure to maintain exterior surfaces free of flaking, peeling or loose paint and free of water seepage and against decay."
4Z36225221,Department of Housing and Community Affairs,Open,11/15/2019,11/05/2019,11/15/2019,500.00,Stet Docket,02/18/2020,26-9(a)(4),Failure to maintain supplied facility in satisfactory working condition.
2Z36226325,Department of Housing and Community Affairs,Open,12/19/2019,12/06/2019,12/19/2019,500.00,,03/31/2020,26-9(a)(4),Failure to maintain supplied facility in satisfactory working condition.
3Z36226249,Department of Housing and Community Affairs,Open,12/19/2019,12/06/2019,12/19/2019,500.00,,03/31/2020,26-9(a)(1),Failure to maintain item/structure in good repair.
0Z36225448,Department of Housing and Community Affairs,Open,11/15/2019,11/05/2019,11/15/2019,500.00,Stet Docket,02/18/2020,26-9(a)(4),Failure to maintain supplied facility in satisfactory working condition.
6Z42211749,Animal Control and Humane Treatment,Open,03/27/2020,03/25/2020,03/27/2020,500.00,,,5-203-C,Prevent the animal from having unwanted contact with a person or another domesticated animal at all times.
1Z36226800,Department of Housing and Community Affairs,Open,02/14/2020,02/05/2020,02/14/2020,500.00,,,26-9(b)(3),"Failure to maintain exterior surfaces free of flaking, peeling or loose paint and free of water seepage and against decay."
0Z36226274,Department of Housing and Community Affairs,Open,12/19/2019,12/06/2019,12/19/2019,500.00,,03/31/2020,26-9(a)(12),Failure to eliminate public nuisance.
2Z36226269,Department of Housing and Community Affairs,Open,12/19/2019,12/06/2019,12/19/2019,500.00,,03/31/2020,26-9(a)(1),Failure to maintain item/structure in good repair.
6Z42209012,Animal Control and Humane Treatment,Open,06/24/2019,,06/24/2019,100.00,Abatement Order entered,08/13/2019,5-203-A-1,Prevent the animal other than an altered cat to be at large
2Z36226990,Department of Housing and Community Affairs,Open,03/03/2020,02/28/2020,03/03/2020,500.00,,,29-16(a),Operating a rental facility without first obtaining a rental facility license.
1Z36223482,Department of Housing and Community Affairs,Open,05/22/2019,05/14/2019,05/22/2019,500.00,Dismiss without prejudice,08/27/2019,26-9(a)(8),"Accumulating garbage or rubbish outside of approved storage container, garage or building."
4Z36226243,Department of Housing and Community Affairs,Open,12/19/2019,12/06/2019,12/19/2019,500.00,,03/31/2020,26-9(a)(1),Failure to maintain item/structure in good repair.
6Z36227120,Department of Housing and Community Affairs,Open,03/24/2020,03/18/2020,03/24/2020,500.00,,,26-9(a)(1),Failure to maintain item/structure in good repair.
0Z36226365,Department of Housing and Community Affairs,Open,12/19/2019,12/06/2019,12/19/2019,500.00,,03/31/2020,26-9(a)(4),Failure to maintain supplied facility in satisfactory working condition.
4Z36225326,Department of Housing and Community Affairs,Open,11/15/2019,11/05/2019,11/15/2019,500.00,Stet Docket,02/18/2020,26-9(a)(4),Failure to maintain supplied facility in satisfactory working condition.
0Z36224615,Department of Housing and Community Affairs,Open,09/20/2019,09/10/2019,09/20/2019,500.00,,,26-9(a)(1),Failure to maintain item/structure in good repair.
1Z36226758,Department of Housing and Community Affairs,Open,02/07/2020,02/03/2020,02/07/2020,500.00,,,26-9(c)(3),"Failure to maintain wall, ceiling, floor, interior woodwork, door, and/or windows in sound condition and good repair free of flaking, peeling, or loose paint."
6Z36225496,Department of Housing and Community Affairs,Open,11/15/2019,11/05/2019,11/15/2019,500.00,Stet Docket,02/18/2020,26-9(a)(4),Failure to maintain supplied facility in satisfactory working condition.
1Z36225036,Department of Housing and Community Affairs,Open,11/01/2019,10/22/2019,11/01/2019,500.00,,03/24/2020,26-9(b)(5),"Failure to maintain grounds: free of erosion or gullying; grass or weeds over 12 inches high; and/or shrubbery, trees, vines, hedges, and other vegetation, including dead trees and branches."
4Z36225347,Department of Housing and Community Affairs,Open,11/15/2019,11/05/2019,11/15/2019,500.00,Stet Docket,02/18/2020,26-9(a)(4),Failure to maintain supplied facility in satisfactory working condition.
6Z36225111,Department of Housing and Community Affairs,Open,11/11/2019,10/30/2019,11/11/2019,500.00,,03/24/2020,26-8(a)(1),Failure to provide safe and unobstructed means of escape leading to safe and open space ground level.
0Z36225301,Department of Housing and Community Affairs,Open,11/15/2019,11/05/2019,11/15/2019,500.00,Stet Docket,02/18/2020,26-9(a)(4),Failure to maintain supplied facility in satisfactory working condition.
4Z36225277,Department of Housing and Community Affairs,Open,11/15/2019,11/05/2019,11/15/2019,500.00,Stet Docket,02/18/2020,26-9(a)(4),Failure to maintain supplied facility in satisfactory working condition.
4Z36225319,Department of Housing and Community Affairs,Open,11/15/2019,11/05/2019,11/15/2019,500.00,Stet Docket,02/18/2020,26-9(a)(4),Failure to maintain supplied facility in satisfactory working condition.
3Z42299505,Health and Human Services,Open,03/02/2020,02/28/2020,03/02/2020,500.00,,,24-8-B-C1-C,Operating a body works establishment without a license
3Z39889797,Department of Environmental Protection,Open,04/15/2019,03/29/2019,04/15/2019,500.00,Guilty,08/13/2019,31-B-5-b,Cease creating a noise disturbance by allowing amplified music to be played for several hours
2z36224925,Department of Housing and Community Affairs,Open,10/31/2019,10/09/2019,10/31/2019,500.00,Continued,02/25/2020,26-9(a)(3),"Failure to complete renovation, addition, or new construction in accordance with building permit."
4Z36227055,Department of Housing and Community Affairs,Open,03/23/2020,03/06/2020,03/23/2020,500.00,,,26-9(a)(13),"Failure to remove, repair, and/or register unused vehicle"
5Z36225292,Department of Housing and Community Affairs,Open,11/15/2019,11/05/2019,11/15/2019,500.00,Stet Docket,02/18/2020,26-9(a)(4),Failure to maintain supplied facility in satisfactory working condition.
5Z40616385,Washington Metro. and Transit Auth. Police,Open,12/17/2019,12/07/2019,12/17/2019,50.00,Default Judgment,02/11/2020,54-A-2-9,Cease entering or leaving a fare-paid area of a rail transport station without paying the fare or presenting a valid transfer
1Z36225253,Department of Housing and Community Affairs,Open,11/15/2019,11/05/2019,11/15/2019,500.00,Stet Docket,02/18/2020,26-9(a)(4),Failure to maintain supplied facility in satisfactory working condition.
3Z42209240,Animal Control and Humane Treatment,Open,02/12/2020,02/10/2020,02/12/2020,500.00,,,5-301-b,violation of an order issued by the Gaithersburg City Animal Control to keep the animal muzzled
6Z36225195,Department of Housing and Community Affairs,Open,11/15/2019,11/05/2019,11/15/2019,500.00,Stet Docket,02/18/2020,26-9(a)(4),Failure to maintain supplied facility in satisfactory working condition.
4Z36226733,Department of Housing and Community Affairs,Open,02/07/2020,02/03/2020,02/07/2020,500.00,,,26-9(a)(1),Failure to maintain item/structure in good repair.
4Z36226299,Department of Housing and Community Affairs,Open,12/19/2019,12/06/2019,12/19/2019,500.00,,03/31/2020,26-6(a),Failure to maintain electrical service in good safe working condition.
6Z41706937,Department of Permitting Services,Open,02/10/2020,02/03/2020,02/10/2020,1000.00,,,19-2-a,Cease engaging into any land disturbing activity without first the proper permit from DPS.
4Z40616006,Washington Metro. and Transit Auth. Police,Open,03/27/2020,03/13/2020,03/27/2020,50.00,,,54-A-2-9,Cease entering or leaving a fare-paid area of a rail transport station without paying the fare or presenting a valid transfer
2Z41768015,Animal Control and Humane Treatment,Open,03/06/2020,03/04/2020,03/06/2020,100.00,,,5-203-A-1,Prevent the animal other than an altered cat to be at large
0z42211603,Animal Control and Humane Treatment,Open,04/30/2019,04/08/2019,04/30/2019,500.00,Guilty,07/09/2019,5-402-C,"An owner must vaccinate a cat, dog, or ferret older than 4 months of age against rabies and provide proof of the most recent vaccination to an animal control officer within 24 hours."
6Z36226812,Department of Housing and Community Affairs,Open,02/14/2020,02/10/2020,02/14/2020,500.00,,,26-10(d),Did allow the storage of solid waste outside of an approved container for more that 24 hours.
2Z39911965,Department of Environmental Protection/Solid Waste,Open,12/12/2019,11/15/2019,12/12/2019,750.00,,03/10/2020,48-19-a-3,A person should not engage in the business of collecting or transporting solid waste in the County without first obtaining a permit (license) from the Director of the Solid Waste Division
5Z41782571,Board of License Commissioners,Open,02/18/2020,12/05/2019,02/18/2020,1000.00,,,24-11-B(1)(i),"Did or did offer to deliver, dispense, issue, give away or sell a tobacco product to a minor"
5Z36227077,Department of Housing and Community Affairs,Open,03/23/2020,03/10/2020,03/23/2020,500.00,,,26-9(a)(2),"Failure to maintain door, window, and/or hatchway in sound working condition."
5Z36225593,Department of Housing and Community Affairs,Open,11/22/2019,11/07/2019,11/22/2019,500.00,,03/24/2020,26-9(a)(1),Failure to maintain item/structure in good repair.
5Z41707608,Department of Permitting Services,Open,03/23/2020,02/27/2020,03/23/2020,500.00,,,59-6-2-5-L4,"Failure to comply with violation notice, prohibiting commercial vehicles in excess of one within the R-90 zone."
2Z36225296,Department of Housing and Community Affairs,Open,11/15/2019,11/05/2019,11/15/2019,500.00,Stet Docket,02/18/2020,26-9(a)(4),Failure to maintain supplied facility in satisfactory working condition.
0Z36225084,Department of Housing and Community Affairs,Open,11/15/2019,10/29/2019,11/15/2019,500.00,,03/24/2020,26-9(c)(5),Failure to maintain floor covering in good repair and sanitary condition.
5Z36226874,Department of Housing and Community Affairs,Open,01/21/2020,02/14/2020,01/21/2020,500.00,,,26-9(a)(13),"Failure to remove, repair, and/or register unused vehicle"
2Z36223798,Department of Housing and Community Affairs,Open,06/28/2019,06/06/2019,06/28/2019,500.00,Default Judgment,10/29/2019,26-9(a)(13),"Failure to remove, repair, and/or register unused vehicle"
3Z36226081,Department of Housing and Community Affairs,Open,12/05/2019,12/03/2019,12/05/2019,500.00,,03/31/2020,26-9(a)(13),"Failure to remove, repair, and/or register unused vehicle"
0Z36226897,Department of Housing and Community Affairs,Open,01/21/2020,02/14/2020,01/21/2020,500.00,,,26-9(a)(1),Failure to maintain item/structure in good repair.
0Z42105259,Animal Control and Humane Treatment,Open,11/25/2019,11/14/2019,11/25/2019,100.00,,03/10/2020,5-203-a-3,Prevent an animal from entering a private property without the property owners's permission
6Z36226763,Department of Housing and Community Affairs,Open,02/07/2020,02/03/2020,02/07/2020,500.00,,,26-9(a)(2),"Failure to maintain door, window, and/or hatchway in sound working condition."
2Z36226248,Department of Housing and Community Affairs,Open,12/19/2019,12/06/2019,12/19/2019,500.00,,03/31/2020,26-9(a)(12),Failure to eliminate public nuisance.
0Z36226967,Department of Housing and Community Affairs,Open,03/03/2020,02/26/2020,03/03/2020,500.00,,,26-9(a)(6),Failure to maintain premises in safe and sanitary condition.
0Z36227009,Department of Housing and Community Affairs,Open,03/23/2020,03/03/2020,03/23/2020,500.00,,,26-9(a)(4),Failure to maintain supplied facility in satisfactory working condition.
5Z42227505,Department of Permitting Services,Open,03/12/2020,02/27/2020,03/12/2020,1000.00,,,19-7,Comply with the conditions of the sediment control permit and the Notices of Violation
6Z36226336,Department of Housing and Community Affairs,Open,12/19/2019,12/06/2019,12/19/2019,500.00,,03/31/2020,26-6(a),Failure to maintain electrical service in good safe working condition.
5Z36226811,Department of Housing and Community Affairs,Open,02/14/2020,02/10/2020,02/14/2020,500.00,,,48-24(a),Failure to remove solid waste (abandoned/non-functional vehicle).
5Z36225236,Department of Housing and Community Affairs,Open,11/15/2019,11/05/2019,11/15/2019,500.00,Stet Docket,02/18/2020,26-9(a)(4),Failure to maintain supplied facility in satisfactory working condition.
2Z36225415,Department of Housing and Community Affairs,Open,11/15/2019,11/05/2019,11/15/2019,500.00,Stet Docket,02/18/2020,26-9(a)(4),Failure to maintain supplied facility in satisfactory working condition.
1Z36226723,Department of Housing and Community Affairs,Open,01/21/2020,01/31/2020,01/21/2020,500.00,,,26-9(a)(1),Failure to maintain item/structure in good repair.
2Z36226906,Department of Housing and Community Affairs,Open,01/21/2020,02/14/2020,01/21/2020,500.00,,,26-9(c)(5),Failure to maintain floor covering in good repair and sanitary condition.
4Z42209192,Animal Control and Humane Treatment,Open,09/30/2019,09/25/2019,09/30/2019,500.00,Default Judgment,01/14/2020,5-402-C,"An owner must vaccinate a cat, dog, or ferret older than 4 months of age against rabies and provide proof of the most recent vaccination to an animal control officer within 24 hours."
2Z36225156,Department of Housing and Community Affairs,Open,11/11/2019,10/31/2019,11/11/2019,500.00,,03/24/2020,26-9(c)(5),Failure to maintain floor covering in good repair and sanitary condition.
5Z36223479,Department of Housing and Community Affairs,Open,05/22/2019,05/14/2019,05/22/2019,500.00,Dismiss without prejudice,08/27/2019,26-9(b)(1),"Failure to maintain item in reasonable weather-tight, water-tight, and rodent proof condition, free from foreign matter and capable of affording privacy."
5Z36227049,Department of Housing and Community Affairs,Open,03/23/2020,03/06/2020,03/23/2020,500.00,,,48-24(a),Failure to remove solid waste (abandoned/non-functional vehicle).
5Z40856114,Washington Metro. and Transit Auth. Police,Open,02/18/2020,02/10/2020,02/18/2020,50.00,,,54-A-2-9,Cease entering or leaving a fare-paid area of a rail transport station without paying the fare or presenting a valid transfer
3Z42316858,False Alarm,Open,07/29/2019,06/24/2019,07/29/2019,500.00,,10/15/2019,3a-4C(2),requesting police dispatch to a burglar alarm activation without providing the required alarm user registration number.
4Z42209122,Animal Control and Humane Treatment,Open,10/28/2019,10/22/2019,10/28/2019,500.00,Default Judgment,02/11/2020,5-402-C,Possessing unvaccinated dog
6Z41707651,Department of Permitting Services,Open,03/23/2020,02/15/2020,03/23/2020,500.00,,,59-3-1-6,Allowing the use of a residentially zoned lot as a staging and commerical storage lot
3Z36225612,Department of Housing and Community Affairs,Open,11/15/2019,11/12/2019,11/15/2019,500.00,,03/24/2020,26-9(a)(13),"Failure to remove, repair, and/or register unused vehicle"
3Z36225297,Department of Housing and Community Affairs,Open,11/15/2019,11/05/2019,11/15/2019,500.00,Stet Docket,02/18/2020,26-9(a)(4),Failure to maintain supplied facility in satisfactory working condition.
4Z36225676,Department of Housing and Community Affairs,Open,12/05/2019,11/21/2019,12/05/2019,500.00,,03/31/2020,26-9(a)(2),"Failure to maintain door, window, and/or hatchway in sound working condition."
1Z36225687,Department of Housing and Community Affairs,Open,12/05/2019,11/21/2019,12/05/2019,500.00,,03/31/2020,26-9(a)(4),Failure to maintain supplied facility in satisfactory working condition.
2Z36220816,Department of Housing and Community Affairs,Open,06/29/2018,06/25/2018,06/29/2018,500.00,Abatement Order entered,10/29/2019,26-9(a)(8),"Accumulating garbage or rubbish outside of approved storage container, garage or building."
4Z36225298,Department of Housing and Community Affairs,Open,11/15/2019,11/05/2019,11/15/2019,500.00,Stet Docket,02/18/2020,26-9(a)(4),Failure to maintain supplied facility in satisfactory working condition.
5Z42209228,Animal Control and Humane Treatment,Open,11/25/2019,11/12/2019,11/25/2019,500.00,,03/10/2020,5-203-C,Prevent the animal from having unwanted contact with a person or another domesticated animal at all times.
2Z36227053,Department of Housing and Community Affairs,Open,03/23/2020,03/06/2020,03/23/2020,500.00,,,26-9(a)(13),"Failure to remove, repair, and/or register unused vehicle"
4Z36225529,Department of Housing and Community Affairs,Open,11/15/2019,11/05/2019,11/15/2019,500.00,Stet Docket,02/18/2020,26-9(a)(4),Failure to maintain supplied facility in satisfactory working condition.
0Z42211512,Animal Control and Humane Treatment,Open,06/30/2019,05/30/2019,06/30/2019,100.00,Default Judgment,09/10/2019,5-203-A-1,Prevent the animal other than an altered cat to be at large
1Z36224854,Department of Housing and Community Affairs,Open,10/11/2019,10/02/2019,10/11/2019,500.00,Dismiss without prejudice,02/25/2020,26-9(c)(3),"Failure to maintain wall, ceiling, floor, interior woodwork, door, and/or windows in sound condition and good repair free of flaking, peeling, or loose paint."
4Z36227118,Department of Housing and Community Affairs,Open,03/23/2020,03/17/2020,03/23/2020,500.00,,,26-10(b),"Failure to maintain item in sound condition and good repair,paint or protect surfaces to prevent deterioration."
0Z36225371,Department of Housing and Community Affairs,Open,11/15/2019,11/05/2019,11/15/2019,500.00,Stet Docket,02/18/2020,26-9(a)(4),Failure to maintain supplied facility in satisfactory working condition.
3Z36226354,Department of Housing and Community Affairs,Open,12/19/2019,12/06/2019,12/19/2019,500.00,,03/31/2020,26-6(a),Failure to maintain electrical service in good safe working condition.
3Z36225346,Department of Housing and Community Affairs,Open,11/15/2019,11/05/2019,11/15/2019,500.00,Stet Docket,02/18/2020,26-9(a)(4),Failure to maintain supplied facility in satisfactory working condition.
2Z36226724,Department of Housing and Community Affairs,Open,02/07/2020,02/03/2020,02/07/2020,500.00,,,26-9(c)(1),"Failure to maintain plumbing fixture in good sanitary working condition free from defects, leaks, and other obstructions."
0Z36224657,Department of Housing and Community Affairs,Open,09/20/2019,09/17/2019,09/20/2019,500.00,,,26-9(b)(5),"Failure to maintain grounds: free of erosion or gullying; grass or weeds over 12 inches high; and/or shrubbery, trees, vines, hedges, and other vegetation, including dead trees and branches."
0Z36225133,Department of Housing and Community Affairs,Open,11/11/2019,10/30/2019,11/11/2019,500.00,,03/24/2020,26-7(e)(4),Failure to maintain water temperature between 120-140 degrees Fahrenheit.
0Z36225490,Department of Housing and Community Affairs,Open,11/15/2019,11/05/2019,11/15/2019,500.00,Stet Docket,02/18/2020,26-9(a)(4),Failure to maintain supplied facility in satisfactory working condition.
6Z36225321,Department of Housing and Community Affairs,Open,11/15/2019,11/05/2019,11/15/2019,500.00,Stet Docket,02/18/2020,26-9(a)(4),Failure to maintain supplied facility in satisfactory working condition.
6Z42105258,Animal Control and Humane Treatment,Open,11/25/2019,11/14/2019,11/25/2019,100.00,,03/10/2020,5-203-A-1,Prevent the animal other than an altered cat to be at large
4Z36224731,Department of Housing and Community Affairs,Open,09/30/2019,09/20/2019,09/30/2019,500.00,Continued,02/25/2020,26-9(b)(3),"Failure to maintain exterior surfaces free of flaking, peeling or loose paint and free of water seepage and against decay."
1Z42211513,Animal Control and Humane Treatment,Open,06/30/2019,05/31/2019,06/30/2019,100.00,Abatement Order entered,09/10/2019,5-203-A-1,Prevent the animal other than an altered cat to be at large
6Z36225524,Department of Housing and Community Affairs,Open,11/15/2019,11/05/2019,11/15/2019,500.00,Stet Docket,02/18/2020,26-9(a)(4),Failure to maintain supplied facility in satisfactory working condition.
0Z41767852,Animal Control and Humane Treatment,Open,03/04/2020,02/12/2020,03/04/2020,500.00,,,5-203-C,Prevent the animal from having unwanted contact with a person or another domesticated animal at all times.
3Z39912043,Department of Environmental Protection/Solid Waste,Open,03/02/2020,02/27/2020,03/02/2020,500.00,,,48-19-a-3,A person should not engage in the business of collecting or transporting solid waste in the County without first obtaining a permit (license) from the Director of the Solid Waste Division
2Z36226955,Department of Housing and Community Affairs,Open,03/03/2020,02/25/2020,03/03/2020,500.00,,,26-9(b)(3),"Failure to maintain exterior surfaces free of flaking, peeling or loose paint and free of water seepage and against decay."
2Z36225275,Department of Housing and Community Affairs,Open,11/15/2019,11/05/2019,11/15/2019,500.00,Stet Docket,02/18/2020,26-9(a)(4),Failure to maintain supplied facility in satisfactory working condition.
3Z36226340,Department of Housing and Community Affairs,Open,12/19/2019,12/06/2019,12/19/2019,500.00,,03/31/2020,26-9(a)(1),Failure to maintain item/structure in good repair.
3Z42123301,Animal Control and Humane Treatment,Open,01/14/2020,01/07/2020,01/14/2020,100.00,,03/10/2020,5-203-A-1,Prevent the animal other than an altered cat to be at large
4Z36226754,Department of Housing and Community Affairs,Open,02/07/2020,02/03/2020,02/07/2020,500.00,,,26-9(a)(4),Failure to maintain supplied facility in satisfactory working condition.
6Z36225230,Department of Housing and Community Affairs,Open,11/15/2019,11/05/2019,11/15/2019,500.00,Stet Docket,02/18/2020,26-9(a)(4),Failure to maintain supplied facility in satisfactory working condition.
5Z41767836,Animal Control and Humane Treatment,Open,03/02/2020,02/21/2020,03/02/2020,500.00,,,5-203-b-1,Preven the animal(s) from causing loud noises that are persistent enough to disturb another person's quiet enjoyment
4Z42299877,Health and Human Services,Open,02/18/2020,11/20/2019,02/18/2020,750.00,,,15-8-A,Cease the operation of a food service facility or an iterienant food service facility without a valid license from the Health & Human Services director
1Z36226996,Department of Housing and Community Affairs,Open,03/23/2020,03/03/2020,03/23/2020,500.00,,,26-9(a)(1),Failure to maintain item/structure in good repair.
6Z36225713,Department of Housing and Community Affairs,Open,12/05/2019,11/25/2019,12/05/2019,500.00,,03/31/2020,26-9(a)(2),"Failure to maintain door, window, and/or hatchway in sound working condition."
1Z36225540,Department of Housing and Community Affairs,Open,11/15/2019,11/05/2019,11/15/2019,500.00,Stet Docket,02/18/2020,26-9(a)(4),Failure to maintain supplied facility in satisfactory working condition.
5Z36225215,Department of Housing and Community Affairs,Open,11/15/2019,11/05/2019,11/15/2019,500.00,Stet Docket,02/18/2020,26-9(a)(4),Failure to maintain supplied facility in satisfactory working condition.
2Z36219199,Department of Housing and Community Affairs,Open,10/13/2017,10/09/2017,10/13/2017,500.00,Defendant found in contempt,03/31/2020,26-9(a)(1),Failure to maintain item/structure in good repair.
6Z36225020,Department of Housing and Community Affairs,Open,11/01/2019,10/21/2019,11/01/2019,500.00,,03/24/2020,26-9(a)(1),Failure to maintain item/structure in good repair.
6Z36227022,Department of Housing and Community Affairs,Open,03/24/2020,03/03/2020,03/24/2020,500.00,,,26-9(a)(8),"Accumulating garbage or rubbish outside of approved storage container, garage or building."
3Z36226718,Department of Housing and Community Affairs,Open,02/07/2020,01/31/2020,02/07/2020,500.00,,,26-9(a)(8),"Accumulating garbage or rubbish outside of approved storage container, garage or building."
0Z36224902,Department of Housing and Community Affairs,Open,10/11/2019,10/07/2019,10/11/2019,500.00,Abatement Order entered,02/25/2020,26-9(a)(2),"Failure to maintain door, window, and/or hatchway in sound working condition."
2Z36226073,Department of Housing and Community Affairs,Open,12/05/2019,12/02/2019,12/05/2019,500.00,,03/31/2020,26-9(a)(13),"Failure to remove, repair, and/or register unused vehicle"
3Z36227026,Department of Housing and Community Affairs,Open,03/23/2020,03/03/2020,03/23/2020,500.00,,,26-9(a)(2),"Failure to maintain door, window, and/or hatchway in sound working condition."
0Z36226295,Department of Housing and Community Affairs,Open,12/19/2019,12/06/2019,12/19/2019,500.00,,03/31/2020,26-9(a)(12),Failure to eliminate public nuisance.
2Z36225268,Department of Housing and Community Affairs,Open,11/15/2019,11/05/2019,11/15/2019,500.00,Stet Docket,02/18/2020,26-9(a)(4),Failure to maintain supplied facility in satisfactory working condition.
0Z42299754,Health and Human Services,Open,02/10/2020,02/05/2020,02/10/2020,500.00,,,15-8-A,Cease the operation of a food service facility or an iterienant food service facility without a valid license from the Health & Human Services director
3Z36225682,Department of Housing and Community Affairs,Open,12/05/2019,11/21/2019,12/05/2019,500.00,,03/31/2020,26-9(a)(2),"Failure to maintain door, window, and/or hatchway in sound working condition."
5Z36226258,Department of Housing and Community Affairs,Open,12/19/2019,12/06/2019,12/19/2019,500.00,,03/31/2020,26-9(a)(1),Failure to maintain item/structure in good repair.
2Z42105275,Animal Control and Humane Treatment,Open,01/28/2020,01/19/2020,01/28/2020,500.00,,,5-402-C,"An owner must vaccinate a cat, dog, or ferret older than 4 months of age against rabies and provide proof of the most recent vaccination to an animal control officer within 24 hours."
0Z36226806,Department of Housing and Community Affairs,Open,02/14/2020,02/10/2020,02/14/2020,500.00,,,26-9(a)(8),"Accumulating garbage or rubbish outside of approved storage container, garage or building."
3Z36225374,Department of Housing and Community Affairs,Open,11/15/2019,11/05/2019,11/15/2019,500.00,Stet Docket,02/18/2020,26-9(a)(4),Failure to maintain supplied facility in satisfactory working condition.
4Z39890666,Department of Environmental Protection/Solid Waste,Open,02/12/2020,01/17/2020,02/12/2020,150.00,,,48-03-c-3,failure to recycle the required materials (mixed paper in trash container; no recycling containers or recycling service)
0Z33973142,Washington Metro. and Transit Auth. Police,Open,02/18/2020,02/12/2020,02/18/2020,50.00,,,54-A-2-9,Cease entering or leaving a fare-paid area of a rail transport station without paying the fare or presenting a valid transfer
1Z36225330,Department of Housing and Community Affairs,Open,11/15/2019,11/05/2019,11/15/2019,500.00,Stet Docket,02/18/2020,26-9(a)(4),Failure to maintain supplied facility in satisfactory working condition.
5Z40851396,Washington Metro. and Transit Auth. Police,Open,02/25/2020,02/19/2020,02/25/2020,50.00,,,54-A-2-9,Cease entering or leaving a fare-paid area of a rail transport station without paying the fare or presenting a valid transfer
0Z36225378,Department of Housing and Community Affairs,Open,11/15/2019,11/05/2019,11/15/2019,500.00,Stet Docket,02/18/2020,26-9(a)(4),Failure to maintain supplied facility in satisfactory working condition.
6Z33973141,Washington Metro. and Transit Auth. Police,Open,02/12/2020,02/05/2020,02/12/2020,50.00,,,54-A-2-9,Cease entering or leaving a fare-paid area of a rail transport station without paying the fare or presenting a valid transfer
6Z42209243,Animal Control and Humane Treatment,Open,02/21/2020,02/16/2020,02/21/2020,100.00,,,5-203-A-1,Prevent the animal other than an altered cat to be at large
4Z42211565,Animal Control and Humane Treatment,Open,04/20/2019,03/29/2019,04/20/2019,500.00,Guilty,06/11/2019,5-402-C,"An owner must vaccinate a cat, dog, or ferret older than 4 months of age against rabies and provide proof of the most recent vaccination to an animal control officer within 24 hours."
2Z36219192,Department of Housing and Community Affairs,Open,10/13/2017,10/09/2017,10/13/2017,500.00,Defendant found in contempt,03/31/2020,26-9(b)(3),"Failure to maintain exterior surfaces free of flaking, peeling or loose paint and free of water seepage and against decay."
3Z36226368,Department of Housing and Community Affairs,Open,12/19/2019,12/06/2019,12/19/2019,500.00,,03/31/2020,26-9(a)(4),Failure to maintain supplied facility in satisfactory working condition.
3Z36225493,Department of Housing and Community Affairs,Open,11/15/2019,11/05/2019,11/15/2019,500.00,Stet Docket,02/18/2020,26-9(a)(4),Failure to maintain supplied facility in satisfactory working condition.
5Z36225047,Department of Housing and Community Affairs,Open,11/01/2019,10/24/2019,11/01/2019,500.00,,03/24/2020,26-9(a)(13),"Failure to remove, repair, and/or register unused vehicle"
0Z40854163,Washington Metro. and Transit Auth. Police,Open,02/12/2020,01/31/2020,02/12/2020,50.00,,,54-A-2-9,Cease entering or leaving a fare-paid area of a rail transport station without paying the fare or presenting a valid transfer
0Z36224839,Department of Housing and Community Affairs,Open,10/11/2019,10/02/2019,10/11/2019,500.00,Abatement Order entered,02/25/2020,26-9(a)(1),Failure to maintain item/structure in good repair.
3Z36225549,Department of Housing and Community Affairs,Open,11/15/2019,11/05/2019,11/15/2019,500.00,Stet Docket,02/18/2020,26-9(a)(4),Failure to maintain supplied facility in satisfactory working condition.
1Z36227080,Department of Housing and Community Affairs,Open,03/23/2020,03/10/2020,03/23/2020,500.00,,,26-9(a)(2),"Failure to maintain door, window, and/or hatchway in sound working condition."
1Z36226884,Department of Housing and Community Affairs,Open,01/21/2020,02/14/2020,01/21/2020,500.00,,,26-9(b)(3),"Failure to maintain exterior surfaces free of flaking, peeling or loose paint and free of water seepage and against decay."
0Z42207361,Animal Control and Humane Treatment,Open,03/02/2020,02/27/2020,03/02/2020,100.00,,,5-203-A-1,Prevent the animal other than an altered cat to be at large
4Z36225284,Department of Housing and Community Affairs,Open,11/15/2019,11/05/2019,11/15/2019,500.00,Stet Docket,02/18/2020,26-9(a)(4),Failure to maintain supplied facility in satisfactory working condition.
2Z36225121,Department of Housing and Community Affairs,Open,11/11/2019,10/30/2019,11/11/2019,500.00,,03/24/2020,26-8(a)(1),Failure to provide safe and unobstructed means of escape leading to safe and open space ground level.
6Z36224838,Department of Housing and Community Affairs,Open,10/11/2019,10/02/2019,10/11/2019,500.00,Abatement Order entered,02/25/2020,26-9(b)(3),"Failure to maintain exterior surfaces free of flaking, peeling or loose paint and free of water seepage and against decay."
6Z36227148,Department of Housing and Community Affairs,Open,03/24/2020,03/18/2020,03/24/2020,500.00,,,26-9(a)(2),"Failure to maintain door, window, and/or hatchway in sound working condition."
5Z36226370,Department of Housing and Community Affairs,Open,12/19/2019,12/06/2019,12/19/2019,500.00,,03/31/2020,26-9(a)(1),Failure to maintain item/structure in good repair.
5Z36225250,Department of Housing and Community Affairs,Open,11/15/2019,11/05/2019,11/15/2019,500.00,Stet Docket,02/18/2020,26-9(a)(4),Failure to maintain supplied facility in satisfactory working condition.
4Z42211705,Animal Control and Humane Treatment,Open,09/25/2019,09/16/2019,09/25/2019,100.00,Continued,03/10/2020,5-203-a-9,Obtain and provide proof that an animal is licensed in Montgomery County
6Z36225475,Department of Housing and Community Affairs,Open,11/15/2019,11/05/2019,11/15/2019,500.00,Stet Docket,02/18/2020,26-9(a)(4),Failure to maintain supplied facility in satisfactory working condition.
1Z36225344,Department of Housing and Community Affairs,Open,11/15/2019,11/05/2019,11/15/2019,500.00,Stet Docket,02/18/2020,26-9(a)(4),Failure to maintain supplied facility in satisfactory working condition.
3Z42123308,Animal Control and Humane Treatment,Open,02/12/2020,02/10/2020,02/12/2020,500.00,,,5-402-C,"An owner must vaccinate a cat, dog, or ferret older than 4 months of age against rabies and provide proof of the most recent vaccination to an animal control officer within 24 hours."
0Z42209244,Animal Control and Humane Treatment,Open,02/21/2020,02/19/2020,02/21/2020,100.00,,,5-203-a-9,Obtain and provide proof that an animal is licensed in Montgomery County
5Z36226825,Department of Housing and Community Affairs,Open,01/21/2020,02/11/2020,01/21/2020,500.00,,,26-8(f),Failure to provide required address for the dwelling unit.
5Z36227084,Department of Housing and Community Affairs,Open,03/23/2020,03/10/2020,03/23/2020,500.00,,,26-9(a)(2),"Failure to maintain door, window, and/or hatchway in sound working condition."
2Z36225422,Department of Housing and Community Affairs,Open,11/15/2019,11/05/2019,11/15/2019,500.00,Stet Docket,02/18/2020,26-9(a)(4),Failure to maintain supplied facility in satisfactory working condition.
2Z39889565,Department of Environmental Protection,Open,01/31/2020,01/02/2020,01/31/2020,500.00,,,31-B-5-b,Cease creating a noise disturbance by allowing amplified music to be played for several hours
3Z36219200,Department of Housing and Community Affairs,Open,10/13/2017,10/09/2017,10/13/2017,500.00,Defendant found in contempt,03/31/2020,26-9(a)(8),"Accumulating garbage or rubbish outside of approved storage container, garage or building."
1Z36226310,Department of Housing and Community Affairs,Open,12/19/2019,12/06/2019,12/19/2019,500.00,,03/31/2020,26-6(a),Failure to maintain electrical service in good safe working condition.
4Z41110843,Office of Consumer Protection,Open,03/04/2020,11/26/2019,03/04/2020,500.00,,,11-4-e,misrepresentation of a material fact that has a tendency to mislead
1Z42209168,Animal Control and Humane Treatment,Open,02/13/2020,01/31/2020,02/13/2020,150.00,,,5-203-A-1,Prevent the animal other than an altered cat to be at large
4Z36226992,Department of Housing and Community Affairs,Open,03/23/2020,03/03/2020,03/23/2020,500.00,,,26-9(a)(13),"Failure to remove, repair, and/or register unused vehicle"
3Z42126423,Animal Control and Humane Treatment,Open,11/01/2018,10/01/2018,11/01/2018,750.00,Abatement Order entered,02/12/2019,5-402-C,"An owner must vaccinate a cat, dog, or ferret older than 4 months of age against rabies and provide proof of the most recent vaccination to an animal control officer within 24 hours."
6Z36226833,Department of Housing and Community Affairs,Open,02/14/2020,02/11/2020,02/14/2020,500.00,,,26-9(a)(1),Failure to maintain item/structure in good repair.
6Z36225265,Department of Housing and Community Affairs,Open,11/15/2019,11/05/2019,11/15/2019,500.00,Stet Docket,02/18/2020,26-9(a)(4),Failure to maintain supplied facility in satisfactory working condition.
5Z36224872,Department of Housing and Community Affairs,Open,10/23/2019,10/03/2019,10/23/2019,500.00,Abatement Order entered,02/25/2020,26-9(b)(5),"Failure to maintain grounds: free of erosion or gullying; grass or weeds over 12 inches high; and/or shrubbery, trees, vines, hedges, and other vegetation, including dead trees and branches."
4Z36225578,Department of Housing and Community Affairs,Open,11/15/2019,11/05/2019,11/15/2019,500.00,Stet Docket,02/18/2020,26-9(a)(4),Failure to maintain supplied facility in satisfactory working condition.
2Z36225443,Department of Housing and Community Affairs,Open,11/15/2019,11/05/2019,11/15/2019,500.00,Stet Docket,02/18/2020,26-9(a)(4),Failure to maintain supplied facility in satisfactory working condition.
3Z36225640,Department of Housing and Community Affairs,Open,12/05/2019,11/19/2019,12/05/2019,500.00,,03/31/2020,26-9(b)(5),"Failure to maintain grounds: free of erosion or gullying; grass or weeds over 12 inches high; and/or shrubbery, trees, vines, hedges, and other vegetation, including dead trees and branches."
2Z42209022,Animal Control and Humane Treatment,Open,12/31/2019,12/29/2019,12/31/2019,500.00,,03/10/2020,5-201-a-10,"Abuse/neglect of pet animal by unnecessarily failing to provide nutrious food in a sufficient quantity, necessary vet care, proper drink, air space and shelter"
1Z36227066,Department of Housing and Community Affairs,Open,03/23/2020,03/10/2020,03/23/2020,500.00,,,26-9(a)(1),Failure to maintain item/structure in good repair.
2Z36225338,Department of Housing and Community Affairs,Open,11/15/2019,11/05/2019,11/15/2019,500.00,Stet Docket,02/18/2020,26-9(a)(4),Failure to maintain supplied facility in satisfactory working condition.
1Z36225183,Department of Housing and Community Affairs,Open,11/15/2019,11/05/2019,11/15/2019,500.00,,03/24/2020,26-8(c),Failure to provide fire rated door which self closes and latches.
6Z33972455,Washington Metro. and Transit Auth. Police,Open,03/27/2020,03/12/2020,03/27/2020,,,,AB-6-321-B,UNLAWFULLY AND KNOWINLY CONSUMINE ALCOHOL IN PUBLIC
2Z36225541,Department of Housing and Community Affairs,Open,11/15/2019,11/05/2019,11/15/2019,500.00,Stet Docket,02/18/2020,26-9(a)(4),Failure to maintain supplied facility in satisfactory working condition.
6Z36226721,Department of Housing and Community Affairs,Open,01/21/2020,01/31/2020,01/21/2020,500.00,,,26-9(a)(1),Failure to maintain item/structure in good repair.
2Z41782568,Board of License Commissioners,Open,02/18/2020,12/04/2019,02/18/2020,1000.00,,,24-11-B(1)(i),"Did or did offer to deliver, dispense, issue, give away or sell a tobacco product to a minor"
6Z41767830,Animal Control and Humane Treatment,Open,02/12/2020,02/01/2020,02/12/2020,500.00,,,5-201-a-10,"Abuse/neglect of pet animal by unnecessarily failing to provide nutrious food in a sufficient quantity, necessary vet care, proper drink, air space and shelter"
2Z36226640,Department of Housing and Community Affairs,Open,03/03/2020,01/14/2020,03/03/2020,500.00,,,26-9(a)(2),"Failure to maintain door, window, and/or hatchway in sound working condition."
0Z36225231,Department of Housing and Community Affairs,Open,11/15/2019,11/05/2019,11/15/2019,500.00,Stet Docket,02/18/2020,26-9(a)(4),Failure to maintain supplied facility in satisfactory working condition.
5Z36226888,Department of Housing and Community Affairs,Open,01/21/2020,02/14/2020,01/21/2020,500.00,,,26-9(b)(3),"Failure to maintain exterior surfaces free of flaking, peeling or loose paint and free of water seepage and against decay."
6Z36225132,Department of Housing and Community Affairs,Open,11/11/2019,10/30/2019,11/11/2019,500.00,,03/24/2020,26-9(a)(1),Failure to maintain item/structure in good repair.
5Z36227042,Department of Housing and Community Affairs,Open,03/23/2020,03/05/2020,03/23/2020,500.00,,,48-24(a),Failure to remove solid waste (abandoned/non-functional vehicle).
1Z36225211,Department of Housing and Community Affairs,Open,11/15/2019,11/05/2019,11/15/2019,500.00,Stet Docket,02/18/2020,26-9(a)(4),Failure to maintain supplied facility in satisfactory working condition.
4Z36226873,Department of Housing and Community Affairs,Open,01/21/2020,02/14/2020,01/21/2020,500.00,,,26-9(b)(5),"Failure to maintain grounds: free of erosion or gullying; grass or weeds over 12 inches high; and/or shrubbery, trees, vines, hedges, and other vegetation, including dead trees and branches."
5Z42126299,Animal Control and Humane Treatment,Open,12/31/2018,12/24/2018,12/31/2018,500.00,Default Judgment,04/09/2019,5-402-C,"An owner must vaccinate a cat, dog, or ferret older than 4 months of age against rabies and provide proof of the most recent vaccination to an animal control officer within 24 hours."
6Z36225328,Department of Housing and Community Affairs,Open,11/15/2019,11/05/2019,11/15/2019,500.00,Stet Docket,02/18/2020,26-9(a)(4),Failure to maintain supplied facility in satisfactory working condition.
5Z36225432,Department of Housing and Community Affairs,Open,11/15/2019,11/05/2019,11/15/2019,500.00,Stet Docket,02/18/2020,26-9(a)(4),Failure to maintain supplied facility in satisfactory working condition.
0Z36226323,Department of Housing and Community Affairs,Open,12/19/2019,12/06/2019,12/19/2019,500.00,,03/31/2020,26-9(a)(1),Failure to maintain item/structure in good repair.
4Z36225571,Department of Housing and Community Affairs,Open,11/15/2019,11/05/2019,11/15/2019,500.00,Stet Docket,02/18/2020,26-9(a)(4),Failure to maintain supplied facility in satisfactory working condition.
0Z36225154,Department of Housing and Community Affairs,Open,11/11/2019,10/31/2019,11/11/2019,500.00,,03/24/2020,26-9(a)(8),"Accumulating garbage or rubbish outside of approved storage container, garage or building."
4Z36226824,Department of Housing and Community Affairs,Open,01/21/2020,02/11/2020,01/21/2020,500.00,,,26-9(c)(3),"Failure to maintain wall, ceiling, floor, interior woodwork, door, and/or windows in sound condition and good repair free of flaking, peeling, or loose paint."
4Z41767828,Animal Control and Humane Treatment,Open,02/12/2020,02/01/2020,02/12/2020,500.00,,,5-402-C,Possessing unvaccinated dog
2Z36225457,Department of Housing and Community Affairs,Open,11/15/2019,11/05/2019,11/15/2019,500.00,Stet Docket,02/18/2020,26-9(a)(4),Failure to maintain supplied facility in satisfactory working condition.
5Z42211741,Animal Control and Humane Treatment,Open,12/12/2019,12/04/2019,12/12/2019,500.00,,03/10/2020,5-402-C,"An owner must vaccinate a cat, dog, or ferret older than 4 months of age against rabies and provide proof of the most recent vaccination to an animal control officer within 24 hours."
5Z41707741,Department of Permitting Services,Open,01/21/2020,01/29/2020,01/21/2020,500.00,,,26-9-a-13,"remove, repair and/or register the unused vehicle"
5Z36225684,Department of Housing and Community Affairs,Open,12/05/2019,11/21/2019,12/05/2019,500.00,,03/31/2020,26-9(a)(4),Failure to maintain supplied facility in satisfactory working condition.
4Z36226257,Department of Housing and Community Affairs,Open,12/19/2019,12/06/2019,12/19/2019,500.00,,03/31/2020,26-8(f),Failure to provide required address for the dwelling unit.
0Z36225364,Department of Housing and Community Affairs,Open,11/15/2019,11/05/2019,11/15/2019,500.00,Stet Docket,02/18/2020,26-9(a)(4),Failure to maintain supplied facility in satisfactory working condition.
2Z36226934,Department of Housing and Community Affairs,Open,03/03/2020,02/20/2020,03/03/2020,500.00,,,26-9(a)(13),"Failure to remove, repair, and/or register unused vehicle"
3Z36227138,Department of Housing and Community Affairs,Open,03/24/2020,03/18/2020,03/24/2020,500.00,,,26-9(b)(3),"Failure to maintain exterior surfaces free of flaking, peeling or loose paint and free of water seepage and against decay."
6Z36221611,Department of Housing and Community Affairs,Open,10/12/2018,10/03/2018,10/12/2018,500.00,Default Judgment,02/26/2019,26-9(a)(12),Failure to eliminate public nuisance.
6Z40616001,Washington Metro. and Transit Auth. Police,Open,03/19/2020,03/05/2020,03/19/2020,50.00,,,54-A-2-9,Cease entering or leaving a fare-paid area of a rail transport station without paying the fare or presenting a valid transfer
6Z36226259,Department of Housing and Community Affairs,Open,12/19/2019,12/06/2019,12/19/2019,500.00,,03/31/2020,26-6(a),Failure to maintain electrical service in good safe working condition.
6Z36226847,Department of Housing and Community Affairs,Open,03/03/2020,02/13/2020,03/03/2020,500.00,,,48-24(c),"Failure to store solid waste in a vermin-proof, water-tight container with a tight-fitting lid at all times."
2Z36226878,Department of Housing and Community Affairs,Open,01/21/2020,02/14/2020,01/21/2020,500.00,,,26-9(a)(2),"Failure to maintain door, window, and/or hatchway in sound working condition."
5Z36224928,Department of Housing and Community Affairs,Open,10/11/2019,10/09/2019,10/11/2019,500.00,Continued,02/25/2020,26-9(b)(3),"Failure to maintain exterior surfaces free of flaking, peeling or loose paint and free of water seepage and against decay."
6Z36225545,Department of Housing and Community Affairs,Open,11/15/2019,11/05/2019,11/15/2019,500.00,Stet Docket,02/18/2020,26-9(a)(4),Failure to maintain supplied facility in satisfactory working condition.
4Z36225501,Department of Housing and Community Affairs,Open,11/15/2019,11/05/2019,11/15/2019,500.00,Stet Docket,02/18/2020,26-9(a)(4),Failure to maintain supplied facility in satisfactory working condition.
4Z42209122,Animal Control and Humane Treatment,Open,10/28/2019,10/22/2019,10/28/2019,500.00,Default Judgment,02/11/2020,5-402-C,"An owner must vaccinate a cat, dog, or ferret older than 4 months of age against rabies and provide proof of the most recent vaccination to an animal control officer within 24 hours."
0Z36225665,Department of Housing and Community Affairs,Open,12/05/2019,11/21/2019,12/05/2019,500.00,,03/31/2020,26-9(b)(3),"Failure to maintain exterior surfaces free of flaking, peeling or loose paint and free of water seepage and against decay."
1Z36226744,Department of Housing and Community Affairs,Open,02/07/2020,02/03/2020,02/07/2020,500.00,,,26-9(a)(8),"Accumulating garbage or rubbish outside of approved storage container, garage or building."
5Z36226643,Department of Housing and Community Affairs,Open,03/03/2020,01/14/2020,03/03/2020,500.00,,,26-9(a)(2),"Failure to maintain door, window, and/or hatchway in sound working condition."
1Z36226905,Department of Housing and Community Affairs,Open,01/21/2020,02/14/2020,01/21/2020,500.00,,,26-9(c)(3),"Failure to maintain wall, ceiling, floor, interior woodwork, door, and/or windows in sound condition and good repair free of flaking, peeling, or loose paint."
6Z36225356,Department of Housing and Community Affairs,Open,11/15/2019,11/05/2019,11/15/2019,500.00,Stet Docket,02/18/2020,26-9(a)(4),Failure to maintain supplied facility in satisfactory working condition.
4Z36227027,Department of Housing and Community Affairs,Open,03/23/2020,03/03/2020,03/23/2020,500.00,,,26-9(a)(2),"Failure to maintain door, window, and/or hatchway in sound working condition."
3Z36226844,Department of Housing and Community Affairs,Open,01/21/2020,02/13/2020,01/21/2020,500.00,,,26-9(a)(1),Failure to maintain item/structure in good repair.
6Z36226294,Department of Housing and Community Affairs,Open,12/19/2019,12/06/2019,12/19/2019,500.00,,03/31/2020,26-9(c)(1),"Failure to maintain plumbing fixture in good sanitary working condition free from defects, leaks, and other obstructions."
5Z36226272,Department of Housing and Community Affairs,Open,12/19/2019,12/06/2019,12/19/2019,500.00,,03/31/2020,26-6(a),Failure to maintain electrical service in good safe working condition.
6Z36225090,Department of Housing and Community Affairs,Open,11/11/2019,10/30/2019,11/11/2019,500.00,,03/24/2020,26-9(a)(8),"Accumulating garbage or rubbish outside of approved storage container, garage or building."
5Z40952924,Department of Permitting Services,Open,02/25/2020,02/12/2020,02/25/2020,1000.00,,,19-16-a,"Refrain from engaging in any land disturbing activity and causing soil, earth, sand, gravel, rock, stone or other material to be deposited upon any public street or roadway."
3Z36226865,Department of Housing and Community Affairs,Open,03/23/2020,02/13/2020,03/23/2020,500.00,,,26-9(c)(1),"Failure to maintain plumbing fixture in good sanitary working condition free from defects, leaks, and other obstructions."
3Z40855244,Washington Metro. and Transit Auth. Police,Open,02/10/2020,01/22/2020,02/10/2020,50.00,,,54-A-2-9,Cease entering or leaving a fare-paid area of a rail transport station without paying the fare or presenting a valid transfer
6Z39889534,Department of Environmental Protection,Open,03/04/2020,02/25/2020,03/04/2020,500.00,,,48-11,Deposited solid waste upon the property of another without written consent
2Z36226941,Department of Housing and Community Affairs,Open,03/03/2020,02/20/2020,03/03/2020,500.00,,,26-9(a)(13),"Failure to remove, repair, and/or register unused vehicle"
3Z42211746,Animal Control and Humane Treatment,Open,02/10/2020,02/05/2020,02/10/2020,100.00,,,5-203-a-9,Obtain and provide proof that an animal is licensed in Montgomery County
5Z36226958,Department of Housing and Community Affairs,Open,03/03/2020,02/25/2020,03/03/2020,500.00,,,26-9(a)(2),"Failure to maintain door, window, and/or hatchway in sound working condition."
3Z36227131,Department of Housing and Community Affairs,Open,03/24/2020,03/18/2020,03/24/2020,500.00,,,26-9(a)(1),Failure to maintain item/structure in good repair.
2Z36226983,Department of Housing and Community Affairs,Open,03/03/2020,02/26/2020,03/03/2020,500.00,,,26-9(a)(2),"Failure to maintain door, window, and/or hatchway in sound working condition."
4Z36226285,Department of Housing and Community Affairs,Open,12/19/2019,12/06/2019,12/19/2019,500.00,,03/31/2020,26-9(a)(1),Failure to maintain item/structure in good repair.
1Z39896123,Animal Control and Humane Treatment,Open,04/27/2016,04/19/2016,04/27/2016,500.00,Abatement Order entered,07/12/2016,5-201-b-2,"Dogs which are transported on or in the back of trucks or other open-bed vehicles must either be cross-tethered or confined in a suitable cage made of wood, wire or plastic to prevent them from departing the vehicle while it is in motion."
4Z36225711,Department of Housing and Community Affairs,Open,12/05/2019,11/25/2019,12/05/2019,500.00,,03/31/2020,26-9(a)(8),"Accumulating garbage or rubbish outside of approved storage container, garage or building."
2Z41707507,Department of Permitting Services,Open,03/23/2020,03/09/2020,03/23/2020,500.00,,,8-24-a,Comply with the NOV requiring permits and inspections for large additions to the home
0Z36227023,Department of Housing and Community Affairs,Open,03/24/2020,03/03/2020,03/24/2020,500.00,,,26-9(a)(13),"Failure to remove, repair, and/or register unused vehicle"
1Z36225358,Department of Housing and Community Affairs,Open,11/15/2019,11/05/2019,11/15/2019,500.00,Stet Docket,02/18/2020,26-9(a)(4),Failure to maintain supplied facility in satisfactory working condition.
4Z41767835,Animal Control and Humane Treatment,Open,02/21/2020,02/20/2020,02/21/2020,100.00,,,5-203-A-1,Prevent the animal other than an altered cat to be at large
